query_smiles,query_inchikey,smiles,identifier,search_type,score,database
[H][C@@]12CC[C@H](O)[C@@]1(C)CC[C@@]1([H])[C@@]2([H])CCC2=C(O)C(=O)CC[C@]12C,BQOIJSIMMIDHMO-FBPKJDBXSA-N,C[C@]12CC[C@H]3[C@@H](CCC4=C(Cl)C(=O)CC[C@@]43C)[C@@H]1CC[C@@H]2O,ZINC15 : ZINC000004025021,consensus,0.7727272727272727,zinc15
[H][C@@]12CC[C@H](O)[C@@]1(C)CC[C@@]1([H])[C@@]2([H])CCC2=C(O)C(=O)CC[C@]12C,BQOIJSIMMIDHMO-FBPKJDBXSA-N,C[C@]12CC[C@@H]3[C@H](CCC4=C(Cl)C(=O)CC[C@@]43C)[C@H]1CC[C@@H]2O,ZINC15 : ZINC000252694405,consensus,0.7727272727272727,zinc15
[H][C@@]12CC[C@H](O)[C@@]1(C)CC[C@@]1([H])[C@@]2([H])CCC2=C(O)C(=O)CC[C@]12C,BQOIJSIMMIDHMO-FBPKJDBXSA-N,C[C@]12CC[C@@H]3[C@H](CCC4=C(Cl)C(=O)CC[C@@]43C)[C@@H]1CC[C@H]2O,ZINC15 : ZINC000036387475,consensus,0.7727272727272727,zinc15
[H][C@@]12CC[C@H](O)[C@@]1(C)CC[C@@]1([H])[C@@]2([H])CCC2=C(O)C(=O)CC[C@]12C,BQOIJSIMMIDHMO-FBPKJDBXSA-N,C[C@]12CC[C@H]3[C@@H](CCC4=C(Cl)C(=O)CC[C@@]43C)[C@@H]1CC[C@H]2O,ZINC15 : ZINC000118918349,consensus,0.7727272727272727,zinc15
[H][C@@]12CC[C@H](O)[C@@]1(C)CC[C@@]1([H])[C@@]2([H])CCC2=C(O)C(=O)CC[C@]12C,BQOIJSIMMIDHMO-FBPKJDBXSA-N,C[C@]12CC[C@@H]3[C@H](CCC4=C(Cl)C(=O)CC[C@@]43C)[C@H]1CC[C@H]2O,ZINC15 : ZINC000252694406,consensus,0.7727272727272727,zinc15
[H][C@@]12CC[C@H](O)[C@@]1(C)CC[C@@]1([H])[C@@]2([H])CCC2=C(O)C(=O)CC[C@]12C,BQOIJSIMMIDHMO-FBPKJDBXSA-N,C[C@]12CC[C@@H]3[C@H](CCC4=C(Cl)C(=O)CC[C@@]43C)[C@@H]1CC[C@@H]2O,ZINC15 : ZINC000004025017,consensus,0.7727272727272727,zinc15
[H][C@@]12CC[C@H](O)[C@@]1(C)CC[C@@]1([H])[C@@]2([H])CCC2=C(O)C(=O)CC[C@]12C,BQOIJSIMMIDHMO-FBPKJDBXSA-N,C[C@]12CC[C@@H]3[C@H](CCC4=CC(=O)CC[C@@]43C)[C@@H]1CC[C@@H]2O,ZINC15 : ZINC000003983870,consensus,0.6041666666666666,zinc15
[H][C@@]12CC[C@H](O)[C@@]1(C)CC[C@@]1([H])[C@@]2([H])CCC2=C(O)C(=O)CC[C@]12C,BQOIJSIMMIDHMO-FBPKJDBXSA-N,C[C@]12CC[C@@H]3[C@H](CCC4=CC(=O)CC[C@@]43C)[C@@H]1CC[C@H]2O,ZINC15 : ZINC000012494147,consensus,0.6041666666666666,zinc15
[H][C@@]12CC[C@H](O)[C@@]1(C)CC[C@@]1([H])[C@@]2([H])CCC2=C(O)C(=O)CC[C@]12C,BQOIJSIMMIDHMO-FBPKJDBXSA-N,C[C@@]12CC[C@H]3[C@@H](CCC4=CC(=O)CC[C@@]43C)[C@@H]1CC[C@H]2O,ZINC15 : ZINC000013507167,consensus,0.6041666666666666,zinc15
[H][C@@]12CC[C@H](O)[C@@]1(C)CC[C@@]1([H])[C@@]2([H])CCC2=C(O)C(=O)CC[C@]12C,BQOIJSIMMIDHMO-FBPKJDBXSA-N,C[C@]12CC[C@@H]3[C@H](CCC4=CC(=O)CC[C@@]43C)[C@H]1CC[C@@H]2O,ZINC15 : ZINC000238901810,consensus,0.6041666666666666,zinc15
[H][C@@]12CC[C@H](O)[C@@]1(C)CC[C@@]1([H])[C@@]2([H])CCC2=C(O)C(=O)CC[C@]12C,BQOIJSIMMIDHMO-FBPKJDBXSA-N,C[C@]12CC[C@H]3[C@@H](CCC4=CC(=O)CC[C@@]43C)[C@H]1CC[C@H]2O,ZINC15 : ZINC000012496215,consensus,0.6041666666666666,zinc15
[H][C@@]12CC[C@H](O)[C@@]1(C)CC[C@@]1([H])[C@@]2([H])CCC2=C(O)C(=O)CC[C@]12C,BQOIJSIMMIDHMO-FBPKJDBXSA-N,C[C@]12CC[C@H]3[C@@H](CCC4=CC(=O)CC[C@@]43C)[C@@H]1CC[C@H]2O,ZINC15 : ZINC000004538008,consensus,0.6041666666666666,zinc15
[H][C@@]12CC[C@H](O)[C@@]1(C)CC[C@@]1([H])[C@@]2([H])CCC2=C(O)C(=O)CC[C@]12C,BQOIJSIMMIDHMO-FBPKJDBXSA-N,C[C@]12CC[C@@H]3[C@@H](CCC4=CC(=O)CC[C@@]43C)[C@H]1CC[C@@H]2O,ZINC15 : ZINC000006482659,consensus,0.6041666666666666,zinc15
[H][C@@]12CC[C@H](O)[C@@]1(C)CC[C@@]1([H])[C@@]2([H])CCC2=C(O)C(=O)CC[C@]12C,BQOIJSIMMIDHMO-FBPKJDBXSA-N,C[C@@]12CC[C@@H]3[C@H](CCC4=CC(=O)CC[C@@]43C)[C@H]1CC[C@@H]2O,ZINC15 : ZINC000039949190,consensus,0.6041666666666666,zinc15
[H][C@@]12CC[C@H](O)[C@@]1(C)CC[C@@]1([H])[C@@]2([H])CCC2=C(O)C(=O)CC[C@]12C,BQOIJSIMMIDHMO-FBPKJDBXSA-N,C[C@@]12CC[C@@H]3[C@H](CCC4=CC(=O)CC[C@@]43C)[C@H]1CC[C@H]2O,ZINC15 : ZINC000008602992,consensus,0.6041666666666666,zinc15
[H][C@@]12CC[C@H](O)[C@@]1(C)CC[C@@]1([H])[C@@]2([H])CCC2=C(O)C(=O)CC[C@]12C,BQOIJSIMMIDHMO-FBPKJDBXSA-N,C[C@@]12CC[C@H]3[C@@H](CCC4=CC(=O)CC[C@@]43C)[C@H]1CC[C@H]2O,ZINC15 : ZINC000253497886,consensus,0.6041666666666666,zinc15
[H][C@@]12CC[C@H](O)[C@@]1(C)CC[C@@]1([H])[C@@]2([H])CCC2=C(O)C(=O)CC[C@]12C,BQOIJSIMMIDHMO-FBPKJDBXSA-N,C[C@]12CC[C@@H]3[C@@H](CCC4=CC(=O)CC[C@@]43C)[C@@H]1CC[C@@H]2O,ZINC15 : ZINC000003983872,consensus,0.6041666666666666,zinc15
[H][C@@]12CC[C@H](O)[C@@]1(C)CC[C@@]1([H])[C@@]2([H])CCC2=C(O)C(=O)CC[C@]12C,BQOIJSIMMIDHMO-FBPKJDBXSA-N,C[C@]12CC[C@@H]3[C@H](CCC4=CC(=O)CC[C@@]43C)[C@H]1CC[C@H]2O,ZINC15 : ZINC000238901809,consensus,0.6041666666666666,zinc15
[H][C@@]12CC[C@H](O)[C@@]1(C)CC[C@@]1([H])[C@@]2([H])CCC2=C(O)C(=O)CC[C@]12C,BQOIJSIMMIDHMO-FBPKJDBXSA-N,C[C@]12CC[C@H]3[C@@H](CCC4=CC(=O)CC[C@@]43C)[C@H]1CC[C@@H]2O,ZINC15 : ZINC000006482817,consensus,0.6041666666666666,zinc15
[H][C@@]12CC[C@H](O)[C@@]1(C)CC[C@@]1([H])[C@@]2([H])CCC2=C(O)C(=O)CC[C@]12C,BQOIJSIMMIDHMO-FBPKJDBXSA-N,C[C@]12CC[C@H]3[C@@H](CCC4=CC(=O)CC[C@@]43C)[C@@H]1CC[C@@H]2O,ZINC15 : ZINC000118912393,consensus,0.6041666666666666,zinc15
[H][C@@]12CC[C@H](O)[C@@]1(C)CC[C@@]1([H])[C@@]2([H])CCC2=C(O)C(=O)CC[C@]12C,BQOIJSIMMIDHMO-FBPKJDBXSA-N,C[C@]12CC[C@H]3[C@@H](CCC4C(=O)C(=O)CC[C@@]43C)[C@@H]1CC[C@@H]2O,ZINC15 : ZINC000031460450,consensus,0.574468085106383,zinc15
[H][C@@]12CC[C@H](O)[C@@]1(C)CC[C@@]1([H])[C@@]2([H])CCC2=C(O)C(=O)CC[C@]12C,BQOIJSIMMIDHMO-FBPKJDBXSA-N,C[C@@]12CC[C@@H]3[C@H](CCC4C(=O)C(=O)CC[C@]43C)[C@H]1CC[C@H]2O,ZINC15 : ZINC000584577495,consensus,0.574468085106383,zinc15
[H][C@@]12CC[C@H](O)[C@@]1(C)CC[C@@]1([H])[C@@]2([H])CCC2=C(O)C(=O)CC[C@]12C,BQOIJSIMMIDHMO-FBPKJDBXSA-N,C[C@]12CC[C@H]3[C@@H](CC(=O)C4=CC(=O)CC[C@@]43C)[C@@H]1CC[C@@H]2O,ZINC15 : ZINC000014904330,consensus,0.56,zinc15
[H][C@@]12CC[C@H](O)[C@@]1(C)CC[C@@]1([H])[C@@]2([H])CCC2=C(O)C(=O)CC[C@]12C,BQOIJSIMMIDHMO-FBPKJDBXSA-N,C[C@]12CC[C@H]3[C@@H](CCC4=CC(=O)[C@@H](O)C[C@@]43C)[C@@H]1CC[C@@H]2O,ZINC15 : ZINC000025723415,consensus,0.5490196078431373,zinc15
[H][C@@]12CC[C@H](O)[C@@]1(C)CC[C@@]1([H])[C@@]2([H])CCC2=C(O)C(=O)CC[C@]12C,BQOIJSIMMIDHMO-FBPKJDBXSA-N,C[C@]12CC[C@H]3[C@@H](CCC4=CC(=O)[C@H](O)C[C@@]43C)[C@@H]1CC[C@@H]2O,ZINC15 : ZINC000118914294,consensus,0.5490196078431373,zinc15
[H][C@@]12CC[C@H](O)[C@@]1(C)CC[C@@]1([H])[C@@]2([H])CCC2=C(O)C(=O)CC[C@]12C,BQOIJSIMMIDHMO-FBPKJDBXSA-N,C[C@]12CC[C@H]3[C@@H](CCC4=C[C@@H](O)CC[C@@]43C)[C@@H]1CC[C@H]2O,ZINC15 : ZINC000034051555,consensus,0.5416666666666666,zinc15
[H][C@@]12CC[C@H](O)[C@@]1(C)CC[C@@]1([H])[C@@]2([H])CCC2=C(O)C(=O)CC[C@]12C,BQOIJSIMMIDHMO-FBPKJDBXSA-N,C[C@]12CC[C@H]3[C@@H](CCC4=C[C@H](O)CC[C@@]43C)[C@@H]1CC[C@H]2O,ZINC15 : ZINC000034051554,consensus,0.5416666666666666,zinc15
[H][C@@]12CC[C@H](O)[C@@]1(C)CC[C@@]1([H])[C@@]2([H])CCC2=C(O)C(=O)CC[C@]12C,BQOIJSIMMIDHMO-FBPKJDBXSA-N,C[C@@]12CC[C@@H]3[C@H](CCC4=C[C@H](O)CC[C@]43C)[C@H]1CC[C@@H]2O,ZINC15 : ZINC000584577911,consensus,0.5416666666666666,zinc15
[H][C@@]12CC[C@H](O)[C@@]1(C)CC[C@@]1([H])[C@@]2([H])CCC2=C(O)C(=O)CC[C@]12C,BQOIJSIMMIDHMO-FBPKJDBXSA-N,C[C@]12CC[C@@H]3[C@H](CCC4=C[C@@H](O)CC[C@@]43C)[C@H]1CC[C@@H]2O,ZINC15 : ZINC000252438205,consensus,0.5416666666666666,zinc15
[H][C@@]12CC[C@H](O)[C@@]1(C)CC[C@@]1([H])[C@@]2([H])CCC2=C(O)C(=O)CC[C@]12C,BQOIJSIMMIDHMO-FBPKJDBXSA-N,C[C@@]12CC[C@@H]3[C@H](CCC4=C[C@@H](O)CC[C@@]43C)[C@H]1CC[C@@H]2O,ZINC15 : ZINC000253497551,consensus,0.5416666666666666,zinc15
[H][C@@]12CC[C@H](O)[C@@]1(C)CC[C@@]1([H])[C@@]2([H])CCC2=C(O)C(=O)CC[C@]12C,BQOIJSIMMIDHMO-FBPKJDBXSA-N,C[C@]12CC[C@H]3[C@@H](CCC4=C[C@H](O)CC[C@@]43C)[C@@H]1CC[C@@H]2O,ZINC15 : ZINC000004655064,consensus,0.5416666666666666,zinc15
[H][C@@]12CC[C@H](O)[C@@]1(C)CC[C@@]1([H])[C@@]2([H])CCC2=C(O)C(=O)CC[C@]12C,BQOIJSIMMIDHMO-FBPKJDBXSA-N,C[C@]12CC[C@H]3[C@H](CCC4=C[C@H](O)CC[C@@]43C)[C@@H]1CC[C@H]2O,ZINC15 : ZINC000038337178,consensus,0.5416666666666666,zinc15
[H][C@@]12CC[C@H](O)[C@@]1(C)CC[C@@]1([H])[C@@]2([H])CCC2=C(O)C(=O)CC[C@]12C,BQOIJSIMMIDHMO-FBPKJDBXSA-N,C[C@]12CC[C@H]3[C@@H](CCC4=C[C@@H](O)CC[C@@]43C)[C@@H]1CC[C@@H]2O,ZINC15 : ZINC000003814413,consensus,0.5416666666666666,zinc15
[H][C@@]12CC[C@H](O)[C@@]1(C)CC[C@@]1([H])[C@@]2([H])CCC2=C(O)C(=O)CC[C@]12C,BQOIJSIMMIDHMO-FBPKJDBXSA-N,C[C@@]12CC[C@@H]3[C@H](CCC4=C[C@@H](O)CC[C@@]43C)[C@H]1CC[C@H]2O,ZINC15 : ZINC000253497550,consensus,0.5416666666666666,zinc15
[H][C@@]12CC[C@H](O)[C@@]1(C)CC[C@@]1([H])[C@@]2([H])CCC2=C(O)C(=O)CC[C@]12C,BQOIJSIMMIDHMO-FBPKJDBXSA-N,C[C@]12CC[C@@H]3[C@H](CCC4=C[C@@H](O)CC[C@@]43C)[C@H]1CC[C@H]2O,ZINC15 : ZINC000252438204,consensus,0.5416666666666666,zinc15
[H][C@@]12CC[C@H](O)[C@@]1(C)CC[C@@]1([H])[C@@]2([H])CCC2=C(O)C(=O)CC[C@]12C,BQOIJSIMMIDHMO-FBPKJDBXSA-N,C[C@]12CC[C@H]3[C@H](CCC4=C[C@@H](O)CC[C@@]43C)[C@@H]1CC[C@@H]2O,ZINC15 : ZINC000021984608,consensus,0.5416666666666666,zinc15
[H][C@@]12CC[C@H](O)[C@@]1(C)CC[C@@]1([H])[C@@]2([H])CCC2=C(O)C(=O)CC[C@]12C,BQOIJSIMMIDHMO-FBPKJDBXSA-N,C[C@@]12CC[C@@H]3[C@H](CCC4=C[C@@H](O)CC[C@]43C)[C@H]1CC[C@@H]2O,ZINC15 : ZINC000584577910,consensus,0.5416666666666666,zinc15
[H][C@@]12CC[C@H](O)[C@@]1(C)CC[C@@]1([H])[C@@]2([H])CCC2=C(O)C(=O)CC[C@]12C,BQOIJSIMMIDHMO-FBPKJDBXSA-N,C[C@]12CC[C@H]3[C@H](CCC4=C[C@H](O)CC[C@@]43C)[C@@H]1CC[C@@H]2O,ZINC15 : ZINC000021984609,consensus,0.5416666666666666,zinc15
[H][C@@]12CC[C@H](O)[C@@]1(C)CC[C@@]1([H])[C@@]2([H])CCC2=C(O)C(=O)CC[C@]12C,BQOIJSIMMIDHMO-FBPKJDBXSA-N,C[C@@]12CC[C@@H]3[C@H](CCC4=C[C@@H](O)CC[C@]43C)[C@H]1CC[C@H]2O,ZINC15 : ZINC000584577909,consensus,0.5416666666666666,zinc15
[H][C@@]12CC[C@H](O)[C@@]1(C)CC[C@@]1([H])[C@@]2([H])CCC2=C(O)C(=O)CC[C@]12C,BQOIJSIMMIDHMO-FBPKJDBXSA-N,C[C@]12CC[C@H]3[C@H](CCC4=C[C@@H](O)CC[C@@]43C)[C@@H]1CC[C@H]2O,ZINC15 : ZINC000263635670,consensus,0.5416666666666666,zinc15
[H][C@@]12CC[C@H](O)[C@@]1(C)CC[C@@]1([H])[C@@]2([H])CCC2=C(O)C(=O)CC[C@]12C,BQOIJSIMMIDHMO-FBPKJDBXSA-N,C[C@@]12CC[C@@H]3[C@H](CCC4=C[C@H](O)CC[C@]43C)[C@H]1CC[C@H]2O,ZINC15 : ZINC000008581013,consensus,0.5416666666666666,zinc15
[H][C@@]12CC[C@H](O)[C@@]1(C)CC[C@@]1([H])[C@@]2([H])CCC2=C(O)C(=O)CC[C@]12C,BQOIJSIMMIDHMO-FBPKJDBXSA-N,C[C@@]12CCC(=O)C=C1C[C@H]1[C@H]2CC[C@]2(C)[C@@H](O)CC[C@@H]12,ZINC15 : ZINC000006933005,consensus,0.54,zinc15
[H][C@@]12CC[C@H](O)[C@@]1(C)CC[C@@]1([H])[C@@]2([H])CCC2=C(O)C(=O)CC[C@]12C,BQOIJSIMMIDHMO-FBPKJDBXSA-N,C[C@@]12CC[C@@H]3[C@H](CC4=CC(=O)CC[C@]43C)[C@@H]1CC[C@@H]2O,ZINC15 : ZINC000006931276,consensus,0.54,zinc15
[H][C@@]12CC[C@H](O)[C@@]1(C)CC[C@@]1([H])[C@@]2([H])CCC2=C(O)C(=O)CC[C@]12C,BQOIJSIMMIDHMO-FBPKJDBXSA-N,C[C@@]12CC[C@H]3[C@H](CC4=CC(=O)CC[C@]43C)[C@@H]1CC[C@@H]2O,ZINC15 : ZINC000006931339,consensus,0.54,zinc15
[H][C@@]12CC[C@H](O)[C@@]1(C)CC[C@@]1([H])[C@@]2([H])CCC2=C(O)C(=O)CC[C@]12C,BQOIJSIMMIDHMO-FBPKJDBXSA-N,C[C@@]12CCC(=O)C=C1C[C@@H]1[C@@H]3CC[C@H](O)[C@@]3(C)CC[C@@H]12,ZINC15 : ZINC000006933045,consensus,0.54,zinc15
[H][C@@]12CC[C@H](O)[C@@]1(C)CC[C@@]1([H])[C@@]2([H])CCC2=C(O)C(=O)CC[C@]12C,BQOIJSIMMIDHMO-FBPKJDBXSA-N,C[C@]12CC[C@H]3[C@@H](CCC4=CC(=O)[C@H](F)C[C@@]43C)[C@H]1CC[C@H]2O,ZINC15 : ZINC000090647881,consensus,0.5283018867924528,zinc15
[H][C@@]12CC[C@H](O)[C@@]1(C)CC[C@@]1([H])[C@@]2([H])CCC2=C(O)C(=O)CC[C@]12C,BQOIJSIMMIDHMO-FBPKJDBXSA-N,C[C@]12CC[C@H]3[C@H](CCC4=CC(=O)NCC[C@]43C)[C@@H]1CC[C@@H]2O,ZINC15 : ZINC000004983567,consensus,0.5283018867924528,zinc15
[H][C@@]12CC[C@H](O)[C@@]1(C)CC[C@@]1([H])[C@@]2([H])CCC2=C(O)C(=O)CC[C@]12C,BQOIJSIMMIDHMO-FBPKJDBXSA-N,C[C@]12CC[C@@H]3[C@H](CCC4=CC(=O)NCC[C@]43C)[C@@H]1CC[C@@H]2O,ZINC15 : ZINC000004983565,consensus,0.5283018867924528,zinc15
[H][C@@]12CC[C@H](O)[C@@]1(C)CC[C@@]1([H])[C@@]2([H])CCC2=C(O)C(=O)CC[C@]12C,BQOIJSIMMIDHMO-FBPKJDBXSA-N,C[C@@]12CC[C@H]3[C@H](CCC4=CC(=O)NCC[C@]43C)[C@@H]1CC[C@@H]2O,ZINC15 : ZINC000004983566,consensus,0.5283018867924528,zinc15
[H][C@@]12CC[C@H](O)[C@@]1(C)CC[C@@]1([H])[C@@]2([H])CCC2=C(O)C(=O)CC[C@]12C,BQOIJSIMMIDHMO-FBPKJDBXSA-N,C[C@]12CC[C@H]3[C@@H](CCC4=CC(=O)[C@H](F)C[C@@]43C)[C@H]1CC[C@@H]2O,ZINC15 : ZINC000090647880,consensus,0.5283018867924528,zinc15
[H][C@@]12CC[C@H](O)[C@@]1(C)CC[C@@]1([H])[C@@]2([H])CCC2=C(O)C(=O)CC[C@]12C,BQOIJSIMMIDHMO-FBPKJDBXSA-N,C[C@]12CC[C@H]3[C@@H](CCC4=CC(=O)[C@@H](F)C[C@@]43C)[C@@H]1CC[C@@H]2O,ZINC15 : ZINC000118912862,consensus,0.5283018867924528,zinc15
[H][C@@]12CC[C@H](O)[C@@]1(C)CC[C@@]1([H])[C@@]2([H])CCC2=C(O)C(=O)CC[C@]12C,BQOIJSIMMIDHMO-FBPKJDBXSA-N,C[C@]12CC[C@H]3[C@@H](CCC4=CC(=O)[C@@H](F)C[C@@]43C)[C@@H]1CC[C@H]2O,ZINC15 : ZINC000118912863,consensus,0.5283018867924528,zinc15
[H][C@@]12CC[C@H](O)[C@@]1(C)CC[C@@]1([H])[C@@]2([H])CCC2=C(O)C(=O)CC[C@]12C,BQOIJSIMMIDHMO-FBPKJDBXSA-N,C[C@]12CC[C@H]3[C@@H](CCC4=CC(=O)[C@H](F)C[C@@]43C)[C@@H]1CC[C@@H]2O,ZINC15 : ZINC000030729145,consensus,0.5283018867924528,zinc15
[H][C@@]12CC[C@H](O)[C@@]1(C)CC[C@@]1([H])[C@@]2([H])CCC2=C(O)C(=O)CC[C@]12C,BQOIJSIMMIDHMO-FBPKJDBXSA-N,C[C@@]12CC[C@@H]3[C@H](CCC4=CC(=O)NCC[C@]43C)[C@@H]1CC[C@@H]2O,ZINC15 : ZINC000004983563,consensus,0.5283018867924528,zinc15
[H][C@@]12CC[C@H](O)[C@@]1(C)CC[C@@]1([H])[C@@]2([H])CCC2=C(O)C(=O)CC[C@]12C,BQOIJSIMMIDHMO-FBPKJDBXSA-N,C[C@]12CC[C@H]3[C@@H](CCC4=CC(=O)[C@H](F)C[C@@]43C)[C@@H]1CC[C@H]2O,ZINC15 : ZINC000118912861,consensus,0.5283018867924528,zinc15
[H][C@@]12CC[C@H](O)[C@@]1(C)CC[C@@]1([H])[C@@]2([H])CCC2=C(O)C(=O)CC[C@]12C,BQOIJSIMMIDHMO-FBPKJDBXSA-N,C[C@]12CC[C@H]3[C@@H](C[C@H](O)C4=CC(=O)CC[C@@]43C)[C@@H]1CC[C@H]2O,ZINC15 : ZINC000118916966,consensus,0.5192307692307693,zinc15
[H][C@@]12CC[C@H](O)[C@@]1(C)CC[C@@]1([H])[C@@]2([H])CCC2=C(O)C(=O)CC[C@]12C,BQOIJSIMMIDHMO-FBPKJDBXSA-N,C[C@]12CC[C@H]3[C@@H](C[C@@H](O)C4=CC(=O)CC[C@@]43C)[C@@H]1CC[C@@H]2O,ZINC15 : ZINC000005764534,consensus,0.5192307692307693,zinc15
[H][C@@]12CC[C@H](O)[C@@]1(C)CC[C@@]1([H])[C@@]2([H])CCC2=C(O)C(=O)CC[C@]12C,BQOIJSIMMIDHMO-FBPKJDBXSA-N,C[C@]12CC[C@H]3[C@@H](C[C@@H](O)C4=CC(=O)CC[C@@]43C)[C@@H]1CC[C@H]2O,ZINC15 : ZINC000118916967,consensus,0.5192307692307693,zinc15
[H][C@@]12CC[C@H](O)[C@@]1(C)CC[C@@]1([H])[C@@]2([H])CCC2=C(O)C(=O)CC[C@]12C,BQOIJSIMMIDHMO-FBPKJDBXSA-N,C[C@]12CC[C@H]3[C@@H](CC=C4C(C)(C)C(=O)CC[C@@]43C)[C@@H]1CC[C@H]2O,ZINC15 : ZINC000001724514,consensus,0.5192307692307693,zinc15
[H][C@@]12CC[C@H](O)[C@@]1(C)CC[C@@]1([H])[C@@]2([H])CCC2=C(O)C(=O)CC[C@]12C,BQOIJSIMMIDHMO-FBPKJDBXSA-N,C[C@]12CC[C@H]3[C@@H](CC=C4C(C)(C)C(=O)CC[C@@]43C)[C@@H]1CC[C@@H]2O,ZINC15 : ZINC000004428454,consensus,0.5192307692307693,zinc15
[H][C@@]12CC[C@H](O)[C@@]1(C)CC[C@@]1([H])[C@@]2([H])CCC2=C(O)C(=O)CC[C@]12C,BQOIJSIMMIDHMO-FBPKJDBXSA-N,C[C@]12CC[C@H]3[C@@H](C[C@H](O)C4=CC(=O)CC[C@@]43C)[C@@H]1CC[C@@H]2O,ZINC15 : ZINC000022061249,consensus,0.5192307692307693,zinc15
[H][C@@]12CC[C@H](O)[C@@]1(C)CC[C@@]1([H])[C@@]2([H])CCC2=C(O)C(=O)CC[C@]12C,BQOIJSIMMIDHMO-FBPKJDBXSA-N,C[C@@]12CCC(=O)C=C1CC[C@H]1[C@@H]2CC[C@]2(C)[C@@H](O)CCC[C@@H]12,ZINC15 : ZINC000004727216,consensus,0.5192307692307693,zinc15
[H][C@@]12CC[C@H](O)[C@@]1(C)CC[C@@]1([H])[C@@]2([H])CCC2=C(O)C(=O)CC[C@]12C,BQOIJSIMMIDHMO-FBPKJDBXSA-N,C[C@]12CC[C@H]3[C@@H](CC=C4CC(=O)CC[C@@]43C)[C@@H]1CC[C@@H]2O,ZINC15 : ZINC000006500184,consensus,0.5192307692307693,zinc15
[H][C@@]12CC[C@H](O)[C@@]1(C)CC[C@@]1([H])[C@@]2([H])CCC2=C(O)C(=O)CC[C@]12C,BQOIJSIMMIDHMO-FBPKJDBXSA-N,C[C@@]12CC[C@@H]3[C@H](CCC4=CC(=O)CC[C@]43C)[C@@H]1CCC[C@@H]2O,ZINC15 : ZINC000004727213,consensus,0.5192307692307693,zinc15
[H][C@@]12CC[C@H](O)[C@@]1(C)CC[C@@]1([H])[C@@]2([H])CCC2=C(O)C(=O)CC[C@]12C,BQOIJSIMMIDHMO-FBPKJDBXSA-N,C[C@@]12CC[C@H]3[C@H](CCC4=CC(=O)CC[C@]43C)[C@@H]1CCC[C@@H]2O,ZINC15 : ZINC000004727215,consensus,0.5192307692307693,zinc15
[H][C@@]12CC[C@H](O)[C@@]1(C)CC[C@@]1([H])[C@@]2([H])CCC2=C(O)C(=O)CC[C@]12C,BQOIJSIMMIDHMO-FBPKJDBXSA-N,C[C@@]12CCC(=O)C=C1CC[C@H]1[C@H]2CC[C@]2(C)[C@@H](O)CCC[C@@H]12,ZINC15 : ZINC000004727214,consensus,0.5192307692307693,zinc15
[H][C@@]12CC[C@H](O)[C@@]1(C)CC[C@@]1([H])[C@@]2([H])CCC2=C(O)C(=O)CC[C@]12C,BQOIJSIMMIDHMO-FBPKJDBXSA-N,C[C@]12CC[C@H]3[C@@H](CC[C@H]4CC(=O)CC[C@@]43C)[C@H]1CC[C@H]2O,ZINC15 : ZINC000013399588,consensus,0.5102040816326531,zinc15
[H][C@@]12CC[C@H](O)[C@@]1(C)CC[C@@]1([H])[C@@]2([H])CCC2=C(O)C(=O)CC[C@]12C,BQOIJSIMMIDHMO-FBPKJDBXSA-N,C[C@]12CC[C@@H]3[C@H](CC[C@H]4CCC(=O)C[C@]34C)[C@@H]1CC[C@H]2O,ZINC15 : ZINC000257345595,consensus,0.5102040816326531,zinc15
[H][C@@]12CC[C@H](O)[C@@]1(C)CC[C@@]1([H])[C@@]2([H])CCC2=C(O)C(=O)CC[C@]12C,BQOIJSIMMIDHMO-FBPKJDBXSA-N,C[C@]12CC[C@@H]3[C@H](CC[C@H]4CCC(=O)C[C@]34C)[C@H]1CC[C@@H]2O,ZINC15 : ZINC000254708344,consensus,0.5102040816326531,zinc15
[H][C@@]12CC[C@H](O)[C@@]1(C)CC[C@@]1([H])[C@@]2([H])CCC2=C(O)C(=O)CC[C@]12C,BQOIJSIMMIDHMO-FBPKJDBXSA-N,C[C@]12CC[C@H]3[C@@H](CC[C@H]4CC(=O)CC[C@@]43C)[C@@H]1CC[C@@H]2O,ZINC15 : ZINC000003814360,consensus,0.5102040816326531,zinc15
[H][C@@]12CC[C@H](O)[C@@]1(C)CC[C@@]1([H])[C@@]2([H])CCC2=C(O)C(=O)CC[C@]12C,BQOIJSIMMIDHMO-FBPKJDBXSA-N,C[C@]12CC[C@H]3[C@@H](CC[C@@H]4CC(=O)CC[C@@]43C)[C@@H]1CC[C@H]2O,ZINC15 : ZINC000013548350,consensus,0.5102040816326531,zinc15
[H][C@@]12CC[C@H](O)[C@@]1(C)CC[C@@]1([H])[C@@]2([H])CCC2=C(O)C(=O)CC[C@]12C,BQOIJSIMMIDHMO-FBPKJDBXSA-N,C[C@]12CC[C@H]3[C@@H](CC[C@@H]4CC(=O)CC[C@@]43C)[C@@H]1CC[C@@H]2O,ZINC15 : ZINC000003814418,consensus,0.5102040816326531,zinc15
[H][C@@]12CC[C@H](O)[C@@]1(C)CC[C@@]1([H])[C@@]2([H])CCC2=C(O)C(=O)CC[C@]12C,BQOIJSIMMIDHMO-FBPKJDBXSA-N,C[C@]12CC[C@@H]3[C@H](CC[C@H]4CCC(=O)C[C@]34C)[C@@H]1CC[C@@H]2O,ZINC15 : ZINC000005276674,consensus,0.5102040816326531,zinc15
[H][C@@]12CC[C@H](O)[C@@]1(C)CC[C@@]1([H])[C@@]2([H])CCC2=C(O)C(=O)CC[C@]12C,BQOIJSIMMIDHMO-FBPKJDBXSA-N,C[C@]12CC[C@H]3[C@@H](CC[C@H]4CC(=O)CC[C@@]43C)[C@H]1CC[C@@H]2O,ZINC15 : ZINC000005529897,consensus,0.5102040816326531,zinc15
[H][C@@]12CC[C@H](O)[C@@]1(C)CC[C@@]1([H])[C@@]2([H])CCC2=C(O)C(=O)CC[C@]12C,BQOIJSIMMIDHMO-FBPKJDBXSA-N,C[C@@]12CC[C@H]3[C@@H](CC[C@H]4CC(=O)CC[C@@]43C)[C@@H]1CC[C@H]2O,ZINC15 : ZINC000253617462,consensus,0.5102040816326531,zinc15
[H][C@@]12CC[C@H](O)[C@@]1(C)CC[C@@]1([H])[C@@]2([H])CCC2=C(O)C(=O)CC[C@]12C,BQOIJSIMMIDHMO-FBPKJDBXSA-N,C[C@]12CC[C@H]3[C@@H](CC[C@H]4CC(=O)CC[C@@]43C)[C@@H]1CC[C@H]2O,ZINC15 : ZINC000006472573,consensus,0.5102040816326531,zinc15
[H][C@@]12CC[C@H](O)[C@@]1(C)CC[C@@]1([H])[C@@]2([H])CCC2=C(O)C(=O)CC[C@]12C,BQOIJSIMMIDHMO-FBPKJDBXSA-N,C[C@@]12CC[C@H]3[C@@H](CC[C@H]4CC(=O)CC[C@@]43C)[C@H]1CC[C@H]2O,ZINC15 : ZINC000003843727,consensus,0.5102040816326531,zinc15
[H][C@@]12CC[C@H](O)[C@@]1(C)CC[C@@]1([H])[C@@]2([H])CCC2=C(O)C(=O)CC[C@]12C,BQOIJSIMMIDHMO-FBPKJDBXSA-N,C[C@]12CC[C@@H]3[C@H](CC[C@H]4CCC(=O)C[C@]34C)[C@H]1CC[C@H]2O,ZINC15 : ZINC000254708343,consensus,0.5102040816326531,zinc15
[H][C@@]12CC[C@H](O)[C@@]1(C)CC[C@@]1([H])[C@@]2([H])CCC2=C(O)C(=O)CC[C@]12C,BQOIJSIMMIDHMO-FBPKJDBXSA-N,C[C@]12CC[C@@H]3[C@H](CC[C@H]4CC(=O)CC[C@]34C)[C@H]1CC[C@H]2O,ZINC15 : ZINC000035260592,consensus,0.5102040816326531,zinc15
[H][C@@]12CC[C@H](O)[C@@]1(C)CC[C@@]1([H])[C@@]2([H])CCC2=C(O)C(=O)CC[C@]12C,BQOIJSIMMIDHMO-FBPKJDBXSA-N,C[C@]12CC[C@@H]3[C@@H](CC[C@H]4CC(=O)CC[C@]34C)[C@@H]1CC[C@@H]2O,ZINC15 : ZINC000006623656,consensus,0.5102040816326531,zinc15
[H][C@@]12CC[C@H](O)[C@@]1(C)CC[C@@]1([H])[C@@]2([H])CCC2=C(O)C(=O)CC[C@]12C,BQOIJSIMMIDHMO-FBPKJDBXSA-N,C[C@@]12CC[C@@H]3[C@H](CC[C@H]4CC(=O)CC[C@]34C)[C@H]1CC[C@@H]2O,ZINC15 : ZINC000253537541,consensus,0.5102040816326531,zinc15
[H][C@@]12CC[C@H](O)[C@@]1(C)CC[C@@]1([H])[C@@]2([H])CCC2=C(O)C(=O)CC[C@]12C,BQOIJSIMMIDHMO-FBPKJDBXSA-N,C[C@@]12CC[C@@H]3[C@H](CC[C@H]4CC(=O)CC[C@]34C)[C@H]1CC[C@H]2O,ZINC15 : ZINC000253537540,consensus,0.5102040816326531,zinc15
[H][C@@]12CC[C@H](O)[C@@]1(C)CC[C@@]1([H])[C@@]2([H])CCC2=C(O)C(=O)CC[C@]12C,BQOIJSIMMIDHMO-FBPKJDBXSA-N,C[C@]12CC[C@@H]3[C@H](CC[C@H]4CC(=O)CC[C@]34C)[C@H]1CC[C@@H]2O,ZINC15 : ZINC000005529900,consensus,0.5102040816326531,zinc15
[H][C@@]12CC[C@H](O)[C@@]1(C)CC[C@@]1([H])[C@@]2([H])CCC2=C(O)C(=O)CC[C@]12C,BQOIJSIMMIDHMO-FBPKJDBXSA-N,C[C@]12CC[C@H]3[C@@H](CC[C@H]4CCC(=O)C[C@@]43C)[C@@H]1CC[C@H]2O,ZINC15 : ZINC000118925035,consensus,0.5102040816326531,zinc15
[H][C@@]12CC[C@H](O)[C@@]1(C)CC[C@@]1([H])[C@@]2([H])CCC2=C(O)C(=O)CC[C@]12C,BQOIJSIMMIDHMO-FBPKJDBXSA-N,C[C@]12CC[C@@H]3[C@H](CC[C@H]4CC(=O)CC[C@]34C)[C@@H]1CC[C@@H]2O,ZINC15 : ZINC000016890071,consensus,0.5102040816326531,zinc15
[H][C@@]12CC[C@H](O)[C@@]1(C)CC[C@@]1([H])[C@@]2([H])CCC2=C(O)C(=O)CC[C@]12C,BQOIJSIMMIDHMO-FBPKJDBXSA-N,C[C@]12CC[C@@H]3[C@H](CC[C@H]4CC(=O)CC[C@]34C)[C@@H]1CC[C@H]2O,ZINC15 : ZINC000039737972,consensus,0.5102040816326531,zinc15
[H][C@@]12CC[C@H](O)[C@@]1(C)CC[C@@]1([H])[C@@]2([H])CCC2=C(O)C(=O)CC[C@]12C,BQOIJSIMMIDHMO-FBPKJDBXSA-N,C[C@]12CC[C@H]3[C@@H](CC[C@H]4CCC(=O)C[C@@]43C)[C@@H]1CC[C@@H]2O,ZINC15 : ZINC000118925033,consensus,0.5102040816326531,zinc15
[H][C@@]12CC[C@H](O)[C@@]1(C)CC[C@@]1([H])[C@@]2([H])CCC2=C(O)C(=O)CC[C@]12C,BQOIJSIMMIDHMO-FBPKJDBXSA-N,C[C@]12CC[C@@H]3[C@@H](CC[C@H]4CC(=O)CC[C@]34C)[C@H]1CC[C@@H]2O,ZINC15 : ZINC000000401445,consensus,0.5102040816326531,zinc15
[H][C@@]12CC[C@H](O)[C@@]1(C)CC[C@@]1([H])[C@@]2([H])CCC2=C(O)C(=O)CC[C@]12C,BQOIJSIMMIDHMO-FBPKJDBXSA-N,C[C@]12CC[C@H]3[C@@H](CC4(CC4)C4=CC(=O)CC[C@@]43C)[C@@H]1CC[C@H]2O,ZINC15 : ZINC000118919271,consensus,0.5094339622641509,zinc15
[H][C@@]12CC[C@H](O)[C@@]1(C)CC[C@@]1([H])[C@@]2([H])CCC2=C(O)C(=O)CC[C@]12C,BQOIJSIMMIDHMO-FBPKJDBXSA-N,C[C@]12CC[C@H]3[C@@H](CC4(CC4)C4=CC(=O)CC[C@@]43C)[C@@H]1CC[C@@H]2O,ZINC15 : ZINC000118919270,consensus,0.5094339622641509,zinc15
[H][C@@]12CC[C@H](O)[C@@]1(C)CC[C@@]1([H])[C@@]2([H])CCC2=C(O)C(=O)CC[C@]12C,BQOIJSIMMIDHMO-FBPKJDBXSA-N,C[C@@]12CC[C@@H]3[C@H](CCC4=CC(=O)C=C[C@@]43C)[C@H]1CC[C@@H]2O,ZINC15 : ZINC000253498975,consensus,0.5,zinc15
[H][C@@]12CC[C@H](O)[C@@]1(C)CC[C@@]1([H])[C@@]2([H])CCC2=C(O)C(=O)CC[C@]12C,BQOIJSIMMIDHMO-FBPKJDBXSA-N,C[C@]12CC[C@H]3[C@@H](CCC4=CC(=O)C=C[C@@]43C)[C@H]1CC[C@H]2O,ZINC15 : ZINC000004073881,consensus,0.5,zinc15
[H][C@@]12CC[C@H](O)[C@@]1(C)CC[C@@]1([H])[C@@]2([H])CCC2=C(O)C(=O)CC[C@]12C,BQOIJSIMMIDHMO-FBPKJDBXSA-N,C[C@]12CC[C@H]3[C@@H](CCC4=CC(=O)C=C[C@@]43C)[C@@H]1CC[C@H]2O,ZINC15 : ZINC000004073879,consensus,0.5,zinc15
[H][C@@]12CC[C@H](O)[C@@]1(C)CC[C@@]1([H])[C@@]2([H])CCC2=C(O)C(=O)CC[C@]12C,BQOIJSIMMIDHMO-FBPKJDBXSA-N,CCC(=O)O[C@H]1CC[C@H]2[C@@H]3CCC4=C(F)C(=O)CC[C@]4(C)[C@H]3CC[C@]12C,ZINC15 : ZINC000004758436,consensus,0.5,zinc15
[H][C@@]12CC[C@H](O)[C@@]1(C)CC[C@@]1([H])[C@@]2([H])CCC2=C(O)C(=O)CC[C@]12C,BQOIJSIMMIDHMO-FBPKJDBXSA-N,C[C@]12CC[C@@H]3[C@@H](CCC4=CC(=O)C=C[C@@]43C)[C@@H]1CC[C@H]2O,ZINC15 : ZINC000004073878,consensus,0.5,zinc15
[H][C@@]12CC[C@H](O)[C@@]1(C)CC[C@@]1([H])[C@@]2([H])CCC2=C(O)C(=O)CC[C@]12C,BQOIJSIMMIDHMO-FBPKJDBXSA-N,C[C@]12CC[C@@H]3[C@@H](CCC4=CC(=O)C=C[C@@]43C)[C@H]1CC[C@H]2O,ZINC15 : ZINC000004073880,consensus,0.5,zinc15
[H][C@@]12CC[C@H](O)[C@@]1(C)CC[C@@]1([H])[C@@]2([H])CCC2=C(O)C(=O)CC[C@]12C,BQOIJSIMMIDHMO-FBPKJDBXSA-N,C[C@]12CC[C@H]3[C@@H](CCC4=CC(=O)C=C[C@@]43C)[C@@H]1CC[C@@H]2O,ZINC15 : ZINC000004215042,consensus,0.5,zinc15
[H][C@@]12CC[C@H](O)[C@@]1(C)CC[C@@]1([H])[C@@]2([H])CCC2=C(O)C(=O)CC[C@]12C,BQOIJSIMMIDHMO-FBPKJDBXSA-N,CCC(=O)O[C@@H]1CC[C@H]2[C@@H]3CCC4=C(F)C(=O)CC[C@]4(C)[C@H]3CC[C@]12C,ZINC15 : ZINC000001693757,consensus,0.5,zinc15
[H][C@@]12CC[C@H](O)[C@@]1(C)CC[C@@]1([H])[C@@]2([H])CCC2=C(O)C(=O)CC[C@]12C,BQOIJSIMMIDHMO-FBPKJDBXSA-N,C[C@]12CC[C@@H]3[C@H](CCC4=CC(=O)C=C[C@@]43C)[C@H]1CC[C@@H]2O,ZINC15 : ZINC000242649038,consensus,0.5,zinc15
[H][C@@]12CC[C@H](O)[C@@]1(C)CC[C@@]1([H])[C@@]2([H])CCC2=C(O)C(=O)CC[C@]12C,BQOIJSIMMIDHMO-FBPKJDBXSA-N,C[C@]12CC[C@@H]3[C@H](CCC4=CC(=O)C=C[C@@]43C)[C@H]1CC[C@H]2O,ZINC15 : ZINC000242649037,consensus,0.5,zinc15
[H][C@@]12CC[C@H](O)[C@@]1(C)CC[C@@]1([H])[C@@]2([H])CCC2=C(O)C(=O)CC[C@]12C,BQOIJSIMMIDHMO-FBPKJDBXSA-N,C[C@]12CC[C@@H]3[C@H](CCC4=C(Cl)C(=O)CC[C@@]43C)[C@@H]1CC[C@@H]2O,ZINC15 : ZINC000004025017,morgan,0.7727272727272727,zinc15
[H][C@@]12CC[C@H](O)[C@@]1(C)CC[C@@]1([H])[C@@]2([H])CCC2=C(O)C(=O)CC[C@]12C,BQOIJSIMMIDHMO-FBPKJDBXSA-N,C[C@]12CC[C@@H]3[C@H](CCC4=C(Cl)C(=O)CC[C@@]43C)[C@@H]1CC[C@H]2O,ZINC15 : ZINC000036387475,morgan,0.7727272727272727,zinc15
[H][C@@]12CC[C@H](O)[C@@]1(C)CC[C@@]1([H])[C@@]2([H])CCC2=C(O)C(=O)CC[C@]12C,BQOIJSIMMIDHMO-FBPKJDBXSA-N,C[C@]12CC[C@H]3[C@@H](CCC4=C(Cl)C(=O)CC[C@@]43C)[C@@H]1CC[C@H]2O,ZINC15 : ZINC000118918349,morgan,0.7727272727272727,zinc15
[H][C@@]12CC[C@H](O)[C@@]1(C)CC[C@@]1([H])[C@@]2([H])CCC2=C(O)C(=O)CC[C@]12C,BQOIJSIMMIDHMO-FBPKJDBXSA-N,C[C@]12CC[C@@H]3[C@H](CCC4=C(Cl)C(=O)CC[C@@]43C)[C@H]1CC[C@H]2O,ZINC15 : ZINC000252694406,morgan,0.7727272727272727,zinc15
[H][C@@]12CC[C@H](O)[C@@]1(C)CC[C@@]1([H])[C@@]2([H])CCC2=C(O)C(=O)CC[C@]12C,BQOIJSIMMIDHMO-FBPKJDBXSA-N,C[C@]12CC[C@H]3[C@@H](CCC4=C(Cl)C(=O)CC[C@@]43C)[C@@H]1CC[C@@H]2O,ZINC15 : ZINC000004025021,morgan,0.7727272727272727,zinc15
[H][C@@]12CC[C@H](O)[C@@]1(C)CC[C@@]1([H])[C@@]2([H])CCC2=C(O)C(=O)CC[C@]12C,BQOIJSIMMIDHMO-FBPKJDBXSA-N,C[C@]12CC[C@@H]3[C@H](CCC4=C(Cl)C(=O)CC[C@@]43C)[C@H]1CC[C@@H]2O,ZINC15 : ZINC000252694405,morgan,0.7727272727272727,zinc15
[H][C@@]12CC[C@H](O)[C@@]1(C)CC[C@@]1([H])[C@@]2([H])CCC2=C(O)C(=O)CC[C@]12C,BQOIJSIMMIDHMO-FBPKJDBXSA-N,C[C@]12CC[C@@H]3[C@H](CCC4=CC(=O)CC[C@@]43C)[C@H]1CC[C@@H]2O,ZINC15 : ZINC000238901810,morgan,0.6041666666666666,zinc15
[H][C@@]12CC[C@H](O)[C@@]1(C)CC[C@@]1([H])[C@@]2([H])CCC2=C(O)C(=O)CC[C@]12C,BQOIJSIMMIDHMO-FBPKJDBXSA-N,C[C@]12CC[C@@H]3[C@@H](CCC4=CC(=O)CC[C@@]43C)[C@@H]1CC[C@@H]2O,ZINC15 : ZINC000003983872,morgan,0.6041666666666666,zinc15
[H][C@@]12CC[C@H](O)[C@@]1(C)CC[C@@]1([H])[C@@]2([H])CCC2=C(O)C(=O)CC[C@]12C,BQOIJSIMMIDHMO-FBPKJDBXSA-N,C[C@]12CC[C@@H]3[C@@H](CCC4=CC(=O)CC[C@@]43C)[C@H]1CC[C@@H]2O,ZINC15 : ZINC000006482659,morgan,0.6041666666666666,zinc15
[H][C@@]12CC[C@H](O)[C@@]1(C)CC[C@@]1([H])[C@@]2([H])CCC2=C(O)C(=O)CC[C@]12C,BQOIJSIMMIDHMO-FBPKJDBXSA-N,C[C@]12CC[C@H]3[C@@H](CCC4=CC(=O)CC[C@@]43C)[C@@H]1CC[C@H]2O,ZINC15 : ZINC000004538008,morgan,0.6041666666666666,zinc15
[H][C@@]12CC[C@H](O)[C@@]1(C)CC[C@@]1([H])[C@@]2([H])CCC2=C(O)C(=O)CC[C@]12C,BQOIJSIMMIDHMO-FBPKJDBXSA-N,C[C@]12CC[C@H]3[C@@H](CCC4=CC(=O)CC[C@@]43C)[C@H]1CC[C@H]2O,ZINC15 : ZINC000012496215,morgan,0.6041666666666666,zinc15
[H][C@@]12CC[C@H](O)[C@@]1(C)CC[C@@]1([H])[C@@]2([H])CCC2=C(O)C(=O)CC[C@]12C,BQOIJSIMMIDHMO-FBPKJDBXSA-N,C[C@]12CC[C@H]3[C@@H](CCC4=CC(=O)CC[C@@]43C)[C@H]1CC[C@@H]2O,ZINC15 : ZINC000006482817,morgan,0.6041666666666666,zinc15
[H][C@@]12CC[C@H](O)[C@@]1(C)CC[C@@]1([H])[C@@]2([H])CCC2=C(O)C(=O)CC[C@]12C,BQOIJSIMMIDHMO-FBPKJDBXSA-N,C[C@]12CC[C@@H]3[C@H](CCC4=CC(=O)CC[C@@]43C)[C@@H]1CC[C@H]2O,ZINC15 : ZINC000012494147,morgan,0.6041666666666666,zinc15
[H][C@@]12CC[C@H](O)[C@@]1(C)CC[C@@]1([H])[C@@]2([H])CCC2=C(O)C(=O)CC[C@]12C,BQOIJSIMMIDHMO-FBPKJDBXSA-N,C[C@]12CC[C@H]3[C@@H](CCC4=CC(=O)CC[C@@]43C)[C@@H]1CC[C@@H]2O,ZINC15 : ZINC000118912393,morgan,0.6041666666666666,zinc15
[H][C@@]12CC[C@H](O)[C@@]1(C)CC[C@@]1([H])[C@@]2([H])CCC2=C(O)C(=O)CC[C@]12C,BQOIJSIMMIDHMO-FBPKJDBXSA-N,C[C@]12CC[C@@H]3[C@H](CCC4=CC(=O)CC[C@@]43C)[C@H]1CC[C@H]2O,ZINC15 : ZINC000238901809,morgan,0.6041666666666666,zinc15
[H][C@@]12CC[C@H](O)[C@@]1(C)CC[C@@]1([H])[C@@]2([H])CCC2=C(O)C(=O)CC[C@]12C,BQOIJSIMMIDHMO-FBPKJDBXSA-N,C[C@@]12CC[C@H]3[C@@H](CCC4=CC(=O)CC[C@@]43C)[C@@H]1CC[C@H]2O,ZINC15 : ZINC000013507167,morgan,0.6041666666666666,zinc15
[H][C@@]12CC[C@H](O)[C@@]1(C)CC[C@@]1([H])[C@@]2([H])CCC2=C(O)C(=O)CC[C@]12C,BQOIJSIMMIDHMO-FBPKJDBXSA-N,C[C@@]12CC[C@@H]3[C@H](CCC4=CC(=O)CC[C@@]43C)[C@H]1CC[C@@H]2O,ZINC15 : ZINC000039949190,morgan,0.6041666666666666,zinc15
[H][C@@]12CC[C@H](O)[C@@]1(C)CC[C@@]1([H])[C@@]2([H])CCC2=C(O)C(=O)CC[C@]12C,BQOIJSIMMIDHMO-FBPKJDBXSA-N,C[C@]12CC[C@@H]3[C@H](CCC4=CC(=O)CC[C@@]43C)[C@@H]1CC[C@@H]2O,ZINC15 : ZINC000003983870,morgan,0.6041666666666666,zinc15
[H][C@@]12CC[C@H](O)[C@@]1(C)CC[C@@]1([H])[C@@]2([H])CCC2=C(O)C(=O)CC[C@]12C,BQOIJSIMMIDHMO-FBPKJDBXSA-N,C[C@@]12CC[C@H]3[C@@H](CCC4=CC(=O)CC[C@@]43C)[C@H]1CC[C@H]2O,ZINC15 : ZINC000253497886,morgan,0.6041666666666666,zinc15
[H][C@@]12CC[C@H](O)[C@@]1(C)CC[C@@]1([H])[C@@]2([H])CCC2=C(O)C(=O)CC[C@]12C,BQOIJSIMMIDHMO-FBPKJDBXSA-N,C[C@@]12CC[C@@H]3[C@H](CCC4=CC(=O)CC[C@@]43C)[C@H]1CC[C@H]2O,ZINC15 : ZINC000008602992,morgan,0.6041666666666666,zinc15
[H][C@@]12CC[C@H](O)[C@@]1(C)CC[C@@]1([H])[C@@]2([H])CCC2=C(O)C(=O)CC[C@]12C,BQOIJSIMMIDHMO-FBPKJDBXSA-N,C[C@]12CC[C@H]3[C@@H](CCC4C(=O)C(=O)CC[C@@]43C)[C@@H]1CC[C@@H]2O,ZINC15 : ZINC000031460450,morgan,0.574468085106383,zinc15
[H][C@@]12CC[C@H](O)[C@@]1(C)CC[C@@]1([H])[C@@]2([H])CCC2=C(O)C(=O)CC[C@]12C,BQOIJSIMMIDHMO-FBPKJDBXSA-N,C[C@@]12CC[C@@H]3[C@H](CCC4C(=O)C(=O)CC[C@]43C)[C@H]1CC[C@H]2O,ZINC15 : ZINC000584577495,morgan,0.574468085106383,zinc15
[H][C@@]12CC[C@H](O)[C@@]1(C)CC[C@@]1([H])[C@@]2([H])CCC2=C(O)C(=O)CC[C@]12C,BQOIJSIMMIDHMO-FBPKJDBXSA-N,C[C@]12CC[C@H]3[C@@H](CC(=O)C4=CC(=O)CC[C@@]43C)[C@@H]1CC[C@@H]2O,ZINC15 : ZINC000014904330,morgan,0.56,zinc15
[H][C@@]12CC[C@H](O)[C@@]1(C)CC[C@@]1([H])[C@@]2([H])CCC2=C(O)C(=O)CC[C@]12C,BQOIJSIMMIDHMO-FBPKJDBXSA-N,C[C@]12CC[C@H]3[C@@H](CCC4=CC(=O)[C@H](O)C[C@@]43C)[C@@H]1CC[C@@H]2O,ZINC15 : ZINC000118914294,morgan,0.5490196078431373,zinc15
[H][C@@]12CC[C@H](O)[C@@]1(C)CC[C@@]1([H])[C@@]2([H])CCC2=C(O)C(=O)CC[C@]12C,BQOIJSIMMIDHMO-FBPKJDBXSA-N,C[C@]12CC[C@H]3[C@@H](CCC4=CC(=O)[C@@H](O)C[C@@]43C)[C@@H]1CC[C@@H]2O,ZINC15 : ZINC000025723415,morgan,0.5490196078431373,zinc15
[H][C@@]12CC[C@H](O)[C@@]1(C)CC[C@@]1([H])[C@@]2([H])CCC2=C(O)C(=O)CC[C@]12C,BQOIJSIMMIDHMO-FBPKJDBXSA-N,C[C@]12CC[C@H]3[C@@H](CCC4=C[C@@H](O)CC[C@@]43C)[C@@H]1CC[C@H]2O,ZINC15 : ZINC000034051555,morgan,0.5416666666666666,zinc15
[H][C@@]12CC[C@H](O)[C@@]1(C)CC[C@@]1([H])[C@@]2([H])CCC2=C(O)C(=O)CC[C@]12C,BQOIJSIMMIDHMO-FBPKJDBXSA-N,C[C@]12CC[C@H]3[C@H](CCC4=C[C@@H](O)CC[C@@]43C)[C@@H]1CC[C@H]2O,ZINC15 : ZINC000263635670,morgan,0.5416666666666666,zinc15
[H][C@@]12CC[C@H](O)[C@@]1(C)CC[C@@]1([H])[C@@]2([H])CCC2=C(O)C(=O)CC[C@]12C,BQOIJSIMMIDHMO-FBPKJDBXSA-N,C[C@@]12CC[C@@H]3[C@H](CCC4=C[C@@H](O)CC[C@@]43C)[C@H]1CC[C@H]2O,ZINC15 : ZINC000253497550,morgan,0.5416666666666666,zinc15
[H][C@@]12CC[C@H](O)[C@@]1(C)CC[C@@]1([H])[C@@]2([H])CCC2=C(O)C(=O)CC[C@]12C,BQOIJSIMMIDHMO-FBPKJDBXSA-N,C[C@]12CC[C@H]3[C@H](CCC4=C[C@@H](O)CC[C@@]43C)[C@@H]1CC[C@@H]2O,ZINC15 : ZINC000021984608,morgan,0.5416666666666666,zinc15
[H][C@@]12CC[C@H](O)[C@@]1(C)CC[C@@]1([H])[C@@]2([H])CCC2=C(O)C(=O)CC[C@]12C,BQOIJSIMMIDHMO-FBPKJDBXSA-N,C[C@]12CC[C@H]3[C@H](CCC4=C[C@H](O)CC[C@@]43C)[C@@H]1CC[C@H]2O,ZINC15 : ZINC000038337178,morgan,0.5416666666666666,zinc15
[H][C@@]12CC[C@H](O)[C@@]1(C)CC[C@@]1([H])[C@@]2([H])CCC2=C(O)C(=O)CC[C@]12C,BQOIJSIMMIDHMO-FBPKJDBXSA-N,C[C@]12CC[C@H]3[C@@H](CCC4=C[C@@H](O)CC[C@@]43C)[C@@H]1CC[C@@H]2O,ZINC15 : ZINC000003814413,morgan,0.5416666666666666,zinc15
[H][C@@]12CC[C@H](O)[C@@]1(C)CC[C@@]1([H])[C@@]2([H])CCC2=C(O)C(=O)CC[C@]12C,BQOIJSIMMIDHMO-FBPKJDBXSA-N,C[C@@]12CC[C@@H]3[C@H](CCC4=C[C@H](O)CC[C@]43C)[C@H]1CC[C@@H]2O,ZINC15 : ZINC000584577911,morgan,0.5416666666666666,zinc15
[H][C@@]12CC[C@H](O)[C@@]1(C)CC[C@@]1([H])[C@@]2([H])CCC2=C(O)C(=O)CC[C@]12C,BQOIJSIMMIDHMO-FBPKJDBXSA-N,C[C@@]12CC[C@@H]3[C@H](CCC4=C[C@@H](O)CC[C@@]43C)[C@H]1CC[C@@H]2O,ZINC15 : ZINC000253497551,morgan,0.5416666666666666,zinc15
[H][C@@]12CC[C@H](O)[C@@]1(C)CC[C@@]1([H])[C@@]2([H])CCC2=C(O)C(=O)CC[C@]12C,BQOIJSIMMIDHMO-FBPKJDBXSA-N,C[C@]12CC[C@@H]3[C@H](CCC4=C[C@@H](O)CC[C@@]43C)[C@H]1CC[C@@H]2O,ZINC15 : ZINC000252438205,morgan,0.5416666666666666,zinc15
[H][C@@]12CC[C@H](O)[C@@]1(C)CC[C@@]1([H])[C@@]2([H])CCC2=C(O)C(=O)CC[C@]12C,BQOIJSIMMIDHMO-FBPKJDBXSA-N,C[C@@]12CC[C@@H]3[C@H](CCC4=C[C@@H](O)CC[C@]43C)[C@H]1CC[C@@H]2O,ZINC15 : ZINC000584577910,morgan,0.5416666666666666,zinc15
[H][C@@]12CC[C@H](O)[C@@]1(C)CC[C@@]1([H])[C@@]2([H])CCC2=C(O)C(=O)CC[C@]12C,BQOIJSIMMIDHMO-FBPKJDBXSA-N,C[C@@]12CC[C@@H]3[C@H](CCC4=C[C@H](O)CC[C@]43C)[C@H]1CC[C@H]2O,ZINC15 : ZINC000008581013,morgan,0.5416666666666666,zinc15
[H][C@@]12CC[C@H](O)[C@@]1(C)CC[C@@]1([H])[C@@]2([H])CCC2=C(O)C(=O)CC[C@]12C,BQOIJSIMMIDHMO-FBPKJDBXSA-N,C[C@]12CC[C@H]3[C@@H](CCC4=C[C@H](O)CC[C@@]43C)[C@@H]1CC[C@@H]2O,ZINC15 : ZINC000004655064,morgan,0.5416666666666666,zinc15
[H][C@@]12CC[C@H](O)[C@@]1(C)CC[C@@]1([H])[C@@]2([H])CCC2=C(O)C(=O)CC[C@]12C,BQOIJSIMMIDHMO-FBPKJDBXSA-N,C[C@]12CC[C@H]3[C@@H](CCC4=C[C@H](O)CC[C@@]43C)[C@@H]1CC[C@H]2O,ZINC15 : ZINC000034051554,morgan,0.5416666666666666,zinc15
[H][C@@]12CC[C@H](O)[C@@]1(C)CC[C@@]1([H])[C@@]2([H])CCC2=C(O)C(=O)CC[C@]12C,BQOIJSIMMIDHMO-FBPKJDBXSA-N,C[C@]12CC[C@@H]3[C@H](CCC4=C[C@@H](O)CC[C@@]43C)[C@H]1CC[C@H]2O,ZINC15 : ZINC000252438204,morgan,0.5416666666666666,zinc15
[H][C@@]12CC[C@H](O)[C@@]1(C)CC[C@@]1([H])[C@@]2([H])CCC2=C(O)C(=O)CC[C@]12C,BQOIJSIMMIDHMO-FBPKJDBXSA-N,C[C@@]12CC[C@@H]3[C@H](CCC4=C[C@@H](O)CC[C@]43C)[C@H]1CC[C@H]2O,ZINC15 : ZINC000584577909,morgan,0.5416666666666666,zinc15
[H][C@@]12CC[C@H](O)[C@@]1(C)CC[C@@]1([H])[C@@]2([H])CCC2=C(O)C(=O)CC[C@]12C,BQOIJSIMMIDHMO-FBPKJDBXSA-N,C[C@]12CC[C@H]3[C@H](CCC4=C[C@H](O)CC[C@@]43C)[C@@H]1CC[C@@H]2O,ZINC15 : ZINC000021984609,morgan,0.5416666666666666,zinc15
[H][C@@]12CC[C@H](O)[C@@]1(C)CC[C@@]1([H])[C@@]2([H])CCC2=C(O)C(=O)CC[C@]12C,BQOIJSIMMIDHMO-FBPKJDBXSA-N,C[C@@]12CCC(=O)C=C1C[C@H]1[C@H]2CC[C@]2(C)[C@@H](O)CC[C@@H]12,ZINC15 : ZINC000006933005,morgan,0.54,zinc15
[H][C@@]12CC[C@H](O)[C@@]1(C)CC[C@@]1([H])[C@@]2([H])CCC2=C(O)C(=O)CC[C@]12C,BQOIJSIMMIDHMO-FBPKJDBXSA-N,C[C@@]12CCC(=O)C=C1C[C@@H]1[C@@H]3CC[C@H](O)[C@@]3(C)CC[C@@H]12,ZINC15 : ZINC000006933045,morgan,0.54,zinc15
[H][C@@]12CC[C@H](O)[C@@]1(C)CC[C@@]1([H])[C@@]2([H])CCC2=C(O)C(=O)CC[C@]12C,BQOIJSIMMIDHMO-FBPKJDBXSA-N,C[C@@]12CC[C@@H]3[C@H](CC4=CC(=O)CC[C@]43C)[C@@H]1CC[C@@H]2O,ZINC15 : ZINC000006931276,morgan,0.54,zinc15
[H][C@@]12CC[C@H](O)[C@@]1(C)CC[C@@]1([H])[C@@]2([H])CCC2=C(O)C(=O)CC[C@]12C,BQOIJSIMMIDHMO-FBPKJDBXSA-N,C[C@@]12CC[C@H]3[C@H](CC4=CC(=O)CC[C@]43C)[C@@H]1CC[C@@H]2O,ZINC15 : ZINC000006931339,morgan,0.54,zinc15
[H][C@@]12CC[C@H](O)[C@@]1(C)CC[C@@]1([H])[C@@]2([H])CCC2=C(O)C(=O)CC[C@]12C,BQOIJSIMMIDHMO-FBPKJDBXSA-N,C[C@]12CC[C@H]3[C@@H](CCC4=CC(=O)[C@H](F)C[C@@]43C)[C@@H]1CC[C@@H]2O,ZINC15 : ZINC000030729145,morgan,0.5283018867924528,zinc15
[H][C@@]12CC[C@H](O)[C@@]1(C)CC[C@@]1([H])[C@@]2([H])CCC2=C(O)C(=O)CC[C@]12C,BQOIJSIMMIDHMO-FBPKJDBXSA-N,C[C@]12CC[C@H]3[C@@H](CCC4=CC(=O)[C@@H](F)C[C@@]43C)[C@@H]1CC[C@H]2O,ZINC15 : ZINC000118912863,morgan,0.5283018867924528,zinc15
[H][C@@]12CC[C@H](O)[C@@]1(C)CC[C@@]1([H])[C@@]2([H])CCC2=C(O)C(=O)CC[C@]12C,BQOIJSIMMIDHMO-FBPKJDBXSA-N,C[C@]12CC[C@H]3[C@@H](CCC4=CC(=O)[C@H](F)C[C@@]43C)[C@@H]1CC[C@H]2O,ZINC15 : ZINC000118912861,morgan,0.5283018867924528,zinc15
[H][C@@]12CC[C@H](O)[C@@]1(C)CC[C@@]1([H])[C@@]2([H])CCC2=C(O)C(=O)CC[C@]12C,BQOIJSIMMIDHMO-FBPKJDBXSA-N,C[C@]12CC[C@H]3[C@@H](CCC4=CC(=O)[C@H](F)C[C@@]43C)[C@H]1CC[C@@H]2O,ZINC15 : ZINC000090647880,morgan,0.5283018867924528,zinc15
[H][C@@]12CC[C@H](O)[C@@]1(C)CC[C@@]1([H])[C@@]2([H])CCC2=C(O)C(=O)CC[C@]12C,BQOIJSIMMIDHMO-FBPKJDBXSA-N,C[C@@]12CC[C@@H]3[C@H](CCC4=CC(=O)NCC[C@]43C)[C@@H]1CC[C@@H]2O,ZINC15 : ZINC000004983563,morgan,0.5283018867924528,zinc15
[H][C@@]12CC[C@H](O)[C@@]1(C)CC[C@@]1([H])[C@@]2([H])CCC2=C(O)C(=O)CC[C@]12C,BQOIJSIMMIDHMO-FBPKJDBXSA-N,C[C@]12CC[C@H]3[C@@H](CCC4=CC(=O)[C@H](F)C[C@@]43C)[C@H]1CC[C@H]2O,ZINC15 : ZINC000090647881,morgan,0.5283018867924528,zinc15
[H][C@@]12CC[C@H](O)[C@@]1(C)CC[C@@]1([H])[C@@]2([H])CCC2=C(O)C(=O)CC[C@]12C,BQOIJSIMMIDHMO-FBPKJDBXSA-N,C[C@@]12CC[C@H]3[C@H](CCC4=CC(=O)NCC[C@]43C)[C@@H]1CC[C@@H]2O,ZINC15 : ZINC000004983566,morgan,0.5283018867924528,zinc15
[H][C@@]12CC[C@H](O)[C@@]1(C)CC[C@@]1([H])[C@@]2([H])CCC2=C(O)C(=O)CC[C@]12C,BQOIJSIMMIDHMO-FBPKJDBXSA-N,C[C@]12CC[C@H]3[C@@H](CCC4=CC(=O)[C@@H](F)C[C@@]43C)[C@@H]1CC[C@@H]2O,ZINC15 : ZINC000118912862,morgan,0.5283018867924528,zinc15
[H][C@@]12CC[C@H](O)[C@@]1(C)CC[C@@]1([H])[C@@]2([H])CCC2=C(O)C(=O)CC[C@]12C,BQOIJSIMMIDHMO-FBPKJDBXSA-N,C[C@]12CC[C@H]3[C@H](CCC4=CC(=O)NCC[C@]43C)[C@@H]1CC[C@@H]2O,ZINC15 : ZINC000004983567,morgan,0.5283018867924528,zinc15
[H][C@@]12CC[C@H](O)[C@@]1(C)CC[C@@]1([H])[C@@]2([H])CCC2=C(O)C(=O)CC[C@]12C,BQOIJSIMMIDHMO-FBPKJDBXSA-N,C[C@]12CC[C@@H]3[C@H](CCC4=CC(=O)NCC[C@]43C)[C@@H]1CC[C@@H]2O,ZINC15 : ZINC000004983565,morgan,0.5283018867924528,zinc15
[H][C@@]12CC[C@H](O)[C@@]1(C)CC[C@@]1([H])[C@@]2([H])CCC2=C(O)C(=O)CC[C@]12C,BQOIJSIMMIDHMO-FBPKJDBXSA-N,C[C@]12CC[C@H]3[C@@H](CC=C4C(C)(C)C(=O)CC[C@@]43C)[C@@H]1CC[C@H]2O,ZINC15 : ZINC000001724514,morgan,0.5192307692307693,zinc15
[H][C@@]12CC[C@H](O)[C@@]1(C)CC[C@@]1([H])[C@@]2([H])CCC2=C(O)C(=O)CC[C@]12C,BQOIJSIMMIDHMO-FBPKJDBXSA-N,C[C@]12CC[C@H]3[C@@H](CC=C4C(C)(C)C(=O)CC[C@@]43C)[C@@H]1CC[C@@H]2O,ZINC15 : ZINC000004428454,morgan,0.5192307692307693,zinc15
[H][C@@]12CC[C@H](O)[C@@]1(C)CC[C@@]1([H])[C@@]2([H])CCC2=C(O)C(=O)CC[C@]12C,BQOIJSIMMIDHMO-FBPKJDBXSA-N,C[C@]12CC[C@H]3[C@@H](CC=C4CC(=O)CC[C@@]43C)[C@@H]1CC[C@@H]2O,ZINC15 : ZINC000006500184,morgan,0.5192307692307693,zinc15
[H][C@@]12CC[C@H](O)[C@@]1(C)CC[C@@]1([H])[C@@]2([H])CCC2=C(O)C(=O)CC[C@]12C,BQOIJSIMMIDHMO-FBPKJDBXSA-N,C[C@@]12CC[C@H]3[C@H](CCC4=CC(=O)CC[C@]43C)[C@@H]1CCC[C@@H]2O,ZINC15 : ZINC000004727215,morgan,0.5192307692307693,zinc15
[H][C@@]12CC[C@H](O)[C@@]1(C)CC[C@@]1([H])[C@@]2([H])CCC2=C(O)C(=O)CC[C@]12C,BQOIJSIMMIDHMO-FBPKJDBXSA-N,C[C@@]12CC[C@@H]3[C@H](CCC4=CC(=O)CC[C@]43C)[C@@H]1CCC[C@@H]2O,ZINC15 : ZINC000004727213,morgan,0.5192307692307693,zinc15
[H][C@@]12CC[C@H](O)[C@@]1(C)CC[C@@]1([H])[C@@]2([H])CCC2=C(O)C(=O)CC[C@]12C,BQOIJSIMMIDHMO-FBPKJDBXSA-N,C[C@@]12CCC(=O)C=C1CC[C@H]1[C@@H]2CC[C@]2(C)[C@@H](O)CCC[C@@H]12,ZINC15 : ZINC000004727216,morgan,0.5192307692307693,zinc15
[H][C@@]12CC[C@H](O)[C@@]1(C)CC[C@@]1([H])[C@@]2([H])CCC2=C(O)C(=O)CC[C@]12C,BQOIJSIMMIDHMO-FBPKJDBXSA-N,C[C@@]12CCC(=O)C=C1CC[C@H]1[C@H]2CC[C@]2(C)[C@@H](O)CCC[C@@H]12,ZINC15 : ZINC000004727214,morgan,0.5192307692307693,zinc15
[H][C@@]12CC[C@H](O)[C@@]1(C)CC[C@@]1([H])[C@@]2([H])CCC2=C(O)C(=O)CC[C@]12C,BQOIJSIMMIDHMO-FBPKJDBXSA-N,C[C@]12CC[C@H]3[C@@H](C[C@H](O)C4=CC(=O)CC[C@@]43C)[C@@H]1CC[C@@H]2O,ZINC15 : ZINC000022061249,morgan,0.5192307692307693,zinc15
[H][C@@]12CC[C@H](O)[C@@]1(C)CC[C@@]1([H])[C@@]2([H])CCC2=C(O)C(=O)CC[C@]12C,BQOIJSIMMIDHMO-FBPKJDBXSA-N,C[C@]12CC[C@H]3[C@@H](C[C@@H](O)C4=CC(=O)CC[C@@]43C)[C@@H]1CC[C@H]2O,ZINC15 : ZINC000118916967,morgan,0.5192307692307693,zinc15
[H][C@@]12CC[C@H](O)[C@@]1(C)CC[C@@]1([H])[C@@]2([H])CCC2=C(O)C(=O)CC[C@]12C,BQOIJSIMMIDHMO-FBPKJDBXSA-N,C[C@]12CC[C@H]3[C@@H](C[C@H](O)C4=CC(=O)CC[C@@]43C)[C@@H]1CC[C@H]2O,ZINC15 : ZINC000118916966,morgan,0.5192307692307693,zinc15
[H][C@@]12CC[C@H](O)[C@@]1(C)CC[C@@]1([H])[C@@]2([H])CCC2=C(O)C(=O)CC[C@]12C,BQOIJSIMMIDHMO-FBPKJDBXSA-N,C[C@]12CC[C@H]3[C@@H](C[C@@H](O)C4=CC(=O)CC[C@@]43C)[C@@H]1CC[C@@H]2O,ZINC15 : ZINC000005764534,morgan,0.5192307692307693,zinc15
[H][C@@]12CC[C@H](O)[C@@]1(C)CC[C@@]1([H])[C@@]2([H])CCC2=C(O)C(=O)CC[C@]12C,BQOIJSIMMIDHMO-FBPKJDBXSA-N,C[C@]12CC[C@@H]3[C@H](CC[C@H]4CCC(=O)C[C@]34C)[C@H]1CC[C@@H]2O,ZINC15 : ZINC000254708344,morgan,0.5102040816326531,zinc15
[H][C@@]12CC[C@H](O)[C@@]1(C)CC[C@@]1([H])[C@@]2([H])CCC2=C(O)C(=O)CC[C@]12C,BQOIJSIMMIDHMO-FBPKJDBXSA-N,C[C@@]12CC[C@H]3[C@@H](CC[C@H]4CC(=O)CC[C@@]43C)[C@@H]1CC[C@H]2O,ZINC15 : ZINC000253617462,morgan,0.5102040816326531,zinc15
[H][C@@]12CC[C@H](O)[C@@]1(C)CC[C@@]1([H])[C@@]2([H])CCC2=C(O)C(=O)CC[C@]12C,BQOIJSIMMIDHMO-FBPKJDBXSA-N,C[C@]12CC[C@H]3[C@@H](CC[C@H]4CC(=O)CC[C@@]43C)[C@@H]1CC[C@H]2O,ZINC15 : ZINC000006472573,morgan,0.5102040816326531,zinc15
[H][C@@]12CC[C@H](O)[C@@]1(C)CC[C@@]1([H])[C@@]2([H])CCC2=C(O)C(=O)CC[C@]12C,BQOIJSIMMIDHMO-FBPKJDBXSA-N,C[C@]12CC[C@H]3[C@@H](CC[C@@H]4CC(=O)CC[C@@]43C)[C@@H]1CC[C@H]2O,ZINC15 : ZINC000013548350,morgan,0.5102040816326531,zinc15
[H][C@@]12CC[C@H](O)[C@@]1(C)CC[C@@]1([H])[C@@]2([H])CCC2=C(O)C(=O)CC[C@]12C,BQOIJSIMMIDHMO-FBPKJDBXSA-N,C[C@@]12CC[C@@H]3[C@H](CC[C@H]4CC(=O)CC[C@]34C)[C@H]1CC[C@@H]2O,ZINC15 : ZINC000253537541,morgan,0.5102040816326531,zinc15
[H][C@@]12CC[C@H](O)[C@@]1(C)CC[C@@]1([H])[C@@]2([H])CCC2=C(O)C(=O)CC[C@]12C,BQOIJSIMMIDHMO-FBPKJDBXSA-N,C[C@@]12CC[C@H]3[C@@H](CC[C@H]4CC(=O)CC[C@@]43C)[C@H]1CC[C@H]2O,ZINC15 : ZINC000003843727,morgan,0.5102040816326531,zinc15
[H][C@@]12CC[C@H](O)[C@@]1(C)CC[C@@]1([H])[C@@]2([H])CCC2=C(O)C(=O)CC[C@]12C,BQOIJSIMMIDHMO-FBPKJDBXSA-N,C[C@]12CC[C@H]3[C@@H](CC[C@H]4CC(=O)CC[C@@]43C)[C@@H]1CC[C@@H]2O,ZINC15 : ZINC000003814360,morgan,0.5102040816326531,zinc15
[H][C@@]12CC[C@H](O)[C@@]1(C)CC[C@@]1([H])[C@@]2([H])CCC2=C(O)C(=O)CC[C@]12C,BQOIJSIMMIDHMO-FBPKJDBXSA-N,C[C@]12CC[C@H]3[C@@H](CC[C@H]4CC(=O)CC[C@@]43C)[C@H]1CC[C@H]2O,ZINC15 : ZINC000013399588,morgan,0.5102040816326531,zinc15
[H][C@@]12CC[C@H](O)[C@@]1(C)CC[C@@]1([H])[C@@]2([H])CCC2=C(O)C(=O)CC[C@]12C,BQOIJSIMMIDHMO-FBPKJDBXSA-N,C[C@]12CC[C@@H]3[C@H](CC[C@H]4CC(=O)CC[C@]34C)[C@@H]1CC[C@H]2O,ZINC15 : ZINC000039737972,morgan,0.5102040816326531,zinc15
[H][C@@]12CC[C@H](O)[C@@]1(C)CC[C@@]1([H])[C@@]2([H])CCC2=C(O)C(=O)CC[C@]12C,BQOIJSIMMIDHMO-FBPKJDBXSA-N,C[C@]12CC[C@H]3[C@@H](CC[C@H]4CCC(=O)C[C@@]43C)[C@@H]1CC[C@@H]2O,ZINC15 : ZINC000118925033,morgan,0.5102040816326531,zinc15
[H][C@@]12CC[C@H](O)[C@@]1(C)CC[C@@]1([H])[C@@]2([H])CCC2=C(O)C(=O)CC[C@]12C,BQOIJSIMMIDHMO-FBPKJDBXSA-N,C[C@]12CC[C@H]3[C@@H](CC[C@H]4CCC(=O)C[C@@]43C)[C@@H]1CC[C@H]2O,ZINC15 : ZINC000118925035,morgan,0.5102040816326531,zinc15
[H][C@@]12CC[C@H](O)[C@@]1(C)CC[C@@]1([H])[C@@]2([H])CCC2=C(O)C(=O)CC[C@]12C,BQOIJSIMMIDHMO-FBPKJDBXSA-N,C[C@]12CC[C@@H]3[C@H](CC[C@H]4CCC(=O)C[C@]34C)[C@@H]1CC[C@H]2O,ZINC15 : ZINC000257345595,morgan,0.5102040816326531,zinc15
[H][C@@]12CC[C@H](O)[C@@]1(C)CC[C@@]1([H])[C@@]2([H])CCC2=C(O)C(=O)CC[C@]12C,BQOIJSIMMIDHMO-FBPKJDBXSA-N,C[C@]12CC[C@@H]3[C@H](CC[C@H]4CCC(=O)C[C@]34C)[C@H]1CC[C@H]2O,ZINC15 : ZINC000254708343,morgan,0.5102040816326531,zinc15
[H][C@@]12CC[C@H](O)[C@@]1(C)CC[C@@]1([H])[C@@]2([H])CCC2=C(O)C(=O)CC[C@]12C,BQOIJSIMMIDHMO-FBPKJDBXSA-N,C[C@]12CC[C@@H]3[C@H](CC[C@H]4CCC(=O)C[C@]34C)[C@@H]1CC[C@@H]2O,ZINC15 : ZINC000005276674,morgan,0.5102040816326531,zinc15
[H][C@@]12CC[C@H](O)[C@@]1(C)CC[C@@]1([H])[C@@]2([H])CCC2=C(O)C(=O)CC[C@]12C,BQOIJSIMMIDHMO-FBPKJDBXSA-N,C[C@@]12CC[C@@H]3[C@H](CC[C@H]4CC(=O)CC[C@]34C)[C@H]1CC[C@H]2O,ZINC15 : ZINC000253537540,morgan,0.5102040816326531,zinc15
[H][C@@]12CC[C@H](O)[C@@]1(C)CC[C@@]1([H])[C@@]2([H])CCC2=C(O)C(=O)CC[C@]12C,BQOIJSIMMIDHMO-FBPKJDBXSA-N,C[C@]12CC[C@@H]3[C@H](CC[C@H]4CC(=O)CC[C@]34C)[C@H]1CC[C@@H]2O,ZINC15 : ZINC000005529900,morgan,0.5102040816326531,zinc15
[H][C@@]12CC[C@H](O)[C@@]1(C)CC[C@@]1([H])[C@@]2([H])CCC2=C(O)C(=O)CC[C@]12C,BQOIJSIMMIDHMO-FBPKJDBXSA-N,C[C@]12CC[C@@H]3[C@H](CC[C@H]4CC(=O)CC[C@]34C)[C@H]1CC[C@H]2O,ZINC15 : ZINC000035260592,morgan,0.5102040816326531,zinc15
[H][C@@]12CC[C@H](O)[C@@]1(C)CC[C@@]1([H])[C@@]2([H])CCC2=C(O)C(=O)CC[C@]12C,BQOIJSIMMIDHMO-FBPKJDBXSA-N,C[C@]12CC[C@@H]3[C@@H](CC[C@H]4CC(=O)CC[C@]34C)[C@@H]1CC[C@@H]2O,ZINC15 : ZINC000006623656,morgan,0.5102040816326531,zinc15
[H][C@@]12CC[C@H](O)[C@@]1(C)CC[C@@]1([H])[C@@]2([H])CCC2=C(O)C(=O)CC[C@]12C,BQOIJSIMMIDHMO-FBPKJDBXSA-N,C[C@]12CC[C@@H]3[C@H](CC[C@H]4CC(=O)CC[C@]34C)[C@@H]1CC[C@@H]2O,ZINC15 : ZINC000016890071,morgan,0.5102040816326531,zinc15
[H][C@@]12CC[C@H](O)[C@@]1(C)CC[C@@]1([H])[C@@]2([H])CCC2=C(O)C(=O)CC[C@]12C,BQOIJSIMMIDHMO-FBPKJDBXSA-N,C[C@]12CC[C@@H]3[C@@H](CC[C@H]4CC(=O)CC[C@]34C)[C@H]1CC[C@@H]2O,ZINC15 : ZINC000000401445,morgan,0.5102040816326531,zinc15
[H][C@@]12CC[C@H](O)[C@@]1(C)CC[C@@]1([H])[C@@]2([H])CCC2=C(O)C(=O)CC[C@]12C,BQOIJSIMMIDHMO-FBPKJDBXSA-N,C[C@]12CC[C@H]3[C@@H](CC[C@H]4CC(=O)CC[C@@]43C)[C@H]1CC[C@@H]2O,ZINC15 : ZINC000005529897,morgan,0.5102040816326531,zinc15
[H][C@@]12CC[C@H](O)[C@@]1(C)CC[C@@]1([H])[C@@]2([H])CCC2=C(O)C(=O)CC[C@]12C,BQOIJSIMMIDHMO-FBPKJDBXSA-N,C[C@]12CC[C@H]3[C@@H](CC[C@@H]4CC(=O)CC[C@@]43C)[C@@H]1CC[C@@H]2O,ZINC15 : ZINC000003814418,morgan,0.5102040816326531,zinc15
[H][C@@]12CC[C@H](O)[C@@]1(C)CC[C@@]1([H])[C@@]2([H])CCC2=C(O)C(=O)CC[C@]12C,BQOIJSIMMIDHMO-FBPKJDBXSA-N,C[C@]12CC[C@H]3[C@@H](CC4(CC4)C4=CC(=O)CC[C@@]43C)[C@@H]1CC[C@H]2O,ZINC15 : ZINC000118919271,morgan,0.5094339622641509,zinc15
[H][C@@]12CC[C@H](O)[C@@]1(C)CC[C@@]1([H])[C@@]2([H])CCC2=C(O)C(=O)CC[C@]12C,BQOIJSIMMIDHMO-FBPKJDBXSA-N,C[C@]12CC[C@H]3[C@@H](CC4(CC4)C4=CC(=O)CC[C@@]43C)[C@@H]1CC[C@@H]2O,ZINC15 : ZINC000118919270,morgan,0.5094339622641509,zinc15
[H][C@@]12CC[C@H](O)[C@@]1(C)CC[C@@]1([H])[C@@]2([H])CCC2=C(O)C(=O)CC[C@]12C,BQOIJSIMMIDHMO-FBPKJDBXSA-N,C[C@]12CC[C@@H]3[C@@H](CCC4=CC(=O)CC[C@@]43CO)[C@@H]1CC[C@@H]2O,ZINC15 : ZINC000004026293,morgan,0.5,zinc15
[H][C@@]12CC[C@H](O)[C@@]1(C)CC[C@@]1([H])[C@@]2([H])CCC2=C(O)C(=O)CC[C@]12C,BQOIJSIMMIDHMO-FBPKJDBXSA-N,C[C@]12CC[C@H]3[C@@H](CCC4=CC(=O)C=C[C@@]43C)[C@H]1CC[C@H]2O,ZINC15 : ZINC000004073881,morgan,0.5,zinc15
[H][C@@]12CC[C@H](O)[C@@]1(C)CC[C@@]1([H])[C@@]2([H])CCC2=C(O)C(=O)CC[C@]12C,BQOIJSIMMIDHMO-FBPKJDBXSA-N,C[C@]12CC[C@H]3[C@@H](CCC4=CC(=O)CC[C@@]43CO)[C@@H]1CC[C@@H]2O,ZINC15 : ZINC000004026294,morgan,0.5,zinc15
[H][C@@]12CC[C@H](O)[C@@]1(C)CC[C@@]1([H])[C@@]2([H])CCC2=C(O)C(=O)CC[C@]12C,BQOIJSIMMIDHMO-FBPKJDBXSA-N,C[C@@]12CC[C@@H]3[C@H](CCC4=CC(=O)C=C[C@@]43C)[C@H]1CC[C@H]2O,ZINC15 : ZINC000253498980,morgan,0.5,zinc15
[H][C@@]12CC[C@H](O)[C@@]1(C)CC[C@@]1([H])[C@@]2([H])CCC2=C(O)C(=O)CC[C@]12C,BQOIJSIMMIDHMO-FBPKJDBXSA-N,C[C@]12CC[C@@H]3[C@H](CCC4=CC(=O)C=C[C@@]43C)[C@H]1CC[C@@H]2O,ZINC15 : ZINC000242649038,morgan,0.5,zinc15
[H][C@@]12CC[C@H](O)[C@@]1(C)CC[C@@]1([H])[C@@]2([H])CCC2=C(O)C(=O)CC[C@]12C,BQOIJSIMMIDHMO-FBPKJDBXSA-N,C[C@]12CC[C@H]3[C@@H](CCC4=CC(=O)CC[C@@]43CO)[C@H]1CC[C@@H]2O,ZINC15 : ZINC000004026296,morgan,0.5,zinc15
[H][C@@]12CC[C@H](O)[C@@]1(C)CC[C@@]1([H])[C@@]2([H])CCC2=C(O)C(=O)CC[C@]12C,BQOIJSIMMIDHMO-FBPKJDBXSA-N,C[C@]12CC[C@H]3[C@@H](CCC4=CC(=O)C=C[C@@]43C)[C@@H]1CC[C@H]2O,ZINC15 : ZINC000004073879,morgan,0.5,zinc15
[H][C@@]12CC[C@H](O)[C@@]1(C)CC[C@@]1([H])[C@@]2([H])CCC2=C(O)C(=O)CC[C@]12C,BQOIJSIMMIDHMO-FBPKJDBXSA-N,C[C@@]12CC[C@H]3[C@H](CC[C@H]4OC(=O)CC[C@@]43C)[C@@H]1CC[C@@H]2O,ZINC15 : ZINC000006266762,morgan,0.5,zinc15
[H][C@@]12CC[C@H](O)[C@@]1(C)CC[C@@]1([H])[C@@]2([H])CCC2=C(O)C(=O)CC[C@]12C,BQOIJSIMMIDHMO-FBPKJDBXSA-N,C[C@]12CC[C@H]3[C@@H](CCC4=CC(=O)C=C[C@@]43C)[C@@H]1CC[C@@H]2O,ZINC15 : ZINC000004215042,morgan,0.5,zinc15
[H][C@@]12CC[C@H](O)[C@@]1(C)CC[C@@]1([H])[C@@]2([H])CCC2=C(O)C(=O)CC[C@]12C,BQOIJSIMMIDHMO-FBPKJDBXSA-N,C[C@]12CC[C@H]3[C@@H](CC=C4C(F)(F)C(=O)CC[C@@]43C)[C@@H]1CC[C@H]2O,ZINC15 : ZINC000118929315,morgan,0.5,zinc15
[H][C@@]12CC[C@H](O)[C@@]1(C)CC[C@@]1([H])[C@@]2([H])CCC2=C(O)C(=O)CC[C@]12C,BQOIJSIMMIDHMO-FBPKJDBXSA-N,C[C@]12CC[C@@H]3[C@H](CCC4=C(Cl)C(=O)CC[C@@]43C)[C@@H]1CC[C@H]2O,ZINC15 : ZINC000036387475,espsim_electrostatic,0.7727272727272727,zinc15
[H][C@@]12CC[C@H](O)[C@@]1(C)CC[C@@]1([H])[C@@]2([H])CCC2=C(O)C(=O)CC[C@]12C,BQOIJSIMMIDHMO-FBPKJDBXSA-N,C[C@]12CC[C@H]3[C@@H](CCC4=C(Cl)C(=O)CC[C@@]43C)[C@@H]1CC[C@@H]2O,ZINC15 : ZINC000004025021,espsim_electrostatic,0.7727272727272727,zinc15
[H][C@@]12CC[C@H](O)[C@@]1(C)CC[C@@]1([H])[C@@]2([H])CCC2=C(O)C(=O)CC[C@]12C,BQOIJSIMMIDHMO-FBPKJDBXSA-N,C[C@]12CC[C@H]3[C@@H](CCC4=C(Cl)C(=O)CC[C@@]43C)[C@@H]1CC[C@H]2O,ZINC15 : ZINC000118918349,espsim_electrostatic,0.7727272727272727,zinc15
[H][C@@]12CC[C@H](O)[C@@]1(C)CC[C@@]1([H])[C@@]2([H])CCC2=C(O)C(=O)CC[C@]12C,BQOIJSIMMIDHMO-FBPKJDBXSA-N,C[C@]12CC[C@@H]3[C@H](CCC4=C(Cl)C(=O)CC[C@@]43C)[C@H]1CC[C@H]2O,ZINC15 : ZINC000252694406,espsim_electrostatic,0.7727272727272727,zinc15
[H][C@@]12CC[C@H](O)[C@@]1(C)CC[C@@]1([H])[C@@]2([H])CCC2=C(O)C(=O)CC[C@]12C,BQOIJSIMMIDHMO-FBPKJDBXSA-N,C[C@]12CC[C@@H]3[C@H](CCC4=C(Cl)C(=O)CC[C@@]43C)[C@@H]1CC[C@@H]2O,ZINC15 : ZINC000004025017,espsim_electrostatic,0.7727272727272727,zinc15
[H][C@@]12CC[C@H](O)[C@@]1(C)CC[C@@]1([H])[C@@]2([H])CCC2=C(O)C(=O)CC[C@]12C,BQOIJSIMMIDHMO-FBPKJDBXSA-N,C[C@]12CC[C@@H]3[C@H](CCC4=C(Cl)C(=O)CC[C@@]43C)[C@H]1CC[C@@H]2O,ZINC15 : ZINC000252694405,espsim_electrostatic,0.7727272727272727,zinc15
[H][C@@]12CC[C@H](O)[C@@]1(C)CC[C@@]1([H])[C@@]2([H])CCC2=C(O)C(=O)CC[C@]12C,BQOIJSIMMIDHMO-FBPKJDBXSA-N,C[C@]12CC[C@H]3[C@@H](CCC4=CC(=O)CC[C@@]43C)[C@H]1CC[C@H]2O,ZINC15 : ZINC000012496215,espsim_electrostatic,0.6041666666666666,zinc15
[H][C@@]12CC[C@H](O)[C@@]1(C)CC[C@@]1([H])[C@@]2([H])CCC2=C(O)C(=O)CC[C@]12C,BQOIJSIMMIDHMO-FBPKJDBXSA-N,C[C@]12CC[C@@H]3[C@H](CCC4=CC(=O)CC[C@@]43C)[C@H]1CC[C@H]2O,ZINC15 : ZINC000238901809,espsim_electrostatic,0.6041666666666666,zinc15
[H][C@@]12CC[C@H](O)[C@@]1(C)CC[C@@]1([H])[C@@]2([H])CCC2=C(O)C(=O)CC[C@]12C,BQOIJSIMMIDHMO-FBPKJDBXSA-N,C[C@@]12CC[C@H]3[C@@H](CCC4=CC(=O)CC[C@@]43C)[C@H]1CC[C@H]2O,ZINC15 : ZINC000253497886,espsim_electrostatic,0.6041666666666666,zinc15
[H][C@@]12CC[C@H](O)[C@@]1(C)CC[C@@]1([H])[C@@]2([H])CCC2=C(O)C(=O)CC[C@]12C,BQOIJSIMMIDHMO-FBPKJDBXSA-N,C[C@]12CC[C@@H]3[C@@H](CCC4=CC(=O)CC[C@@]43C)[C@@H]1CC[C@@H]2O,ZINC15 : ZINC000003983872,espsim_electrostatic,0.6041666666666666,zinc15
[H][C@@]12CC[C@H](O)[C@@]1(C)CC[C@@]1([H])[C@@]2([H])CCC2=C(O)C(=O)CC[C@]12C,BQOIJSIMMIDHMO-FBPKJDBXSA-N,C[C@]12CC[C@H]3[C@@H](CCC4=CC(=O)CC[C@@]43C)[C@@H]1CC[C@@H]2O,ZINC15 : ZINC000118912393,espsim_electrostatic,0.6041666666666666,zinc15
[H][C@@]12CC[C@H](O)[C@@]1(C)CC[C@@]1([H])[C@@]2([H])CCC2=C(O)C(=O)CC[C@]12C,BQOIJSIMMIDHMO-FBPKJDBXSA-N,C[C@]12CC[C@@H]3[C@H](CCC4=CC(=O)CC[C@@]43C)[C@H]1CC[C@@H]2O,ZINC15 : ZINC000238901810,espsim_electrostatic,0.6041666666666666,zinc15
[H][C@@]12CC[C@H](O)[C@@]1(C)CC[C@@]1([H])[C@@]2([H])CCC2=C(O)C(=O)CC[C@]12C,BQOIJSIMMIDHMO-FBPKJDBXSA-N,C[C@]12CC[C@@H]3[C@@H](CCC4=CC(=O)CC[C@@]43C)[C@H]1CC[C@@H]2O,ZINC15 : ZINC000006482659,espsim_electrostatic,0.6041666666666666,zinc15
[H][C@@]12CC[C@H](O)[C@@]1(C)CC[C@@]1([H])[C@@]2([H])CCC2=C(O)C(=O)CC[C@]12C,BQOIJSIMMIDHMO-FBPKJDBXSA-N,C[C@@]12CC[C@H]3[C@@H](CCC4=CC(=O)CC[C@@]43C)[C@@H]1CC[C@H]2O,ZINC15 : ZINC000013507167,espsim_electrostatic,0.6041666666666666,zinc15
[H][C@@]12CC[C@H](O)[C@@]1(C)CC[C@@]1([H])[C@@]2([H])CCC2=C(O)C(=O)CC[C@]12C,BQOIJSIMMIDHMO-FBPKJDBXSA-N,C[C@]12CC[C@H]3[C@@H](CCC4=CC(=O)CC[C@@]43C)[C@H]1CC[C@@H]2O,ZINC15 : ZINC000006482817,espsim_electrostatic,0.6041666666666666,zinc15
[H][C@@]12CC[C@H](O)[C@@]1(C)CC[C@@]1([H])[C@@]2([H])CCC2=C(O)C(=O)CC[C@]12C,BQOIJSIMMIDHMO-FBPKJDBXSA-N,C[C@]12CC[C@@H]3[C@H](CCC4=CC(=O)CC[C@@]43C)[C@@H]1CC[C@H]2O,ZINC15 : ZINC000012494147,espsim_electrostatic,0.6041666666666666,zinc15
[H][C@@]12CC[C@H](O)[C@@]1(C)CC[C@@]1([H])[C@@]2([H])CCC2=C(O)C(=O)CC[C@]12C,BQOIJSIMMIDHMO-FBPKJDBXSA-N,C[C@]12CC[C@@H]3[C@H](CCC4=CC(=O)CC[C@@]43C)[C@@H]1CC[C@@H]2O,ZINC15 : ZINC000003983870,espsim_electrostatic,0.6041666666666666,zinc15
[H][C@@]12CC[C@H](O)[C@@]1(C)CC[C@@]1([H])[C@@]2([H])CCC2=C(O)C(=O)CC[C@]12C,BQOIJSIMMIDHMO-FBPKJDBXSA-N,C[C@@]12CC[C@@H]3[C@H](CCC4=CC(=O)CC[C@@]43C)[C@H]1CC[C@H]2O,ZINC15 : ZINC000008602992,espsim_electrostatic,0.6041666666666666,zinc15
[H][C@@]12CC[C@H](O)[C@@]1(C)CC[C@@]1([H])[C@@]2([H])CCC2=C(O)C(=O)CC[C@]12C,BQOIJSIMMIDHMO-FBPKJDBXSA-N,C[C@]12CC[C@H]3[C@@H](CCC4=CC(=O)CC[C@@]43C)[C@@H]1CC[C@H]2O,ZINC15 : ZINC000004538008,espsim_electrostatic,0.6041666666666666,zinc15
[H][C@@]12CC[C@H](O)[C@@]1(C)CC[C@@]1([H])[C@@]2([H])CCC2=C(O)C(=O)CC[C@]12C,BQOIJSIMMIDHMO-FBPKJDBXSA-N,C[C@@]12CC[C@@H]3[C@H](CCC4=CC(=O)CC[C@@]43C)[C@H]1CC[C@@H]2O,ZINC15 : ZINC000039949190,espsim_electrostatic,0.6041666666666666,zinc15
[H][C@@]12CC[C@H](O)[C@@]1(C)CC[C@@]1([H])[C@@]2([H])CCC2=C(O)C(=O)CC[C@]12C,BQOIJSIMMIDHMO-FBPKJDBXSA-N,C[C@]12CC[C@H]3[C@@H](CCC4=CC(=O)[C@H](O)C[C@@]43C)[C@@H]1CC[C@@H]2O,ZINC15 : ZINC000118914294,espsim_electrostatic,0.5490196078431373,zinc15
[H][C@@]12CC[C@H](O)[C@@]1(C)CC[C@@]1([H])[C@@]2([H])CCC2=C(O)C(=O)CC[C@]12C,BQOIJSIMMIDHMO-FBPKJDBXSA-N,C[C@]12CC[C@H]3[C@@H](CCC4=CC(=O)[C@@H](O)C[C@@]43C)[C@@H]1CC[C@@H]2O,ZINC15 : ZINC000025723415,espsim_electrostatic,0.5490196078431373,zinc15
[H][C@@]12CC[C@H](O)[C@@]1(C)CC[C@@]1([H])[C@@]2([H])CCC2=C(O)C(=O)CC[C@]12C,BQOIJSIMMIDHMO-FBPKJDBXSA-N,C[C@@]12CC[C@H]3[C@H](CC4=CC(=O)CC[C@]43C)[C@@H]1CC[C@@H]2O,ZINC15 : ZINC000006931339,espsim_electrostatic,0.54,zinc15
[H][C@@]12CC[C@H](O)[C@@]1(C)CC[C@@]1([H])[C@@]2([H])CCC2=C(O)C(=O)CC[C@]12C,BQOIJSIMMIDHMO-FBPKJDBXSA-N,C[C@@]12CC[C@@H]3[C@H](CC4=CC(=O)CC[C@]43C)[C@@H]1CC[C@@H]2O,ZINC15 : ZINC000006931276,espsim_electrostatic,0.54,zinc15
[H][C@@]12CC[C@H](O)[C@@]1(C)CC[C@@]1([H])[C@@]2([H])CCC2=C(O)C(=O)CC[C@]12C,BQOIJSIMMIDHMO-FBPKJDBXSA-N,C[C@]12CC[C@H]3[C@@H](CCC4=CC(=O)[C@H](F)C[C@@]43C)[C@H]1CC[C@H]2O,ZINC15 : ZINC000090647881,espsim_electrostatic,0.5283018867924528,zinc15
[H][C@@]12CC[C@H](O)[C@@]1(C)CC[C@@]1([H])[C@@]2([H])CCC2=C(O)C(=O)CC[C@]12C,BQOIJSIMMIDHMO-FBPKJDBXSA-N,C[C@]12CC[C@H]3[C@@H](CCC4=CC(=O)[C@H](F)C[C@@]43C)[C@@H]1CC[C@@H]2O,ZINC15 : ZINC000030729145,espsim_electrostatic,0.5283018867924528,zinc15
[H][C@@]12CC[C@H](O)[C@@]1(C)CC[C@@]1([H])[C@@]2([H])CCC2=C(O)C(=O)CC[C@]12C,BQOIJSIMMIDHMO-FBPKJDBXSA-N,C[C@]12CC[C@H]3[C@@H](CCC4=CC(=O)[C@H](F)C[C@@]43C)[C@H]1CC[C@@H]2O,ZINC15 : ZINC000090647880,espsim_electrostatic,0.5283018867924528,zinc15
[H][C@@]12CC[C@H](O)[C@@]1(C)CC[C@@]1([H])[C@@]2([H])CCC2=C(O)C(=O)CC[C@]12C,BQOIJSIMMIDHMO-FBPKJDBXSA-N,C[C@]12CC[C@H]3[C@@H](CCC4=CC(=O)[C@H](F)C[C@@]43C)[C@@H]1CC[C@H]2O,ZINC15 : ZINC000118912861,espsim_electrostatic,0.5283018867924528,zinc15
[H][C@@]12CC[C@H](O)[C@@]1(C)CC[C@@]1([H])[C@@]2([H])CCC2=C(O)C(=O)CC[C@]12C,BQOIJSIMMIDHMO-FBPKJDBXSA-N,C[C@]12CC[C@H]3[C@@H](CCC4=CC(=O)[C@@H](F)C[C@@]43C)[C@@H]1CC[C@@H]2O,ZINC15 : ZINC000118912862,espsim_electrostatic,0.5283018867924528,zinc15
[H][C@@]12CC[C@H](O)[C@@]1(C)CC[C@@]1([H])[C@@]2([H])CCC2=C(O)C(=O)CC[C@]12C,BQOIJSIMMIDHMO-FBPKJDBXSA-N,C[C@]12CC[C@H]3[C@@H](CCC4=CC(=O)[C@@H](F)C[C@@]43C)[C@@H]1CC[C@H]2O,ZINC15 : ZINC000118912863,espsim_electrostatic,0.5283018867924528,zinc15
[H][C@@]12CC[C@H](O)[C@@]1(C)CC[C@@]1([H])[C@@]2([H])CCC2=C(O)C(=O)CC[C@]12C,BQOIJSIMMIDHMO-FBPKJDBXSA-N,C[C@]12CC[C@H]3[C@@H](C[C@@H](O)C4=CC(=O)CC[C@@]43C)[C@@H]1CC[C@@H]2O,ZINC15 : ZINC000005764534,espsim_electrostatic,0.5192307692307693,zinc15
[H][C@@]12CC[C@H](O)[C@@]1(C)CC[C@@]1([H])[C@@]2([H])CCC2=C(O)C(=O)CC[C@]12C,BQOIJSIMMIDHMO-FBPKJDBXSA-N,C[C@@]12CC[C@@H]3[C@H](CCC4=CC(=O)CC[C@]43C)[C@@H]1CCC[C@@H]2O,ZINC15 : ZINC000004727213,espsim_electrostatic,0.5192307692307693,zinc15
[H][C@@]12CC[C@H](O)[C@@]1(C)CC[C@@]1([H])[C@@]2([H])CCC2=C(O)C(=O)CC[C@]12C,BQOIJSIMMIDHMO-FBPKJDBXSA-N,C[C@]12CC[C@H]3[C@@H](C[C@H](O)C4=CC(=O)CC[C@@]43C)[C@@H]1CC[C@@H]2O,ZINC15 : ZINC000022061249,espsim_electrostatic,0.5192307692307693,zinc15
[H][C@@]12CC[C@H](O)[C@@]1(C)CC[C@@]1([H])[C@@]2([H])CCC2=C(O)C(=O)CC[C@]12C,BQOIJSIMMIDHMO-FBPKJDBXSA-N,C[C@]12CC[C@H]3[C@@H](C[C@H](O)C4=CC(=O)CC[C@@]43C)[C@@H]1CC[C@H]2O,ZINC15 : ZINC000118916966,espsim_electrostatic,0.5192307692307693,zinc15
[H][C@@]12CC[C@H](O)[C@@]1(C)CC[C@@]1([H])[C@@]2([H])CCC2=C(O)C(=O)CC[C@]12C,BQOIJSIMMIDHMO-FBPKJDBXSA-N,C[C@]12CC[C@H]3[C@@H](C[C@@H](O)C4=CC(=O)CC[C@@]43C)[C@@H]1CC[C@H]2O,ZINC15 : ZINC000118916967,espsim_electrostatic,0.5192307692307693,zinc15
[H][C@@]12CC[C@H](O)[C@@]1(C)CC[C@@]1([H])[C@@]2([H])CCC2=C(O)C(=O)CC[C@]12C,BQOIJSIMMIDHMO-FBPKJDBXSA-N,C[C@@]12CC[C@H]3[C@H](CCC4=CC(=O)CC[C@]43C)[C@@H]1CCC[C@@H]2O,ZINC15 : ZINC000004727215,espsim_electrostatic,0.5192307692307693,zinc15
[H][C@@]12CC[C@H](O)[C@@]1(C)CC[C@@]1([H])[C@@]2([H])CCC2=C(O)C(=O)CC[C@]12C,BQOIJSIMMIDHMO-FBPKJDBXSA-N,C[C@@]12CC[C@@H]3[C@H](CC[C@H]4OC(=O)CC[C@@]43C)[C@@H]1CC[C@@H]2O,ZINC15 : ZINC000006266695,espsim_electrostatic,0.5,zinc15
[H][C@@]12CC[C@H](O)[C@@]1(C)CC[C@@]1([H])[C@@]2([H])CCC2=C(O)C(=O)CC[C@]12C,BQOIJSIMMIDHMO-FBPKJDBXSA-N,C[C@]12CC[C@@H]3[C@H](CC[C@H]4OC(=O)CC[C@@]43C)[C@@H]1CC[C@@H]2O,ZINC15 : ZINC000006268681,espsim_electrostatic,0.5,zinc15
[H][C@@]12CC[C@H](O)[C@@]1(C)CC[C@@]1([H])[C@@]2([H])CCC2=C(O)C(=O)CC[C@]12C,BQOIJSIMMIDHMO-FBPKJDBXSA-N,C[C@]12CC[C@H]3[C@@H](CC(=C(Br)Br)C4=CC(=O)CC[C@@]43C)[C@@H]1CC[C@H]2O,ZINC15 : ZINC000118927195,espsim_electrostatic,0.5,zinc15
[H][C@@]12CC[C@H](O)[C@@]1(C)CC[C@@]1([H])[C@@]2([H])CCC2=C(O)C(=O)CC[C@]12C,BQOIJSIMMIDHMO-FBPKJDBXSA-N,CCC(=O)O[C@H]1CC[C@H]2[C@@H]3CCC4=C(F)C(=O)CC[C@]4(C)[C@H]3CC[C@]12C,ZINC15 : ZINC000004758436,espsim_electrostatic,0.5,zinc15
[H][C@@]12CC[C@H](O)[C@@]1(C)CC[C@@]1([H])[C@@]2([H])CCC2=C(O)C(=O)CC[C@]12C,BQOIJSIMMIDHMO-FBPKJDBXSA-N,C[C@]12CC[C@@H]3[C@@H](CCC4=CC(=O)CC[C@@]43CO)[C@@H]1CC[C@@H]2O,ZINC15 : ZINC000004026293,espsim_electrostatic,0.5,zinc15
[H][C@@]12CC[C@H](O)[C@@]1(C)CC[C@@]1([H])[C@@]2([H])CCC2=C(O)C(=O)CC[C@]12C,BQOIJSIMMIDHMO-FBPKJDBXSA-N,C[C@]12CC[C@H]3[C@@H](CCC4=CC(=O)CC[C@@]43CO)[C@@H]1CC[C@@H]2O,ZINC15 : ZINC000004026294,espsim_electrostatic,0.5,zinc15
[H][C@@]12CC[C@H](O)[C@@]1(C)CC[C@@]1([H])[C@@]2([H])CCC2=C(O)C(=O)CC[C@]12C,BQOIJSIMMIDHMO-FBPKJDBXSA-N,C[C@]12CC[C@H]3[C@@H](CCC4=CC(=O)CC[C@@]43CO)[C@@H]1CC[C@H]2O,ZINC15 : ZINC000118914679,espsim_electrostatic,0.5,zinc15
[H][C@@]12CC[C@H](O)[C@@]1(C)CC[C@@]1([H])[C@@]2([H])CCC2=C(O)C(=O)CC[C@]12C,BQOIJSIMMIDHMO-FBPKJDBXSA-N,C[C@]12CC[C@H]3[C@@H](CC(=C(Br)Br)C4=CC(=O)CC[C@@]43C)[C@@H]1CC[C@@H]2O,ZINC15 : ZINC000004777618,espsim_electrostatic,0.5,zinc15
[H][C@@]12CC[C@H](O)[C@@]1(C)CC[C@@]1([H])[C@@]2([H])CCC2=C(O)C(=O)CC[C@]12C,BQOIJSIMMIDHMO-FBPKJDBXSA-N,C[C@]12CC[C@@H]3[C@@H](CCC4=CC(=O)CC[C@@]43CO)[C@H]1CC[C@@H]2O,ZINC15 : ZINC000004026295,espsim_electrostatic,0.5,zinc15
[H][C@@]12CC[C@H](O)[C@@]1(C)CC[C@@]1([H])[C@@]2([H])CCC2=C(O)C(=O)CC[C@]12C,BQOIJSIMMIDHMO-FBPKJDBXSA-N,C[C@]12CC[C@H]3[C@@H](CCC4=CC(=O)CC[C@@]43CO)[C@H]1CC[C@@H]2O,ZINC15 : ZINC000004026296,espsim_electrostatic,0.5,zinc15
[H][C@@]12CC[C@H](O)[C@@]1(C)CC[C@@]1([H])[C@@]2([H])CCC2=C(O)C(=O)CC[C@]12C,BQOIJSIMMIDHMO-FBPKJDBXSA-N,C[C@@]12CC[C@H]3[C@H](CC[C@H]4OC(=O)CC[C@@]43C)[C@@H]1CC[C@@H]2O,ZINC15 : ZINC000006266762,espsim_electrostatic,0.5,zinc15
[H][C@@]12CC[C@H](O)[C@@]1(C)CC[C@@]1([H])[C@@]2([H])CCC2=C(O)C(=O)CC[C@]12C,BQOIJSIMMIDHMO-FBPKJDBXSA-N,C[C@]12CC[C@H]3[C@@H](C[C@H](F)C4=CC(=O)CC[C@@]43C)[C@@H]1CC[C@@H]2O,ZINC15 : ZINC000013818206,espsim_electrostatic,0.5,zinc15
[H][C@@]12CC[C@H](O)[C@@]1(C)CC[C@@]1([H])[C@@]2([H])CCC2=C(O)C(=O)CC[C@]12C,BQOIJSIMMIDHMO-FBPKJDBXSA-N,C[C@]12CC[C@H]3[C@@H](C[C@@H](F)C4=CC(=O)CC[C@@]43C)[C@@H]1CC[C@@H]2O,ZINC15 : ZINC000004748138,espsim_electrostatic,0.5,zinc15
[H][C@@]12CC[C@H](O)[C@@]1(C)CC[C@@]1([H])[C@@]2([H])CCC2=C(O)C(=O)CC[C@]12C,BQOIJSIMMIDHMO-FBPKJDBXSA-N,C[C@]12CC[C@H]3[C@@H](C[C@@H](F)C4=CC(=O)CC[C@@]43C)[C@@H]1CC[C@H]2O,ZINC15 : ZINC000118916972,espsim_electrostatic,0.5,zinc15
[H][C@@]12CC[C@H](O)[C@@]1(C)CC[C@@]1([H])[C@@]2([H])CCC2=C(O)C(=O)CC[C@]12C,BQOIJSIMMIDHMO-FBPKJDBXSA-N,C[C@]12CC[C@H]3[C@@H](C[C@H](F)C4=CC(=O)CC[C@@]43C)[C@@H]1CC[C@H]2O,ZINC15 : ZINC000118916971,espsim_electrostatic,0.5,zinc15
[H][C@@]12CC[C@H](O)[C@@]1(C)CC[C@@]1([H])[C@@]2([H])CCC2=C(O)C(=O)CC[C@]12C,BQOIJSIMMIDHMO-FBPKJDBXSA-N,C[C@]12CC[C@H]3[C@H](CC[C@H]4OC(=O)CC[C@@]43C)[C@@H]1CC[C@@H]2O,ZINC15 : ZINC000006268752,espsim_electrostatic,0.5,zinc15
[H][C@@]12CC[C@H](O)[C@@]1(C)CC[C@@]1([H])[C@@]2([H])CCC2=C(O)C(=O)CC[C@]12C,BQOIJSIMMIDHMO-FBPKJDBXSA-N,CCC(=O)O[C@@H]1CC[C@H]2[C@@H]3CCC4=C(F)C(=O)CC[C@]4(C)[C@H]3CC[C@]12C,ZINC15 : ZINC000001693757,espsim_electrostatic,0.5,zinc15
[H][C@@]12CC[C@H](O)[C@@]1(C)CC[C@@]1([H])[C@@]2([H])CCC2=C(O)C(=O)CC[C@]12C,BQOIJSIMMIDHMO-FBPKJDBXSA-N,C[C@@]12CC[C@H]3[C@@H](CCC[C@@H]4CC(=O)CC[C@]43C)[C@H]1CC[C@@H]2O,ZINC15 : ZINC000005028684,espsim_electrostatic,0.49019607843137253,zinc15
[H][C@@]12CC[C@H](O)[C@@]1(C)CC[C@@]1([H])[C@@]2([H])CCC2=C(O)C(=O)CC[C@]12C,BQOIJSIMMIDHMO-FBPKJDBXSA-N,C[C@@]12CC[C@H]3[C@@H](CCC[C@@H]4CC(=O)CC[C@@]43C)[C@H]1CC[C@@H]2O,ZINC15 : ZINC000005028686,espsim_electrostatic,0.49019607843137253,zinc15
[H][C@@]12CC[C@H](O)[C@@]1(C)CC[C@@]1([H])[C@@]2([H])CCC2=C(O)C(=O)CC[C@]12C,BQOIJSIMMIDHMO-FBPKJDBXSA-N,C[C@@]12CC[C@H]3[C@@H](CCC[C@H]4CC(=O)CC[C@@]43C)[C@H]1CC[C@@H]2O,ZINC15 : ZINC000005028683,espsim_electrostatic,0.49019607843137253,zinc15
[H][C@@]12CC[C@H](O)[C@@]1(C)CC[C@@]1([H])[C@@]2([H])CCC2=C(O)C(=O)CC[C@]12C,BQOIJSIMMIDHMO-FBPKJDBXSA-N,C[C@@]12CC[C@H]3[C@@H](CCC[C@H]4CC(=O)CC[C@]43C)[C@H]1CC[C@@H]2O,ZINC15 : ZINC000005028682,espsim_electrostatic,0.49019607843137253,zinc15
[H][C@@]12CC[C@H](O)[C@@]1(C)CC[C@@]1([H])[C@@]2([H])CCC2=C(O)C(=O)CC[C@]12C,BQOIJSIMMIDHMO-FBPKJDBXSA-N,C[C@]1(O)CC[C@@H]2[C@H]3CCC4=C(Cl)C(=O)CC[C@]4(C)[C@H]3CC[C@@]21C,ZINC15 : ZINC000004026902,espsim_electrostatic,0.4807692307692308,zinc15
[H][C@@]12CC[C@H](O)[C@@]1(C)CC[C@@]1([H])[C@@]2([H])CCC2=C(O)C(=O)CC[C@]12C,BQOIJSIMMIDHMO-FBPKJDBXSA-N,C[C@]1(O)CC[C@@H]2[C@@H]3CCC4=C(Cl)C(=O)CC[C@]4(C)[C@@H]3CC[C@@]21C,ZINC15 : ZINC000004026903,espsim_electrostatic,0.4807692307692308,zinc15
[H][C@@]12CC[C@H](O)[C@@]1(C)CC[C@@]1([H])[C@@]2([H])CCC2=C(O)C(=O)CC[C@]12C,BQOIJSIMMIDHMO-FBPKJDBXSA-N,C[C@]1(O)CC[C@@H]2[C@H]3CCC4=C(Cl)C(=O)CC[C@]4(C)[C@@H]3CC[C@@]21C,ZINC15 : ZINC000004026904,espsim_electrostatic,0.4807692307692308,zinc15
[H][C@@]12CC[C@H](O)[C@@]1(C)CC[C@@]1([H])[C@@]2([H])CCC2=C(O)C(=O)CC[C@]12C,BQOIJSIMMIDHMO-FBPKJDBXSA-N,C[C@]1(O)CC[C@H]2[C@@H]3CCC4=C(Cl)C(=O)CC[C@]4(C)[C@H]3CC[C@@]21C,ZINC15 : ZINC000004683862,espsim_electrostatic,0.4807692307692308,zinc15
[H][C@@]12CC[C@H](O)[C@@]1(C)CC[C@@]1([H])[C@@]2([H])CCC2=C(O)C(=O)CC[C@]12C,BQOIJSIMMIDHMO-FBPKJDBXSA-N,C[C@@]1(O)CC[C@H]2[C@@H]3CCC4=C(Cl)C(=O)CC[C@]4(C)[C@H]3CC[C@@]21C,ZINC15 : ZINC000118930612,espsim_electrostatic,0.4807692307692308,zinc15
[H][C@@]12CC[C@H](O)[C@@]1(C)CC[C@@]1([H])[C@@]2([H])CCC2=C(O)C(=O)CC[C@]12C,BQOIJSIMMIDHMO-FBPKJDBXSA-N,C[C@]1(O)CC[C@@H]2[C@@H]3CCC4=C(Cl)C(=O)CC[C@]4(C)[C@H]3CC[C@@]21C,ZINC15 : ZINC000004026901,espsim_electrostatic,0.4807692307692308,zinc15
[H][C@@]12CC[C@H](O)[C@@]1(C)CC[C@@]1([H])[C@@]2([H])CCC2=C(O)C(=O)CC[C@]12C,BQOIJSIMMIDHMO-FBPKJDBXSA-N,C[C@]12CC[C@@H]3[C@H](CC[C@H]4CC(=O)CC[C@@H]43)[C@@H]1CC[C@H]2O,ZINC15 : ZINC000257346120,espsim_electrostatic,0.47058823529411764,zinc15
[H][C@@]12CC[C@H](O)[C@@]1(C)CC[C@@]1([H])[C@@]2([H])CCC2=C(O)C(=O)CC[C@]12C,BQOIJSIMMIDHMO-FBPKJDBXSA-N,C[C@]12CC[C@@H]3[C@H](CC[C@H]4CC(=O)CC[C@@H]43)[C@@H]1CC[C@@H]2O,ZINC15 : ZINC000005276673,espsim_electrostatic,0.47058823529411764,zinc15
[H][C@@]12CC[C@H](O)[C@@]1(C)CC[C@@]1([H])[C@@]2([H])CCC2=C(O)C(=O)CC[C@]12C,BQOIJSIMMIDHMO-FBPKJDBXSA-N,C[C@]12CC[C@@H]3[C@H](CC[C@H]4CC(=O)CC[C@@H]43)[C@H]1CC[C@H]2O,ZINC15 : ZINC000257346118,espsim_electrostatic,0.47058823529411764,zinc15
[H][C@@]12CC[C@H](O)[C@@]1(C)CC[C@@]1([H])[C@@]2([H])CCC2=C(O)C(=O)CC[C@]12C,BQOIJSIMMIDHMO-FBPKJDBXSA-N,C[C@]12CC[C@@H]3[C@H](CC[C@H]4CC(=O)CC[C@@H]43)[C@H]1CC[C@@H]2O,ZINC15 : ZINC000257346119,espsim_electrostatic,0.47058823529411764,zinc15
[H][C@@]12CC[C@H](O)[C@@]1(C)CC[C@@]1([H])[C@@]2([H])CCC2=C(O)C(=O)CC[C@]12C,BQOIJSIMMIDHMO-FBPKJDBXSA-N,C[C@]12CC[C@@H]3C4=C(CC[C@H]3[C@H]1CC[C@H]2O)CC(=O)CC4,ZINC15 : ZINC000079873433,espsim_electrostatic,0.4528301886792453,zinc15
[H][C@@]12CC[C@H](O)[C@@]1(C)CC[C@@]1([H])[C@@]2([H])CCC2=C(O)C(=O)CC[C@]12C,BQOIJSIMMIDHMO-FBPKJDBXSA-N,C[C@]12CC[C@@H]3C4=C(CC[C@H]3[C@@H]1CC[C@@H]2O)CC(=O)CC4,ZINC15 : ZINC000004082028,espsim_electrostatic,0.4528301886792453,zinc15
[H][C@@]12CC[C@H](O)[C@@]1(C)CC[C@@]1([H])[C@@]2([H])CCC2=C(O)C(=O)CC[C@]12C,BQOIJSIMMIDHMO-FBPKJDBXSA-N,C[C@]12CC[C@@H]3C4=C(CC[C@H]3[C@H]1CC[C@@H]2O)CC(=O)CC4,ZINC15 : ZINC000004082030,espsim_electrostatic,0.4528301886792453,zinc15
[H][C@@]12CC[C@H](O)[C@@]1(C)CC[C@@]1([H])[C@@]2([H])CCC2=C(O)C(=O)CC[C@]12C,BQOIJSIMMIDHMO-FBPKJDBXSA-N,C[C@]12CC[C@@H]3C4=C(CC[C@H]3[C@@H]1CC[C@H]2O)CC(=O)CC4,ZINC15 : ZINC000118919153,espsim_electrostatic,0.4528301886792453,zinc15
[H][C@@]12CC[C@H](O)[C@@]1(C)CC[C@@]1([H])[C@@]2([H])CCC2=C(O)C(=O)CC[C@]12C,BQOIJSIMMIDHMO-FBPKJDBXSA-N,C[C@]12CC[C@H]3[C@@H](CCC4=CC(=O)CC[C@H]43)[C@@H]1CC[C@H]2O,ZINC15 : ZINC000004062835,espsim_electrostatic,0.4528301886792453,zinc15
[H][C@@]12CC[C@H](O)[C@@]1(C)CC[C@@]1([H])[C@@]2([H])CCC2=C(O)C(=O)CC[C@]12C,BQOIJSIMMIDHMO-FBPKJDBXSA-N,C[C@]12CC[C@H]3[C@@H](CCC4=CC(=O)CC[C@H]43)[C@@H]1CC[C@@H]2O,ZINC15 : ZINC000004062829,espsim_electrostatic,0.4528301886792453,zinc15
[H][C@@]12CC[C@H](O)[C@@]1(C)CC[C@@]1([H])[C@@]2([H])CCC2=C(O)C(=O)CC[C@]12C,BQOIJSIMMIDHMO-FBPKJDBXSA-N,CC(=O)[C@@]1(O)CC[C@H]2[C@@H]3CCC4=C(Cl)C(=O)CC[C@]4(C)[C@H]3CC[C@@]21C,ZINC15 : ZINC000004706216,espsim_electrostatic,0.44642857142857145,zinc15
[H][C@@]12CC[C@H](O)[C@@]1(C)CC[C@@]1([H])[C@@]2([H])CCC2=C(O)C(=O)CC[C@]12C,BQOIJSIMMIDHMO-FBPKJDBXSA-N,CC(=O)[C@]1(O)CC[C@H]2[C@@H]3CCC4=C(Cl)C(=O)CC[C@]4(C)[C@H]3CC[C@@]21C,ZINC15 : ZINC000001680902,espsim_electrostatic,0.44642857142857145,zinc15
[H][C@@]12CC[C@H](O)[C@@]1(C)CC[C@@]1([H])[C@@]2([H])CCC2=C(O)C(=O)CC[C@]12C,BQOIJSIMMIDHMO-FBPKJDBXSA-N,C[C@]12C[C@H](O)[C@H]3[C@@H](CCC4=CC(=O)CC[C@@]43C)[C@@H]1CC[C@@H]2O,ZINC15 : ZINC000003814366,espsim_electrostatic,0.42857142857142855,zinc15
[H][C@@]12CC[C@H](O)[C@@]1(C)CC[C@@]1([H])[C@@]2([H])CCC2=C(O)C(=O)CC[C@]12C,BQOIJSIMMIDHMO-FBPKJDBXSA-N,C[C@]12CC[C@@H]3[C@H](CCC4=CC(=O)CC[C@]43C)[C@H]1CC[C@H]2CO,ZINC15 : ZINC000254851123,espsim_electrostatic,0.42857142857142855,zinc15
[H][C@@]12CC[C@H](O)[C@@]1(C)CC[C@@]1([H])[C@@]2([H])CCC2=C(O)C(=O)CC[C@]12C,BQOIJSIMMIDHMO-FBPKJDBXSA-N,C[C@]12C[C@@H](O)[C@H]3[C@@H](CCC4=CC(=O)CC[C@@]43C)[C@H]1CC[C@@H]2O,ZINC15 : ZINC000033967796,espsim_electrostatic,0.42857142857142855,zinc15
[H][C@@]12CC[C@H](O)[C@@]1(C)CC[C@@]1([H])[C@@]2([H])CCC2=C(O)C(=O)CC[C@]12C,BQOIJSIMMIDHMO-FBPKJDBXSA-N,C[C@]12C[C@@H](O)[C@H]3[C@@H](CCC4=CC(=O)CC[C@@]43C)[C@@H]1CC[C@@H]2O,ZINC15 : ZINC000013512524,espsim_electrostatic,0.42857142857142855,zinc15
[H][C@@]12CC[C@H](O)[C@@]1(C)CC[C@@]1([H])[C@@]2([H])CCC2=C(O)C(=O)CC[C@]12C,BQOIJSIMMIDHMO-FBPKJDBXSA-N,C[C@]12C[C@@H](O)[C@H]3[C@@H](CCC4=CC(=O)CC[C@@]43C)[C@H]1CC[C@H]2O,ZINC15 : ZINC000261492523,espsim_electrostatic,0.42857142857142855,zinc15
[H][C@@]12CC[C@H](O)[C@@]1(C)CC[C@@]1([H])[C@@]2([H])CCC2=C(O)C(=O)CC[C@]12C,BQOIJSIMMIDHMO-FBPKJDBXSA-N,C[C@]12C[C@@H](O)[C@H]3[C@@H](CCC4=CC(=O)CC[C@@]43C)[C@@H]1CC[C@H]2O,ZINC15 : ZINC000118915429,espsim_electrostatic,0.42857142857142855,zinc15
[H][C@@]12CC[C@H](O)[C@@]1(C)CC[C@@]1([H])[C@@]2([H])CCC2=C(O)C(=O)CC[C@]12C,BQOIJSIMMIDHMO-FBPKJDBXSA-N,C[C@]12CC[C@H]3[C@@H](CCC4=CC(=O)CC[C@@]43C)[C@@H]1CC[C@@H]2CO,ZINC15 : ZINC000118923914,espsim_electrostatic,0.42857142857142855,zinc15
[H][C@@]12CC[C@H](O)[C@@]1(C)CC[C@@]1([H])[C@@]2([H])CCC2=C(O)C(=O)CC[C@]12C,BQOIJSIMMIDHMO-FBPKJDBXSA-N,C[C@@]12CC[C@@H]3[C@H](CCC4=CC(=O)CC[C@]43C)[C@H]1CC[C@H]2CO,ZINC15 : ZINC000254851122,espsim_electrostatic,0.42857142857142855,zinc15
[H][C@@]12CC[C@H](O)[C@@]1(C)CC[C@@]1([H])[C@@]2([H])CCC2=C(O)C(=O)CC[C@]12C,BQOIJSIMMIDHMO-FBPKJDBXSA-N,C[C@]12CC[C@@H]3[C@H](CCC4=CC(=O)CC[C@@]43C)[C@H]1CC[C@H]2CO,ZINC15 : ZINC000254851121,espsim_electrostatic,0.42857142857142855,zinc15
[H][C@@]12CC[C@H](O)[C@@]1(C)CC[C@@]1([H])[C@@]2([H])CCC2=C(O)C(=O)CC[C@]12C,BQOIJSIMMIDHMO-FBPKJDBXSA-N,C[C@]12CC(=O)[C@H]3[C@@H](CCC4=CC(=O)CC[C@@]43C)[C@@H]1CC[C@@H]2O,ZINC15 : ZINC000003814421,espsim_electrostatic,0.42857142857142855,zinc15
[H][C@@]12CC[C@H](O)[C@@]1(C)CC[C@@]1([H])[C@@]2([H])CCC2=C(O)C(=O)CC[C@]12C,BQOIJSIMMIDHMO-FBPKJDBXSA-N,C[C@]12C[C@H](O)[C@H]3[C@@H](CCC4=CC(=O)CC[C@@]43C)[C@@H]1CC[C@H]2O,ZINC15 : ZINC000096031528,espsim_electrostatic,0.42857142857142855,zinc15
[H][C@@]12CC[C@H](O)[C@@]1(C)CC[C@@]1([H])[C@@]2([H])CCC2=C(O)C(=O)CC[C@]12C,BQOIJSIMMIDHMO-FBPKJDBXSA-N,C[C@@]12CC[C@@H]3[C@H](CCC4=CC(=O)CC[C@@]43C)[C@H]1CC[C@H]2CO,ZINC15 : ZINC000254851120,espsim_electrostatic,0.42857142857142855,zinc15
[H][C@@]12CC[C@H](O)[C@@]1(C)CC[C@@]1([H])[C@@]2([H])CCC2=C(O)C(=O)CC[C@]12C,BQOIJSIMMIDHMO-FBPKJDBXSA-N,C[C@]12CC[C@H]3[C@@H](CCC4=CC(=O)CC[C@@]43C)[C@@H]1CC[C@H]2S,ZINC15 : ZINC000004362841,espsim_electrostatic,0.42592592592592593,zinc15
[H][C@@]12CC[C@H](O)[C@@]1(C)CC[C@@]1([H])[C@@]2([H])CCC2=C(O)C(=O)CC[C@]12C,BQOIJSIMMIDHMO-FBPKJDBXSA-N,C[C@]12CC[C@H]3[C@@H](CCC4=CC(=O)CC[C@@]43C)[C@@H]1C[C@H](O)[C@@H]2O,ZINC15 : ZINC000034723181,espsim_electrostatic,0.41818181818181815,zinc15
[H][C@@]12CC[C@H](O)[C@@]1(C)CC[C@@]1([H])[C@@]2([H])CCC2=C(O)C(=O)CC[C@]12C,BQOIJSIMMIDHMO-FBPKJDBXSA-N,C[C@]12CC[C@@H]3[C@H](CC[C@@H]4C[C@@H](O)CC[C@@]43C)[C@H]1CCC2=O,ZINC15 : ZINC000081132361,espsim_electrostatic,0.41509433962264153,zinc15
[H][C@@]12CC[C@H](O)[C@@]1(C)CC[C@@]1([H])[C@@]2([H])CCC2=C(O)C(=O)CC[C@]12C,BQOIJSIMMIDHMO-FBPKJDBXSA-N,C[C@@]12CC[C@@H]3[C@H](CC[C@H]4C[C@H](O)CC[C@]34C)[C@H]1CCC2=O,ZINC15 : ZINC000009231975,espsim_electrostatic,0.41509433962264153,zinc15
[H][C@@]12CC[C@H](O)[C@@]1(C)CC[C@@]1([H])[C@@]2([H])CCC2=C(O)C(=O)CC[C@]12C,BQOIJSIMMIDHMO-FBPKJDBXSA-N,C[C@]12CC[C@@H]3[C@H](CC[C@H]4C[C@H](O)CC[C@@]34C)[C@@H]1CCC2=O,ZINC15 : ZINC000001691401,espsim_electrostatic,0.41509433962264153,zinc15
[H][C@@]12CC[C@H](O)[C@@]1(C)CC[C@@]1([H])[C@@]2([H])CCC2=C(O)C(=O)CC[C@]12C,BQOIJSIMMIDHMO-FBPKJDBXSA-N,C[C@]12CC[C@@H]3[C@H](CC[C@H]4C[C@@H](O)CC[C@]34C)[C@H]1CCC2=O,ZINC15 : ZINC000003849584,espsim_electrostatic,0.41509433962264153,zinc15
[H][C@@]12CC[C@H](O)[C@@]1(C)CC[C@@]1([H])[C@@]2([H])CCC2=C(O)C(=O)CC[C@]12C,BQOIJSIMMIDHMO-FBPKJDBXSA-N,C[C@]12CC[C@@H]3[C@@H](CC[C@H]4C[C@@H](O)CC[C@]34C)[C@H]1CCC2=O,ZINC15 : ZINC000003849581,espsim_electrostatic,0.41509433962264153,zinc15
[H][C@@]12CC[C@H](O)[C@@]1(C)CC[C@@]1([H])[C@@]2([H])CCC2=C(O)C(=O)CC[C@]12C,BQOIJSIMMIDHMO-FBPKJDBXSA-N,C[C@]12CC[C@H]3[C@@H](CC[C@H]4C[C@H](O)CC[C@@]43C)[C@@H]1CCC2=O,ZINC15 : ZINC000003861550,espsim_electrostatic,0.41509433962264153,zinc15
[H][C@@]12CC[C@H](O)[C@@]1(C)CC[C@@]1([H])[C@@]2([H])CCC2=C(O)C(=O)CC[C@]12C,BQOIJSIMMIDHMO-FBPKJDBXSA-N,C[C@]12CC[C@@H]3[C@H](CC[C@@H]4C[C@@H](O)CC[C@]43C)[C@@H]1CCC2=O,ZINC15 : ZINC000000000948,espsim_electrostatic,0.41509433962264153,zinc15
[H][C@@]12CC[C@H](O)[C@@]1(C)CC[C@@]1([H])[C@@]2([H])CCC2=C(O)C(=O)CC[C@]12C,BQOIJSIMMIDHMO-FBPKJDBXSA-N,C[C@]12CC[C@@H]3[C@H](CC[C@@H]4C[C@@H](O)CC[C@]43C)[C@H]1CCC2=O,ZINC15 : ZINC000253928529,espsim_electrostatic,0.41509433962264153,zinc15
[H][C@@]12CC[C@H](O)[C@@]1(C)CC[C@@]1([H])[C@@]2([H])CCC2=C(O)C(=O)CC[C@]12C,BQOIJSIMMIDHMO-FBPKJDBXSA-N,C[C@]12CC[C@H]3[C@@H](CC[C@@H]4C[C@@H](O)CC[C@@]43C)[C@@H]1CCC2=O,ZINC15 : ZINC000004743888,espsim_electrostatic,0.41509433962264153,zinc15
[H][C@@]12CC[C@H](O)[C@@]1(C)CC[C@@]1([H])[C@@]2([H])CCC2=C(O)C(=O)CC[C@]12C,BQOIJSIMMIDHMO-FBPKJDBXSA-N,C[C@]12CC[C@H]3[C@@H](CC[C@H]4C[C@@H](O)CC[C@@]43C)[C@@H]1CCC2=O,ZINC15 : ZINC000003861661,espsim_electrostatic,0.41509433962264153,zinc15
[H][C@@]12CC[C@H](O)[C@@]1(C)CC[C@@]1([H])[C@@]2([H])CCC2=C(O)C(=O)CC[C@]12C,BQOIJSIMMIDHMO-FBPKJDBXSA-N,C[C@]12CC[C@@H]3[C@@H](CC[C@H]4C[C@H](O)CC[C@]34C)[C@@H]1CCC2=O,ZINC15 : ZINC000038145859,espsim_electrostatic,0.41509433962264153,zinc15
[H][C@@]12CC[C@H](O)[C@@]1(C)CC[C@@]1([H])[C@@]2([H])CCC2=C(O)C(=O)CC[C@]12C,BQOIJSIMMIDHMO-FBPKJDBXSA-N,C[C@]12CC[C@@H]3[C@H](CCC4=C(Cl)C(=O)CC[C@@]43C)[C@@H]1CC[C@H]2O,ZINC15 : ZINC000036387475,espsim_shape,0.7727272727272727,zinc15
[H][C@@]12CC[C@H](O)[C@@]1(C)CC[C@@]1([H])[C@@]2([H])CCC2=C(O)C(=O)CC[C@]12C,BQOIJSIMMIDHMO-FBPKJDBXSA-N,C[C@]12CC[C@@H]3[C@H](CCC4=C(Cl)C(=O)CC[C@@]43C)[C@H]1CC[C@H]2O,ZINC15 : ZINC000252694406,espsim_shape,0.7727272727272727,zinc15
[H][C@@]12CC[C@H](O)[C@@]1(C)CC[C@@]1([H])[C@@]2([H])CCC2=C(O)C(=O)CC[C@]12C,BQOIJSIMMIDHMO-FBPKJDBXSA-N,C[C@]12CC[C@@H]3[C@H](CCC4=C(Cl)C(=O)CC[C@@]43C)[C@@H]1CC[C@@H]2O,ZINC15 : ZINC000004025017,espsim_shape,0.7727272727272727,zinc15
[H][C@@]12CC[C@H](O)[C@@]1(C)CC[C@@]1([H])[C@@]2([H])CCC2=C(O)C(=O)CC[C@]12C,BQOIJSIMMIDHMO-FBPKJDBXSA-N,C[C@]12CC[C@H]3[C@@H](CCC4=C(Cl)C(=O)CC[C@@]43C)[C@@H]1CC[C@H]2O,ZINC15 : ZINC000118918349,espsim_shape,0.7727272727272727,zinc15
[H][C@@]12CC[C@H](O)[C@@]1(C)CC[C@@]1([H])[C@@]2([H])CCC2=C(O)C(=O)CC[C@]12C,BQOIJSIMMIDHMO-FBPKJDBXSA-N,C[C@]12CC[C@H]3[C@@H](CCC4=C(Cl)C(=O)CC[C@@]43C)[C@@H]1CC[C@@H]2O,ZINC15 : ZINC000004025021,espsim_shape,0.7727272727272727,zinc15
[H][C@@]12CC[C@H](O)[C@@]1(C)CC[C@@]1([H])[C@@]2([H])CCC2=C(O)C(=O)CC[C@]12C,BQOIJSIMMIDHMO-FBPKJDBXSA-N,C[C@]12CC[C@@H]3[C@H](CCC4=C(Cl)C(=O)CC[C@@]43C)[C@H]1CC[C@@H]2O,ZINC15 : ZINC000252694405,espsim_shape,0.7727272727272727,zinc15
[H][C@@]12CC[C@H](O)[C@@]1(C)CC[C@@]1([H])[C@@]2([H])CCC2=C(O)C(=O)CC[C@]12C,BQOIJSIMMIDHMO-FBPKJDBXSA-N,C[C@]12CC[C@H]3[C@@H](CCC4=CC(=O)CC[C@@]43C)[C@@H]1CC[C@H]2O,ZINC15 : ZINC000004538008,espsim_shape,0.6041666666666666,zinc15
[H][C@@]12CC[C@H](O)[C@@]1(C)CC[C@@]1([H])[C@@]2([H])CCC2=C(O)C(=O)CC[C@]12C,BQOIJSIMMIDHMO-FBPKJDBXSA-N,C[C@]12CC[C@H]3[C@@H](CCC4=CC(=O)CC[C@@]43C)[C@H]1CC[C@H]2O,ZINC15 : ZINC000012496215,espsim_shape,0.6041666666666666,zinc15
[H][C@@]12CC[C@H](O)[C@@]1(C)CC[C@@]1([H])[C@@]2([H])CCC2=C(O)C(=O)CC[C@]12C,BQOIJSIMMIDHMO-FBPKJDBXSA-N,C[C@]12CC[C@@H]3[C@H](CCC4=CC(=O)CC[C@@]43C)[C@H]1CC[C@H]2O,ZINC15 : ZINC000238901809,espsim_shape,0.6041666666666666,zinc15
[H][C@@]12CC[C@H](O)[C@@]1(C)CC[C@@]1([H])[C@@]2([H])CCC2=C(O)C(=O)CC[C@]12C,BQOIJSIMMIDHMO-FBPKJDBXSA-N,C[C@]12CC[C@H]3[C@@H](CCC4=CC(=O)CC[C@@]43C)[C@H]1CC[C@@H]2O,ZINC15 : ZINC000006482817,espsim_shape,0.6041666666666666,zinc15
[H][C@@]12CC[C@H](O)[C@@]1(C)CC[C@@]1([H])[C@@]2([H])CCC2=C(O)C(=O)CC[C@]12C,BQOIJSIMMIDHMO-FBPKJDBXSA-N,C[C@]12CC[C@@H]3[C@@H](CCC4=CC(=O)CC[C@@]43C)[C@@H]1CC[C@@H]2O,ZINC15 : ZINC000003983872,espsim_shape,0.6041666666666666,zinc15
[H][C@@]12CC[C@H](O)[C@@]1(C)CC[C@@]1([H])[C@@]2([H])CCC2=C(O)C(=O)CC[C@]12C,BQOIJSIMMIDHMO-FBPKJDBXSA-N,C[C@]12CC[C@@H]3[C@H](CCC4=CC(=O)CC[C@@]43C)[C@@H]1CC[C@H]2O,ZINC15 : ZINC000012494147,espsim_shape,0.6041666666666666,zinc15
[H][C@@]12CC[C@H](O)[C@@]1(C)CC[C@@]1([H])[C@@]2([H])CCC2=C(O)C(=O)CC[C@]12C,BQOIJSIMMIDHMO-FBPKJDBXSA-N,C[C@@]12CC[C@H]3[C@@H](CCC4=CC(=O)CC[C@@]43C)[C@@H]1CC[C@H]2O,ZINC15 : ZINC000013507167,espsim_shape,0.6041666666666666,zinc15
[H][C@@]12CC[C@H](O)[C@@]1(C)CC[C@@]1([H])[C@@]2([H])CCC2=C(O)C(=O)CC[C@]12C,BQOIJSIMMIDHMO-FBPKJDBXSA-N,C[C@@]12CC[C@@H]3[C@H](CCC4=CC(=O)CC[C@@]43C)[C@H]1CC[C@@H]2O,ZINC15 : ZINC000039949190,espsim_shape,0.6041666666666666,zinc15
[H][C@@]12CC[C@H](O)[C@@]1(C)CC[C@@]1([H])[C@@]2([H])CCC2=C(O)C(=O)CC[C@]12C,BQOIJSIMMIDHMO-FBPKJDBXSA-N,C[C@]12CC[C@@H]3[C@H](CCC4=CC(=O)CC[C@@]43C)[C@@H]1CC[C@@H]2O,ZINC15 : ZINC000003983870,espsim_shape,0.6041666666666666,zinc15
[H][C@@]12CC[C@H](O)[C@@]1(C)CC[C@@]1([H])[C@@]2([H])CCC2=C(O)C(=O)CC[C@]12C,BQOIJSIMMIDHMO-FBPKJDBXSA-N,C[C@@]12CC[C@H]3[C@@H](CCC4=CC(=O)CC[C@@]43C)[C@H]1CC[C@H]2O,ZINC15 : ZINC000253497886,espsim_shape,0.6041666666666666,zinc15
[H][C@@]12CC[C@H](O)[C@@]1(C)CC[C@@]1([H])[C@@]2([H])CCC2=C(O)C(=O)CC[C@]12C,BQOIJSIMMIDHMO-FBPKJDBXSA-N,C[C@]12CC[C@@H]3[C@H](CCC4=CC(=O)CC[C@@]43C)[C@H]1CC[C@@H]2O,ZINC15 : ZINC000238901810,espsim_shape,0.6041666666666666,zinc15
[H][C@@]12CC[C@H](O)[C@@]1(C)CC[C@@]1([H])[C@@]2([H])CCC2=C(O)C(=O)CC[C@]12C,BQOIJSIMMIDHMO-FBPKJDBXSA-N,C[C@]12CC[C@H]3[C@@H](CCC4=CC(=O)CC[C@@]43C)[C@@H]1CC[C@@H]2O,ZINC15 : ZINC000118912393,espsim_shape,0.6041666666666666,zinc15
[H][C@@]12CC[C@H](O)[C@@]1(C)CC[C@@]1([H])[C@@]2([H])CCC2=C(O)C(=O)CC[C@]12C,BQOIJSIMMIDHMO-FBPKJDBXSA-N,C[C@@]12CC[C@@H]3[C@H](CCC4=CC(=O)CC[C@@]43C)[C@H]1CC[C@H]2O,ZINC15 : ZINC000008602992,espsim_shape,0.6041666666666666,zinc15
[H][C@@]12CC[C@H](O)[C@@]1(C)CC[C@@]1([H])[C@@]2([H])CCC2=C(O)C(=O)CC[C@]12C,BQOIJSIMMIDHMO-FBPKJDBXSA-N,C[C@]12CC[C@@H]3[C@@H](CCC4=CC(=O)CC[C@@]43C)[C@H]1CC[C@@H]2O,ZINC15 : ZINC000006482659,espsim_shape,0.6041666666666666,zinc15
[H][C@@]12CC[C@H](O)[C@@]1(C)CC[C@@]1([H])[C@@]2([H])CCC2=C(O)C(=O)CC[C@]12C,BQOIJSIMMIDHMO-FBPKJDBXSA-N,C[C@@]12CC[C@@H]3[C@H](CCC4C(=O)C(=O)CC[C@]43C)[C@H]1CC[C@H]2O,ZINC15 : ZINC000584577495,espsim_shape,0.574468085106383,zinc15
[H][C@@]12CC[C@H](O)[C@@]1(C)CC[C@@]1([H])[C@@]2([H])CCC2=C(O)C(=O)CC[C@]12C,BQOIJSIMMIDHMO-FBPKJDBXSA-N,C[C@]12CC[C@H]3[C@@H](CCC4C(=O)C(=O)CC[C@@]43C)[C@@H]1CC[C@@H]2O,ZINC15 : ZINC000031460450,espsim_shape,0.574468085106383,zinc15
[H][C@@]12CC[C@H](O)[C@@]1(C)CC[C@@]1([H])[C@@]2([H])CCC2=C(O)C(=O)CC[C@]12C,BQOIJSIMMIDHMO-FBPKJDBXSA-N,C[C@]12CC[C@H]3[C@@H](CCC4=CC(=O)[C@@H](O)C[C@@]43C)[C@@H]1CC[C@@H]2O,ZINC15 : ZINC000025723415,espsim_shape,0.5490196078431373,zinc15
[H][C@@]12CC[C@H](O)[C@@]1(C)CC[C@@]1([H])[C@@]2([H])CCC2=C(O)C(=O)CC[C@]12C,BQOIJSIMMIDHMO-FBPKJDBXSA-N,C[C@]12CC[C@H]3[C@@H](CCC4=CC(=O)[C@H](O)C[C@@]43C)[C@@H]1CC[C@@H]2O,ZINC15 : ZINC000118914294,espsim_shape,0.5490196078431373,zinc15
[H][C@@]12CC[C@H](O)[C@@]1(C)CC[C@@]1([H])[C@@]2([H])CCC2=C(O)C(=O)CC[C@]12C,BQOIJSIMMIDHMO-FBPKJDBXSA-N,C[C@@]12CC[C@@H]3[C@H](CCC4=C[C@@H](O)CC[C@@]43C)[C@H]1CC[C@@H]2O,ZINC15 : ZINC000253497551,espsim_shape,0.5416666666666666,zinc15
[H][C@@]12CC[C@H](O)[C@@]1(C)CC[C@@]1([H])[C@@]2([H])CCC2=C(O)C(=O)CC[C@]12C,BQOIJSIMMIDHMO-FBPKJDBXSA-N,C[C@]12CC[C@H]3[C@@H](CCC4=C[C@@H](O)CC[C@@]43C)[C@@H]1CC[C@H]2O,ZINC15 : ZINC000034051555,espsim_shape,0.5416666666666666,zinc15
[H][C@@]12CC[C@H](O)[C@@]1(C)CC[C@@]1([H])[C@@]2([H])CCC2=C(O)C(=O)CC[C@]12C,BQOIJSIMMIDHMO-FBPKJDBXSA-N,C[C@@]12CC[C@@H]3[C@H](CCC4=C[C@H](O)CC[C@]43C)[C@H]1CC[C@@H]2O,ZINC15 : ZINC000584577911,espsim_shape,0.5416666666666666,zinc15
[H][C@@]12CC[C@H](O)[C@@]1(C)CC[C@@]1([H])[C@@]2([H])CCC2=C(O)C(=O)CC[C@]12C,BQOIJSIMMIDHMO-FBPKJDBXSA-N,C[C@]12CC[C@H]3[C@@H](CCC4=C[C@H](O)CC[C@@]43C)[C@@H]1CC[C@H]2O,ZINC15 : ZINC000034051554,espsim_shape,0.5416666666666666,zinc15
[H][C@@]12CC[C@H](O)[C@@]1(C)CC[C@@]1([H])[C@@]2([H])CCC2=C(O)C(=O)CC[C@]12C,BQOIJSIMMIDHMO-FBPKJDBXSA-N,C[C@]12CC[C@@H]3[C@H](CCC4=C[C@@H](O)CC[C@@]43C)[C@H]1CC[C@H]2O,ZINC15 : ZINC000252438204,espsim_shape,0.5416666666666666,zinc15
[H][C@@]12CC[C@H](O)[C@@]1(C)CC[C@@]1([H])[C@@]2([H])CCC2=C(O)C(=O)CC[C@]12C,BQOIJSIMMIDHMO-FBPKJDBXSA-N,C[C@]12CC[C@H]3[C@@H](CCC4=C[C@H](O)CC[C@@]43C)[C@@H]1CC[C@@H]2O,ZINC15 : ZINC000004655064,espsim_shape,0.5416666666666666,zinc15
[H][C@@]12CC[C@H](O)[C@@]1(C)CC[C@@]1([H])[C@@]2([H])CCC2=C(O)C(=O)CC[C@]12C,BQOIJSIMMIDHMO-FBPKJDBXSA-N,C[C@@]12CC[C@@H]3[C@H](CCC4=C[C@@H](O)CC[C@@]43C)[C@H]1CC[C@H]2O,ZINC15 : ZINC000253497550,espsim_shape,0.5416666666666666,zinc15
[H][C@@]12CC[C@H](O)[C@@]1(C)CC[C@@]1([H])[C@@]2([H])CCC2=C(O)C(=O)CC[C@]12C,BQOIJSIMMIDHMO-FBPKJDBXSA-N,C[C@]12CC[C@H]3[C@H](CCC4=C[C@H](O)CC[C@@]43C)[C@@H]1CC[C@@H]2O,ZINC15 : ZINC000021984609,espsim_shape,0.5416666666666666,zinc15
[H][C@@]12CC[C@H](O)[C@@]1(C)CC[C@@]1([H])[C@@]2([H])CCC2=C(O)C(=O)CC[C@]12C,BQOIJSIMMIDHMO-FBPKJDBXSA-N,C[C@]12CC[C@@H]3[C@H](CCC4=C[C@@H](O)CC[C@@]43C)[C@H]1CC[C@@H]2O,ZINC15 : ZINC000252438205,espsim_shape,0.5416666666666666,zinc15
[H][C@@]12CC[C@H](O)[C@@]1(C)CC[C@@]1([H])[C@@]2([H])CCC2=C(O)C(=O)CC[C@]12C,BQOIJSIMMIDHMO-FBPKJDBXSA-N,C[C@]12CC[C@H]3[C@@H](CCC4=C[C@@H](O)CC[C@@]43C)[C@@H]1CC[C@@H]2O,ZINC15 : ZINC000003814413,espsim_shape,0.5416666666666666,zinc15
[H][C@@]12CC[C@H](O)[C@@]1(C)CC[C@@]1([H])[C@@]2([H])CCC2=C(O)C(=O)CC[C@]12C,BQOIJSIMMIDHMO-FBPKJDBXSA-N,C[C@]12CC[C@H]3[C@H](CCC4=C[C@H](O)CC[C@@]43C)[C@@H]1CC[C@H]2O,ZINC15 : ZINC000038337178,espsim_shape,0.5416666666666666,zinc15
[H][C@@]12CC[C@H](O)[C@@]1(C)CC[C@@]1([H])[C@@]2([H])CCC2=C(O)C(=O)CC[C@]12C,BQOIJSIMMIDHMO-FBPKJDBXSA-N,C[C@@]12CC[C@@H]3[C@H](CCC4=C[C@H](O)CC[C@]43C)[C@H]1CC[C@H]2O,ZINC15 : ZINC000008581013,espsim_shape,0.5416666666666666,zinc15
[H][C@@]12CC[C@H](O)[C@@]1(C)CC[C@@]1([H])[C@@]2([H])CCC2=C(O)C(=O)CC[C@]12C,BQOIJSIMMIDHMO-FBPKJDBXSA-N,C[C@]12CC[C@H]3[C@H](CCC4=C[C@@H](O)CC[C@@]43C)[C@@H]1CC[C@H]2O,ZINC15 : ZINC000263635670,espsim_shape,0.5416666666666666,zinc15
[H][C@@]12CC[C@H](O)[C@@]1(C)CC[C@@]1([H])[C@@]2([H])CCC2=C(O)C(=O)CC[C@]12C,BQOIJSIMMIDHMO-FBPKJDBXSA-N,C[C@]12CC[C@H]3[C@H](CCC4=C[C@@H](O)CC[C@@]43C)[C@@H]1CC[C@@H]2O,ZINC15 : ZINC000021984608,espsim_shape,0.5416666666666666,zinc15
[H][C@@]12CC[C@H](O)[C@@]1(C)CC[C@@]1([H])[C@@]2([H])CCC2=C(O)C(=O)CC[C@]12C,BQOIJSIMMIDHMO-FBPKJDBXSA-N,C[C@@]12CC[C@@H]3[C@H](CCC4=C[C@@H](O)CC[C@]43C)[C@H]1CC[C@@H]2O,ZINC15 : ZINC000584577910,espsim_shape,0.5416666666666666,zinc15
[H][C@@]12CC[C@H](O)[C@@]1(C)CC[C@@]1([H])[C@@]2([H])CCC2=C(O)C(=O)CC[C@]12C,BQOIJSIMMIDHMO-FBPKJDBXSA-N,C[C@@]12CC[C@@H]3[C@H](CCC4=C[C@@H](O)CC[C@]43C)[C@H]1CC[C@H]2O,ZINC15 : ZINC000584577909,espsim_shape,0.5416666666666666,zinc15
[H][C@@]12CC[C@H](O)[C@@]1(C)CC[C@@]1([H])[C@@]2([H])CCC2=C(O)C(=O)CC[C@]12C,BQOIJSIMMIDHMO-FBPKJDBXSA-N,C[C@]12CC[C@H]3[C@@H](CCC4=CC(=O)[C@@H](F)C[C@@]43C)[C@@H]1CC[C@@H]2O,ZINC15 : ZINC000118912862,espsim_shape,0.5283018867924528,zinc15
[H][C@@]12CC[C@H](O)[C@@]1(C)CC[C@@]1([H])[C@@]2([H])CCC2=C(O)C(=O)CC[C@]12C,BQOIJSIMMIDHMO-FBPKJDBXSA-N,C[C@]12CC[C@@H]3[C@H](CCC4=CC(=O)NCC[C@]43C)[C@@H]1CC[C@@H]2O,ZINC15 : ZINC000004983565,espsim_shape,0.5283018867924528,zinc15
[H][C@@]12CC[C@H](O)[C@@]1(C)CC[C@@]1([H])[C@@]2([H])CCC2=C(O)C(=O)CC[C@]12C,BQOIJSIMMIDHMO-FBPKJDBXSA-N,C[C@]12CC[C@H]3[C@@H](CCC4=CC(=O)[C@@H](F)C[C@@]43C)[C@@H]1CC[C@H]2O,ZINC15 : ZINC000118912863,espsim_shape,0.5283018867924528,zinc15
[H][C@@]12CC[C@H](O)[C@@]1(C)CC[C@@]1([H])[C@@]2([H])CCC2=C(O)C(=O)CC[C@]12C,BQOIJSIMMIDHMO-FBPKJDBXSA-N,C[C@]12CC[C@H]3[C@@H](CCC4=CC(=O)[C@H](F)C[C@@]43C)[C@H]1CC[C@@H]2O,ZINC15 : ZINC000090647880,espsim_shape,0.5283018867924528,zinc15
[H][C@@]12CC[C@H](O)[C@@]1(C)CC[C@@]1([H])[C@@]2([H])CCC2=C(O)C(=O)CC[C@]12C,BQOIJSIMMIDHMO-FBPKJDBXSA-N,C[C@]12CC[C@H]3[C@@H](CCC4=CC(=O)[C@H](F)C[C@@]43C)[C@@H]1CC[C@@H]2O,ZINC15 : ZINC000030729145,espsim_shape,0.5283018867924528,zinc15
[H][C@@]12CC[C@H](O)[C@@]1(C)CC[C@@]1([H])[C@@]2([H])CCC2=C(O)C(=O)CC[C@]12C,BQOIJSIMMIDHMO-FBPKJDBXSA-N,C[C@]12CC[C@H]3[C@@H](CCC4=CC(=O)[C@H](F)C[C@@]43C)[C@H]1CC[C@H]2O,ZINC15 : ZINC000090647881,espsim_shape,0.5283018867924528,zinc15
[H][C@@]12CC[C@H](O)[C@@]1(C)CC[C@@]1([H])[C@@]2([H])CCC2=C(O)C(=O)CC[C@]12C,BQOIJSIMMIDHMO-FBPKJDBXSA-N,C[C@@]12CC[C@@H]3[C@H](CCC4=CC(=O)NCC[C@]43C)[C@@H]1CC[C@@H]2O,ZINC15 : ZINC000004983563,espsim_shape,0.5283018867924528,zinc15
[H][C@@]12CC[C@H](O)[C@@]1(C)CC[C@@]1([H])[C@@]2([H])CCC2=C(O)C(=O)CC[C@]12C,BQOIJSIMMIDHMO-FBPKJDBXSA-N,C[C@]12CC[C@H]3[C@H](CCC4=CC(=O)NCC[C@]43C)[C@@H]1CC[C@@H]2O,ZINC15 : ZINC000004983567,espsim_shape,0.5283018867924528,zinc15
[H][C@@]12CC[C@H](O)[C@@]1(C)CC[C@@]1([H])[C@@]2([H])CCC2=C(O)C(=O)CC[C@]12C,BQOIJSIMMIDHMO-FBPKJDBXSA-N,C[C@]12CC[C@H]3[C@@H](CCC4=CC(=O)[C@H](F)C[C@@]43C)[C@@H]1CC[C@H]2O,ZINC15 : ZINC000118912861,espsim_shape,0.5283018867924528,zinc15
[H][C@@]12CC[C@H](O)[C@@]1(C)CC[C@@]1([H])[C@@]2([H])CCC2=C(O)C(=O)CC[C@]12C,BQOIJSIMMIDHMO-FBPKJDBXSA-N,C[C@@]12CC[C@H]3[C@H](CCC4=CC(=O)NCC[C@]43C)[C@@H]1CC[C@@H]2O,ZINC15 : ZINC000004983566,espsim_shape,0.5283018867924528,zinc15
[H][C@@]12CC[C@H](O)[C@@]1(C)CC[C@@]1([H])[C@@]2([H])CCC2=C(O)C(=O)CC[C@]12C,BQOIJSIMMIDHMO-FBPKJDBXSA-N,C[C@@]12CC[C@@H]3[C@H](CCC4=CC(=O)CC[C@]43C)[C@@H]1CCC[C@@H]2O,ZINC15 : ZINC000004727213,espsim_shape,0.5192307692307693,zinc15
[H][C@@]12CC[C@H](O)[C@@]1(C)CC[C@@]1([H])[C@@]2([H])CCC2=C(O)C(=O)CC[C@]12C,BQOIJSIMMIDHMO-FBPKJDBXSA-N,C[C@]12CC[C@H]3[C@@H](C[C@H](O)C4=CC(=O)CC[C@@]43C)[C@@H]1CC[C@@H]2O,ZINC15 : ZINC000022061249,espsim_shape,0.5192307692307693,zinc15
[H][C@@]12CC[C@H](O)[C@@]1(C)CC[C@@]1([H])[C@@]2([H])CCC2=C(O)C(=O)CC[C@]12C,BQOIJSIMMIDHMO-FBPKJDBXSA-N,C[C@]12CC[C@H]3[C@@H](C[C@@H](O)C4=CC(=O)CC[C@@]43C)[C@@H]1CC[C@@H]2O,ZINC15 : ZINC000005764534,espsim_shape,0.5192307692307693,zinc15
[H][C@@]12CC[C@H](O)[C@@]1(C)CC[C@@]1([H])[C@@]2([H])CCC2=C(O)C(=O)CC[C@]12C,BQOIJSIMMIDHMO-FBPKJDBXSA-N,C[C@]12CC[C@H]3[C@@H](C[C@@H](O)C4=CC(=O)CC[C@@]43C)[C@@H]1CC[C@H]2O,ZINC15 : ZINC000118916967,espsim_shape,0.5192307692307693,zinc15
[H][C@@]12CC[C@H](O)[C@@]1(C)CC[C@@]1([H])[C@@]2([H])CCC2=C(O)C(=O)CC[C@]12C,BQOIJSIMMIDHMO-FBPKJDBXSA-N,C[C@]12CC[C@H]3[C@@H](C[C@H](O)C4=CC(=O)CC[C@@]43C)[C@@H]1CC[C@H]2O,ZINC15 : ZINC000118916966,espsim_shape,0.5192307692307693,zinc15
[H][C@@]12CC[C@H](O)[C@@]1(C)CC[C@@]1([H])[C@@]2([H])CCC2=C(O)C(=O)CC[C@]12C,BQOIJSIMMIDHMO-FBPKJDBXSA-N,C[C@@]12CC[C@H]3[C@H](CCC4=CC(=O)CC[C@]43C)[C@@H]1CCC[C@@H]2O,ZINC15 : ZINC000004727215,espsim_shape,0.5192307692307693,zinc15
[H][C@@]12CC[C@H](O)[C@@]1(C)CC[C@@]1([H])[C@@]2([H])CCC2=C(O)C(=O)CC[C@]12C,BQOIJSIMMIDHMO-FBPKJDBXSA-N,C[C@]12CC[C@H]3[C@@H](CC[C@H]4CC(=O)CC[C@@]43C)[C@H]1CC[C@@H]2O,ZINC15 : ZINC000005529897,espsim_shape,0.5102040816326531,zinc15
[H][C@@]12CC[C@H](O)[C@@]1(C)CC[C@@]1([H])[C@@]2([H])CCC2=C(O)C(=O)CC[C@]12C,BQOIJSIMMIDHMO-FBPKJDBXSA-N,C[C@]12CC[C@@H]3[C@@H](CC[C@H]4CC(=O)CC[C@]34C)[C@H]1CC[C@@H]2O,ZINC15 : ZINC000000401445,espsim_shape,0.5102040816326531,zinc15
[H][C@@]12CC[C@H](O)[C@@]1(C)CC[C@@]1([H])[C@@]2([H])CCC2=C(O)C(=O)CC[C@]12C,BQOIJSIMMIDHMO-FBPKJDBXSA-N,C[C@]12CC[C@H]3[C@@H](CC[C@H]4CC(=O)CC[C@@]43C)[C@@H]1CC[C@@H]2O,ZINC15 : ZINC000003814360,espsim_shape,0.5102040816326531,zinc15
[H][C@@]12CC[C@H](O)[C@@]1(C)CC[C@@]1([H])[C@@]2([H])CCC2=C(O)C(=O)CC[C@]12C,BQOIJSIMMIDHMO-FBPKJDBXSA-N,C[C@]12CC[C@@H]3[C@H](CC[C@H]4CC(=O)CC[C@]34C)[C@H]1CC[C@@H]2O,ZINC15 : ZINC000005529900,espsim_shape,0.5102040816326531,zinc15
[H][C@@]12CC[C@H](O)[C@@]1(C)CC[C@@]1([H])[C@@]2([H])CCC2=C(O)C(=O)CC[C@]12C,BQOIJSIMMIDHMO-FBPKJDBXSA-N,C[C@]12CC[C@H]3[C@@H](CC[C@@H]4CC(=O)CC[C@@]43C)[C@@H]1CC[C@H]2O,ZINC15 : ZINC000013548350,espsim_shape,0.5102040816326531,zinc15
[H][C@@]12CC[C@H](O)[C@@]1(C)CC[C@@]1([H])[C@@]2([H])CCC2=C(O)C(=O)CC[C@]12C,BQOIJSIMMIDHMO-FBPKJDBXSA-N,C[C@]12CC[C@H]3[C@@H](CC[C@H]4CC(=O)CC[C@@]43C)[C@H]1CC[C@H]2O,ZINC15 : ZINC000013399588,espsim_shape,0.5102040816326531,zinc15
[H][C@@]12CC[C@H](O)[C@@]1(C)CC[C@@]1([H])[C@@]2([H])CCC2=C(O)C(=O)CC[C@]12C,BQOIJSIMMIDHMO-FBPKJDBXSA-N,C[C@@]12CC[C@H]3[C@@H](CC[C@H]4CC(=O)CC[C@@]43C)[C@H]1CC[C@H]2O,ZINC15 : ZINC000003843727,espsim_shape,0.5102040816326531,zinc15
[H][C@@]12CC[C@H](O)[C@@]1(C)CC[C@@]1([H])[C@@]2([H])CCC2=C(O)C(=O)CC[C@]12C,BQOIJSIMMIDHMO-FBPKJDBXSA-N,C[C@]12CC[C@H]3[C@@H](CC[C@H]4CC(=O)CC[C@@]43C)[C@@H]1CC[C@H]2O,ZINC15 : ZINC000006472573,espsim_shape,0.5102040816326531,zinc15
[H][C@@]12CC[C@H](O)[C@@]1(C)CC[C@@]1([H])[C@@]2([H])CCC2=C(O)C(=O)CC[C@]12C,BQOIJSIMMIDHMO-FBPKJDBXSA-N,C[C@]12CC[C@H]3[C@@H](CC[C@@H]4CC(=O)CC[C@@]43C)[C@@H]1CC[C@@H]2O,ZINC15 : ZINC000003814418,espsim_shape,0.5102040816326531,zinc15
[H][C@@]12CC[C@H](O)[C@@]1(C)CC[C@@]1([H])[C@@]2([H])CCC2=C(O)C(=O)CC[C@]12C,BQOIJSIMMIDHMO-FBPKJDBXSA-N,C[C@]12CC[C@@H]3[C@H](CC[C@H]4CC(=O)CC[C@]34C)[C@@H]1CC[C@@H]2O,ZINC15 : ZINC000016890071,espsim_shape,0.5102040816326531,zinc15
[H][C@@]12CC[C@H](O)[C@@]1(C)CC[C@@]1([H])[C@@]2([H])CCC2=C(O)C(=O)CC[C@]12C,BQOIJSIMMIDHMO-FBPKJDBXSA-N,C[C@@]12CC[C@@H]3[C@H](CC[C@H]4CC(=O)CC[C@]34C)[C@H]1CC[C@@H]2O,ZINC15 : ZINC000253537541,espsim_shape,0.5102040816326531,zinc15
[H][C@@]12CC[C@H](O)[C@@]1(C)CC[C@@]1([H])[C@@]2([H])CCC2=C(O)C(=O)CC[C@]12C,BQOIJSIMMIDHMO-FBPKJDBXSA-N,C[C@]12CC[C@@H]3[C@@H](CC[C@H]4CC(=O)CC[C@]34C)[C@@H]1CC[C@@H]2O,ZINC15 : ZINC000006623656,espsim_shape,0.5102040816326531,zinc15
[H][C@@]12CC[C@H](O)[C@@]1(C)CC[C@@]1([H])[C@@]2([H])CCC2=C(O)C(=O)CC[C@]12C,BQOIJSIMMIDHMO-FBPKJDBXSA-N,C[C@@]12CC[C@@H]3[C@H](CC[C@H]4CC(=O)CC[C@]34C)[C@H]1CC[C@H]2O,ZINC15 : ZINC000253537540,espsim_shape,0.5102040816326531,zinc15
[H][C@@]12CC[C@H](O)[C@@]1(C)CC[C@@]1([H])[C@@]2([H])CCC2=C(O)C(=O)CC[C@]12C,BQOIJSIMMIDHMO-FBPKJDBXSA-N,C[C@]12CC[C@@H]3[C@H](CC[C@H]4CC(=O)CC[C@]34C)[C@H]1CC[C@H]2O,ZINC15 : ZINC000035260592,espsim_shape,0.5102040816326531,zinc15
[H][C@@]12CC[C@H](O)[C@@]1(C)CC[C@@]1([H])[C@@]2([H])CCC2=C(O)C(=O)CC[C@]12C,BQOIJSIMMIDHMO-FBPKJDBXSA-N,C[C@]12CC[C@@H]3[C@H](CC[C@H]4CC(=O)CC[C@]34C)[C@@H]1CC[C@H]2O,ZINC15 : ZINC000039737972,espsim_shape,0.5102040816326531,zinc15
[H][C@@]12CC[C@H](O)[C@@]1(C)CC[C@@]1([H])[C@@]2([H])CCC2=C(O)C(=O)CC[C@]12C,BQOIJSIMMIDHMO-FBPKJDBXSA-N,C[C@@]12CC[C@H]3[C@@H](CC[C@H]4CC(=O)CC[C@@]43C)[C@@H]1CC[C@H]2O,ZINC15 : ZINC000253617462,espsim_shape,0.5102040816326531,zinc15
[H][C@@]12CC[C@H](O)[C@@]1(C)CC[C@@]1([H])[C@@]2([H])CCC2=C(O)C(=O)CC[C@]12C,BQOIJSIMMIDHMO-FBPKJDBXSA-N,C[C@]12CC[C@H]3[C@@H](CCC4=CC(=O)CC[C@@]43CO)[C@H]1CC[C@@H]2O,ZINC15 : ZINC000004026296,espsim_shape,0.5,zinc15
[H][C@@]12CC[C@H](O)[C@@]1(C)CC[C@@]1([H])[C@@]2([H])CCC2=C(O)C(=O)CC[C@]12C,BQOIJSIMMIDHMO-FBPKJDBXSA-N,C[C@]12CC[C@H]3[C@@H](CCC4=CC(=O)CC[C@@]43CO)[C@@H]1CC[C@H]2O,ZINC15 : ZINC000118914679,espsim_shape,0.5,zinc15
[H][C@@]12CC[C@H](O)[C@@]1(C)CC[C@@]1([H])[C@@]2([H])CCC2=C(O)C(=O)CC[C@]12C,BQOIJSIMMIDHMO-FBPKJDBXSA-N,C[C@]12CC[C@@H]3[C@@H](CCC4=CC(=O)C=C[C@@]43C)[C@@H]1CC[C@H]2O,ZINC15 : ZINC000004073878,espsim_shape,0.5,zinc15
[H][C@@]12CC[C@H](O)[C@@]1(C)CC[C@@]1([H])[C@@]2([H])CCC2=C(O)C(=O)CC[C@]12C,BQOIJSIMMIDHMO-FBPKJDBXSA-N,C[C@]12CC[C@@H]3[C@@H](CCC4=CC(=O)C=C[C@@]43C)[C@H]1CC[C@H]2O,ZINC15 : ZINC000004073880,espsim_shape,0.5,zinc15
[H][C@@]12CC[C@H](O)[C@@]1(C)CC[C@@]1([H])[C@@]2([H])CCC2=C(O)C(=O)CC[C@]12C,BQOIJSIMMIDHMO-FBPKJDBXSA-N,C[C@@]12CC[C@@H]3[C@H](CCC4=CC(=O)C=C[C@@]43C)[C@H]1CC[C@@H]2O,ZINC15 : ZINC000253498975,espsim_shape,0.5,zinc15
[H][C@@]12CC[C@H](O)[C@@]1(C)CC[C@@]1([H])[C@@]2([H])CCC2=C(O)C(=O)CC[C@]12C,BQOIJSIMMIDHMO-FBPKJDBXSA-N,C[C@]12CC[C@H]3[C@@H](CCC4=CC(=O)C=C[C@@]43C)[C@@H]1CC[C@@H]2O,ZINC15 : ZINC000004215042,espsim_shape,0.5,zinc15
[H][C@@]12CC[C@H](O)[C@@]1(C)CC[C@@]1([H])[C@@]2([H])CCC2=C(O)C(=O)CC[C@]12C,BQOIJSIMMIDHMO-FBPKJDBXSA-N,C[C@]12CC[C@@H]3[C@H](CCC4=CC(=O)C=C[C@@]43C)[C@H]1CC[C@@H]2O,ZINC15 : ZINC000242649038,espsim_shape,0.5,zinc15
[H][C@@]12CC[C@H](O)[C@@]1(C)CC[C@@]1([H])[C@@]2([H])CCC2=C(O)C(=O)CC[C@]12C,BQOIJSIMMIDHMO-FBPKJDBXSA-N,C[C@@]12CC[C@H]3[C@H](CC[C@H]4OC(=O)CC[C@@]43C)[C@@H]1CC[C@@H]2O,ZINC15 : ZINC000006266762,espsim_shape,0.5,zinc15
[H][C@@]12CC[C@H](O)[C@@]1(C)CC[C@@]1([H])[C@@]2([H])CCC2=C(O)C(=O)CC[C@]12C,BQOIJSIMMIDHMO-FBPKJDBXSA-N,C[C@@]12CC[C@@H]3[C@H](CCC4=CC(=O)C=C[C@@]43C)[C@H]1CC[C@H]2O,ZINC15 : ZINC000253498980,espsim_shape,0.5,zinc15
[H][C@@]12CC[C@H](O)[C@@]1(C)CC[C@@]1([H])[C@@]2([H])CCC2=C(O)C(=O)CC[C@]12C,BQOIJSIMMIDHMO-FBPKJDBXSA-N,C[C@]12CC[C@@H]3[C@H](CCC4=CC(=O)C=C[C@@]43C)[C@H]1CC[C@H]2O,ZINC15 : ZINC000242649037,espsim_shape,0.5,zinc15
[H][C@@]12CC[C@H](O)[C@@]1(C)CC[C@@]1([H])[C@@]2([H])CCC2=C(O)C(=O)CC[C@]12C,BQOIJSIMMIDHMO-FBPKJDBXSA-N,C[C@]12CC[C@H]3[C@@H](CCC4=CC(=O)C=C[C@@]43C)[C@H]1CC[C@H]2O,ZINC15 : ZINC000004073881,espsim_shape,0.5,zinc15
[H][C@@]12CC[C@H](O)[C@@]1(C)CC[C@@]1([H])[C@@]2([H])CCC2=C(O)C(=O)CC[C@]12C,BQOIJSIMMIDHMO-FBPKJDBXSA-N,C[C@@]12CC[C@@H]3[C@H](CC[C@H]4OC(=O)CC[C@@]43C)[C@@H]1CC[C@@H]2O,ZINC15 : ZINC000006266695,espsim_shape,0.5,zinc15
[H][C@@]12CC[C@H](O)[C@@]1(C)CC[C@@]1([H])[C@@]2([H])CCC2=C(O)C(=O)CC[C@]12C,BQOIJSIMMIDHMO-FBPKJDBXSA-N,C[C@]12CC[C@@H]3[C@@H](CCC4=CC(=O)CC[C@@]43CO)[C@H]1CC[C@@H]2O,ZINC15 : ZINC000004026295,espsim_shape,0.5,zinc15
[H][C@@]12CC[C@H](O)[C@@]1(C)CC[C@@]1([H])[C@@]2([H])CCC2=C(O)C(=O)CC[C@]12C,BQOIJSIMMIDHMO-FBPKJDBXSA-N,C[C@]12CC[C@@H]3[C@@H](CCC4=CC(=O)CC[C@@]43CO)[C@@H]1CC[C@@H]2O,ZINC15 : ZINC000004026293,espsim_shape,0.5,zinc15
[H][C@@]12CC[C@H](O)[C@@]1(C)CC[C@@]1([H])[C@@]2([H])CCC2=C(O)C(=O)CC[C@]12C,BQOIJSIMMIDHMO-FBPKJDBXSA-N,C[C@]12CC[C@H]3[C@@H](CCC4=CC(=O)CC[C@@]43CO)[C@@H]1CC[C@@H]2O,ZINC15 : ZINC000004026294,espsim_shape,0.5,zinc15
[H][C@@]12CC[C@H](O)[C@@]1(C)CC[C@@]1([H])[C@@]2([H])CCC2=C(O)C(=O)CC[C@]12C,BQOIJSIMMIDHMO-FBPKJDBXSA-N,C[C@]12CC[C@H]3[C@H](CC[C@H]4OC(=O)CC[C@@]43C)[C@@H]1CC[C@@H]2O,ZINC15 : ZINC000006268752,espsim_shape,0.5,zinc15
[H][C@@]12CC[C@H](O)[C@@]1(C)CC[C@@]1([H])[C@@]2([H])CCC2=C(O)C(=O)CC[C@]12C,BQOIJSIMMIDHMO-FBPKJDBXSA-N,C[C@]12CC[C@@H]3[C@H](CC[C@H]4OC(=O)CC[C@@]43C)[C@@H]1CC[C@@H]2O,ZINC15 : ZINC000006268681,espsim_shape,0.5,zinc15
[H][C@@]12CC[C@H](O)[C@@]1(C)CC[C@@]1([H])[C@@]2([H])CCC2=C(O)C(=O)CC[C@]12C,BQOIJSIMMIDHMO-FBPKJDBXSA-N,C[C@]12CC[C@H]3[C@@H](C[C@H](F)C4=CC(=O)CC[C@@]43C)[C@@H]1CC[C@H]2O,ZINC15 : ZINC000118916971,espsim_shape,0.5,zinc15
[H][C@@]12CC[C@H](O)[C@@]1(C)CC[C@@]1([H])[C@@]2([H])CCC2=C(O)C(=O)CC[C@]12C,BQOIJSIMMIDHMO-FBPKJDBXSA-N,C[C@]12CC[C@H]3[C@@H](C[C@@H](F)C4=CC(=O)CC[C@@]43C)[C@@H]1CC[C@@H]2O,ZINC15 : ZINC000004748138,espsim_shape,0.5,zinc15
[H][C@@]12CC[C@H](O)[C@@]1(C)CC[C@@]1([H])[C@@]2([H])CCC2=C(O)C(=O)CC[C@]12C,BQOIJSIMMIDHMO-FBPKJDBXSA-N,C[C@]12CC[C@H]3[C@@H](C[C@@H](F)C4=CC(=O)CC[C@@]43C)[C@@H]1CC[C@H]2O,ZINC15 : ZINC000118916972,espsim_shape,0.5,zinc15
[H][C@@]12CC[C@H](O)[C@@]1(C)CC[C@@]1([H])[C@@]2([H])CCC2=C(O)C(=O)CC[C@]12C,BQOIJSIMMIDHMO-FBPKJDBXSA-N,C[C@]12CC[C@H]3[C@@H](C[C@H](F)C4=CC(=O)CC[C@@]43C)[C@@H]1CC[C@@H]2O,ZINC15 : ZINC000013818206,espsim_shape,0.5,zinc15
[H][C@@]12CC[C@H](O)[C@@]1(C)CC[C@@]1([H])[C@@]2([H])CCC2=C(O)C(=O)CC[C@]12C,BQOIJSIMMIDHMO-FBPKJDBXSA-N,C[C@]12CC[C@H]3[C@@H](CCC4=CC(=O)C=C[C@@]43C)[C@@H]1CC[C@H]2O,ZINC15 : ZINC000004073879,espsim_shape,0.5,zinc15
[H][C@@]12CC[C@H](O)[C@@]1(C)CC[C@@]1([H])[C@@]2([H])CCC2=C(O)C(=O)CC[C@]12C,BQOIJSIMMIDHMO-FBPKJDBXSA-N,C[C@]12CC[C@H]3[C@@H](CCC4=CC(=O)C=C[C@@]43O)[C@@H]1CC[C@@H]2O,ZINC15 : ZINC000036477393,espsim_shape,0.49056603773584906,zinc15
[H][C@@]12CC[C@H](O)[C@@]1(C)CC[C@@]1([H])[C@@]2([H])CCC2=C(O)C(=O)CC[C@]12C,BQOIJSIMMIDHMO-FBPKJDBXSA-N,C[C@]12CC[C@H]3[C@@H](CC[C@H]4CC(=O)C[C@@]43C)[C@H]1CC[C@@H]2O,ZINC15 : ZINC000015952111,espsim_shape,0.4897959183673469,zinc15
[H][C@@]12CC[C@H](O)[C@@]1(C)CC[C@@]1([H])[C@@]2([H])CCC2=C(O)C(=O)CC[C@]12C,BQOIJSIMMIDHMO-FBPKJDBXSA-N,C[C@]12CC[C@@H]3[C@H](CC[C@H]4CC(=O)CC[C@@H]43)[C@@H]1CC[C@H]2O,ZINC15 : ZINC000257346120,espsim_shape,0.47058823529411764,zinc15
[H][C@@]12CC[C@H](O)[C@@]1(C)CC[C@@]1([H])[C@@]2([H])CCC2=C(O)C(=O)CC[C@]12C,BQOIJSIMMIDHMO-FBPKJDBXSA-N,C[C@]12CC[C@@H]3[C@H](CC[C@H]4CC(=O)CC[C@@H]43)[C@H]1CC[C@H]2O,ZINC15 : ZINC000257346118,espsim_shape,0.47058823529411764,zinc15
[H][C@@]12CC[C@H](O)[C@@]1(C)CC[C@@]1([H])[C@@]2([H])CCC2=C(O)C(=O)CC[C@]12C,BQOIJSIMMIDHMO-FBPKJDBXSA-N,C[C@]12CC[C@@H]3[C@H](CC[C@H]4CC(=O)CC[C@@H]43)[C@@H]1CC[C@@H]2O,ZINC15 : ZINC000005276673,espsim_shape,0.47058823529411764,zinc15
[H][C@@]12CC[C@H](O)[C@@]1(C)CC[C@@]1([H])[C@@]2([H])CCC2=C(O)C(=O)CC[C@]12C,BQOIJSIMMIDHMO-FBPKJDBXSA-N,C[C@]12CC[C@@H]3[C@H](CC[C@H]4CC(=O)CC[C@@H]43)[C@H]1CC[C@@H]2O,ZINC15 : ZINC000257346119,espsim_shape,0.47058823529411764,zinc15
