query_smiles,query_inchikey,smiles,identifier,search_type,score,database
[H][C@@]1(O)O[C@@]([H])(C(O)=O)[C@@]([H])(O)[C@]([H])(O)[C@@]1([H])OS(O)(=O)=O,COJBCAMFZDFGFK-VCSGLWQLSA-N,O=C([O-])[C@@H]1O[C@H](O)[C@H](O)[C@H]1O,ZINC15 : 104372385,consensus,0.34285714285714286,zinc15
[H][C@@]1(O)O[C@@]([H])(C(O)=O)[C@@]([H])(O)[C@]([H])(O)[C@@]1([H])OS(O)(=O)=O,COJBCAMFZDFGFK-VCSGLWQLSA-N,O=C([O-])[C@@H]1O[C@H](O)[C@@H](O)[C@@H]1O,ZINC15 : 14584282,consensus,0.34285714285714286,zinc15
[H][C@@]1(O)O[C@@]([H])(C(O)=O)[C@@]([H])(O)[C@]([H])(O)[C@@]1([H])OS(O)(=O)=O,COJBCAMFZDFGFK-VCSGLWQLSA-N,O=C([O-])[C@@H]1O[C@H](O)[C@H](O)[C@@H]1O,ZINC15 : 257357888,consensus,0.34285714285714286,zinc15
[H][C@@]1(O)O[C@@]([H])(C(O)=O)[C@@]([H])(O)[C@]([H])(O)[C@@]1([H])OS(O)(=O)=O,COJBCAMFZDFGFK-VCSGLWQLSA-N,O=C([O-])[C@@H]1O[C@H](O)[C@@H](O)[C@H]1O,ZINC15 : 257357887,consensus,0.34285714285714286,zinc15
[H][C@@]1(O)O[C@@]([H])(C(O)=O)[C@@]([H])(O)[C@]([H])(O)[C@@]1([H])OS(O)(=O)=O,COJBCAMFZDFGFK-VCSGLWQLSA-N,COC(=O)[C@H]1O[C@@H](O)[C@H](O)[C@@H](O)[C@H]1O,ZINC15 : ZINC000004336491,consensus,0.34210526315789475,zinc15
[H][C@@]1(O)O[C@@]([H])(C(O)=O)[C@@]([H])(O)[C@]([H])(O)[C@@]1([H])OS(O)(=O)=O,COJBCAMFZDFGFK-VCSGLWQLSA-N,COC(=O)[C@H]1O[C@H](O)[C@H](O)[C@@H](O)[C@H]1O,ZINC15 : ZINC000004336492,consensus,0.34210526315789475,zinc15
[H][C@@]1(O)O[C@@]([H])(C(O)=O)[C@@]([H])(O)[C@]([H])(O)[C@@]1([H])OS(O)(=O)=O,COJBCAMFZDFGFK-VCSGLWQLSA-N,O=C([O-])[C@H]1O[C@@H](O)[C@H](O)[C@@H](O)[C@H]1O,ZINC15 : 4097542,consensus,0.3333333333333333,zinc15
[H][C@@]1(O)O[C@@]([H])(C(O)=O)[C@@]([H])(O)[C@]([H])(O)[C@@]1([H])OS(O)(=O)=O,COJBCAMFZDFGFK-VCSGLWQLSA-N,O=C([O-])[C@H]1O[C@@H](O)[C@H](O)[C@@H](O)[C@@H]1O,ZINC15 : 4097543,consensus,0.3333333333333333,zinc15
[H][C@@]1(O)O[C@@]([H])(C(O)=O)[C@@]([H])(O)[C@]([H])(O)[C@@]1([H])OS(O)(=O)=O,COJBCAMFZDFGFK-VCSGLWQLSA-N,O=C([O-])[C@@H]1O[C@@H](O)[C@@H](O)[C@H](O)[C@H]1O,ZINC15 : 71755581,consensus,0.3333333333333333,zinc15
[H][C@@]1(O)O[C@@]([H])(C(O)=O)[C@@]([H])(O)[C@]([H])(O)[C@@]1([H])OS(O)(=O)=O,COJBCAMFZDFGFK-VCSGLWQLSA-N,O=C([O-])[C@H]1O[C@H](O)[C@H](O)[C@@H](O)[C@H]1O,ZINC15 : 4228259,consensus,0.3333333333333333,zinc15
[H][C@@]1(O)O[C@@]([H])(C(O)=O)[C@@]([H])(O)[C@]([H])(O)[C@@]1([H])OS(O)(=O)=O,COJBCAMFZDFGFK-VCSGLWQLSA-N,O=C([O-])[C@@H]1O[C@H](O)[C@H](O)[C@@H](O)[C@H]1O,ZINC15 : 3869801,consensus,0.3333333333333333,zinc15
[H][C@@]1(O)O[C@@]([H])(C(O)=O)[C@@]([H])(O)[C@]([H])(O)[C@@]1([H])OS(O)(=O)=O,COJBCAMFZDFGFK-VCSGLWQLSA-N,O=C([O-])[C@@H]1O[C@H](O)[C@@H](O)[C@H](O)[C@H]1O,ZINC15 : 53683417,consensus,0.3333333333333333,zinc15
[H][C@@]1(O)O[C@@]([H])(C(O)=O)[C@@]([H])(O)[C@]([H])(O)[C@@]1([H])OS(O)(=O)=O,COJBCAMFZDFGFK-VCSGLWQLSA-N,O=C([O-])[C@H]1O[C@@H](O)[C@@H](O)[C@@H](O)[C@@H]1O,ZINC15 : 4095780,consensus,0.3333333333333333,zinc15
[H][C@@]1(O)O[C@@]([H])(C(O)=O)[C@@]([H])(O)[C@]([H])(O)[C@@]1([H])OS(O)(=O)=O,COJBCAMFZDFGFK-VCSGLWQLSA-N,O=C([O-])[C@@H]1O[C@H](O)[C@@H](O)[C@@H](O)[C@H]1O,ZINC15 : 71755583,consensus,0.3333333333333333,zinc15
[H][C@@]1(O)O[C@@]([H])(C(O)=O)[C@@]([H])(O)[C@]([H])(O)[C@@]1([H])OS(O)(=O)=O,COJBCAMFZDFGFK-VCSGLWQLSA-N,O=C([O-])[C@@H]1O[C@@H](O)[C@@H](O)[C@H](O)[C@@H]1O,ZINC15 : 12359997,consensus,0.3333333333333333,zinc15
[H][C@@]1(O)O[C@@]([H])(C(O)=O)[C@@]([H])(O)[C@]([H])(O)[C@@]1([H])OS(O)(=O)=O,COJBCAMFZDFGFK-VCSGLWQLSA-N,O=C([O-])[C@@H]1O[C@@H](O)[C@H](O)[C@@H](O)[C@@H]1O,ZINC15 : 4097162,consensus,0.3333333333333333,zinc15
[H][C@@]1(O)O[C@@]([H])(C(O)=O)[C@@]([H])(O)[C@]([H])(O)[C@@]1([H])OS(O)(=O)=O,COJBCAMFZDFGFK-VCSGLWQLSA-N,O=C([O-])[C@@H]1O[C@@H](O)[C@H](O)[C@H](O)[C@@H]1O,ZINC15 : 12359998,consensus,0.3333333333333333,zinc15
[H][C@@]1(O)O[C@@]([H])(C(O)=O)[C@@]([H])(O)[C@]([H])(O)[C@@]1([H])OS(O)(=O)=O,COJBCAMFZDFGFK-VCSGLWQLSA-N,C[C@H]1O[C@@H](C)[C@@H](OS(=O)(=O)[O-])[C@@H](O)[C@@H]1O,ZINC15 : ZINC000097974745,consensus,0.3333333333333333,zinc15
[H][C@@]1(O)O[C@@]([H])(C(O)=O)[C@@]([H])(O)[C@]([H])(O)[C@@]1([H])OS(O)(=O)=O,COJBCAMFZDFGFK-VCSGLWQLSA-N,O=C([O-])[C@@H]1O[C@H](O)[C@H](O)[C@H](O)[C@H]1O,ZINC15 : 901236,consensus,0.3333333333333333,zinc15
[H][C@@]1(O)O[C@@]([H])(C(O)=O)[C@@]([H])(O)[C@]([H])(O)[C@@]1([H])OS(O)(=O)=O,COJBCAMFZDFGFK-VCSGLWQLSA-N,O=C([O-])[C@H]1O[C@@H](O)[C@H](O)[C@H](O)[C@@H]1O,ZINC15 : 2539632,consensus,0.3333333333333333,zinc15
[H][C@@]1(O)O[C@@]([H])(C(O)=O)[C@@]([H])(O)[C@]([H])(O)[C@@]1([H])OS(O)(=O)=O,COJBCAMFZDFGFK-VCSGLWQLSA-N,O=C([O-])[C@@H]1O[C@H](O)[C@H](O)[C@H](O)[C@@H]1O,ZINC15 : 3869799,consensus,0.3333333333333333,zinc15
[H][C@@]1(O)O[C@@]([H])(C(O)=O)[C@@]([H])(O)[C@]([H])(O)[C@@]1([H])OS(O)(=O)=O,COJBCAMFZDFGFK-VCSGLWQLSA-N,O=C([O-])[C@H]1O[C@H](O)[C@H](O)[C@@H](O)[C@@H]1O,ZINC15 : 4213449,consensus,0.3333333333333333,zinc15
[H][C@@]1(O)O[C@@]([H])(C(O)=O)[C@@]([H])(O)[C@]([H])(O)[C@@]1([H])OS(O)(=O)=O,COJBCAMFZDFGFK-VCSGLWQLSA-N,O=C([O-])[C@@H]1O[C@@H](O)[C@@H](O)[C@@H](O)[C@H]1O,ZINC15 : 71755582,consensus,0.3333333333333333,zinc15
[H][C@@]1(O)O[C@@]([H])(C(O)=O)[C@@]([H])(O)[C@]([H])(O)[C@@]1([H])OS(O)(=O)=O,COJBCAMFZDFGFK-VCSGLWQLSA-N,O=C([O-])[C@@H]1O[C@H](O)[C@H](O)[C@@H](O)[C@@H]1O,ZINC15 : 3869800,consensus,0.3333333333333333,zinc15
[H][C@@]1(O)O[C@@]([H])(C(O)=O)[C@@]([H])(O)[C@]([H])(O)[C@@]1([H])OS(O)(=O)=O,COJBCAMFZDFGFK-VCSGLWQLSA-N,O=C([O-])[C@@H]1O[C@H](O)[C@@H](O)[C@@H](O)[C@@H]1O,ZINC15 : 4097165,consensus,0.3333333333333333,zinc15
[H][C@@]1(O)O[C@@]([H])(C(O)=O)[C@@]([H])(O)[C@]([H])(O)[C@@]1([H])OS(O)(=O)=O,COJBCAMFZDFGFK-VCSGLWQLSA-N,O=C([O-])[C@@H]1O[C@@H](O)[C@@H](O)[C@@H](O)[C@@H]1O,ZINC15 : 4097166,consensus,0.3333333333333333,zinc15
[H][C@@]1(O)O[C@@]([H])(C(O)=O)[C@@]([H])(O)[C@]([H])(O)[C@@]1([H])OS(O)(=O)=O,COJBCAMFZDFGFK-VCSGLWQLSA-N,O=C([O-])[C@H]1O[C@@H](O)[C@@H](O)[C@H](O)[C@@H]1O,ZINC15 : 12359999,consensus,0.3333333333333333,zinc15
[H][C@@]1(O)O[C@@]([H])(C(O)=O)[C@@]([H])(O)[C@]([H])(O)[C@@]1([H])OS(O)(=O)=O,COJBCAMFZDFGFK-VCSGLWQLSA-N,CS(=O)(=O)O[C@@H]1[C@H](O)[C@H](O)[C@H](OS(C)(=O)=O)[C@H](OS(C)(=O)=O)[C@@H]1OS(C)(=O)=O,ZINC15 : ZINC000104054231,consensus,0.3142857142857143,zinc15
[H][C@@]1(O)O[C@@]([H])(C(O)=O)[C@@]([H])(O)[C@]([H])(O)[C@@]1([H])OS(O)(=O)=O,COJBCAMFZDFGFK-VCSGLWQLSA-N,CS(=O)(=O)O[C@@H]1[C@@H](OS(C)(=O)=O)[C@@H](O)[C@H](O)[C@H](OS(C)(=O)=O)[C@@H]1OS(C)(=O)=O,ZINC15 : ZINC000104054248,consensus,0.3142857142857143,zinc15
[H][C@@]1(O)O[C@@]([H])(C(O)=O)[C@@]([H])(O)[C@]([H])(O)[C@@]1([H])OS(O)(=O)=O,COJBCAMFZDFGFK-VCSGLWQLSA-N,CS(=O)(=O)O[C@@H]1[C@@H](OS(C)(=O)=O)[C@H](O)[C@H](O)[C@H](OS(C)(=O)=O)[C@@H]1OS(C)(=O)=O,ZINC15 : ZINC000104054237,consensus,0.3142857142857143,zinc15
[H][C@@]1(O)O[C@@]([H])(C(O)=O)[C@@]([H])(O)[C@]([H])(O)[C@@]1([H])OS(O)(=O)=O,COJBCAMFZDFGFK-VCSGLWQLSA-N,CS(=O)(=O)O[C@H]1[C@@H](OS(C)(=O)=O)[C@@H](OS(C)(=O)=O)[C@@H](OS(C)(=O)=O)[C@@H](O)[C@@H]1O,ZINC15 : ZINC000104054242,consensus,0.3142857142857143,zinc15
[H][C@@]1(O)O[C@@]([H])(C(O)=O)[C@@]([H])(O)[C@]([H])(O)[C@@]1([H])OS(O)(=O)=O,COJBCAMFZDFGFK-VCSGLWQLSA-N,CS(=O)(=O)O[C@H]1[C@H](O)[C@H](O)CO[C@@H]1O,ZINC15 : ZINC000004831427,consensus,0.30952380952380953,zinc15
[H][C@@]1(O)O[C@@]([H])(C(O)=O)[C@@]([H])(O)[C@]([H])(O)[C@@]1([H])OS(O)(=O)=O,COJBCAMFZDFGFK-VCSGLWQLSA-N,CS(=O)(=O)O[C@H]1[C@H](O)[C@@H](O)CO[C@@H]1O,ZINC15 : ZINC000005671312,consensus,0.30952380952380953,zinc15
[H][C@@]1(O)O[C@@]([H])(C(O)=O)[C@@]([H])(O)[C@]([H])(O)[C@@]1([H])OS(O)(=O)=O,COJBCAMFZDFGFK-VCSGLWQLSA-N,CS(=O)(=O)O[C@H]1[C@@H](O)[C@@H](O)O[C@@H](CO)[C@@H]1O,ZINC15 : ZINC000004743669,consensus,0.3023255813953488,zinc15
[H][C@@]1(O)O[C@@]([H])(C(O)=O)[C@@]([H])(O)[C@]([H])(O)[C@@]1([H])OS(O)(=O)=O,COJBCAMFZDFGFK-VCSGLWQLSA-N,CS(=O)(=O)O[C@@H]1[C@@H](O)[C@H](O)O[C@H](CO)[C@H]1O,ZINC15 : ZINC000003956730,consensus,0.3023255813953488,zinc15
[H][C@@]1(O)O[C@@]([H])(C(O)=O)[C@@]([H])(O)[C@]([H])(O)[C@@]1([H])OS(O)(=O)=O,COJBCAMFZDFGFK-VCSGLWQLSA-N,CS(=O)(=O)O[C@@H]1[C@@H](O)[C@@H](O)O[C@@H](CO)[C@H]1O,ZINC15 : ZINC000004743668,consensus,0.3023255813953488,zinc15
[H][C@@]1(O)O[C@@]([H])(C(O)=O)[C@@]([H])(O)[C@]([H])(O)[C@@]1([H])OS(O)(=O)=O,COJBCAMFZDFGFK-VCSGLWQLSA-N,CS(=O)(=O)O[C@H]1[C@H](O)[C@@H](CO)O[C@H](O)[C@@H]1O,ZINC15 : ZINC000083291407,consensus,0.3023255813953488,zinc15
[H][C@@]1(O)O[C@@]([H])(C(O)=O)[C@@]([H])(O)[C@]([H])(O)[C@@]1([H])OS(O)(=O)=O,COJBCAMFZDFGFK-VCSGLWQLSA-N,CS(=O)(=O)O[C@H]1[C@@H](O)[C@@H](O)O[C@@H](CO)[C@H]1O,ZINC15 : ZINC000004743667,consensus,0.3023255813953488,zinc15
[H][C@@]1(O)O[C@@]([H])(C(O)=O)[C@@]([H])(O)[C@]([H])(O)[C@@]1([H])OS(O)(=O)=O,COJBCAMFZDFGFK-VCSGLWQLSA-N,CS(=O)(=O)O[C@@H]1[C@@H](O)[C@@H](O)O[C@@H](CO)[C@@H]1O,ZINC15 : ZINC000004743670,consensus,0.3023255813953488,zinc15
[H][C@@]1(O)O[C@@]([H])(C(O)=O)[C@@]([H])(O)[C@]([H])(O)[C@@]1([H])OS(O)(=O)=O,COJBCAMFZDFGFK-VCSGLWQLSA-N,CO[C@@H]1[C@H](O)[C@@H](O)[C@H](O)O[C@@H]1CS(=O)(=O)[O-],ZINC15 : ZINC000004104919,consensus,0.28888888888888886,zinc15
[H][C@@]1(O)O[C@@]([H])(C(O)=O)[C@@]([H])(O)[C@]([H])(O)[C@@]1([H])OS(O)(=O)=O,COJBCAMFZDFGFK-VCSGLWQLSA-N,CO[C@@H]1[C@@H](C)O[C@@H](C)[C@@H](OS(=O)(=O)[O-])[C@H]1O,ZINC15 : ZINC000575631103,consensus,0.2857142857142857,zinc15
[H][C@@]1(O)O[C@@]([H])(C(O)=O)[C@@]([H])(O)[C@]([H])(O)[C@@]1([H])OS(O)(=O)=O,COJBCAMFZDFGFK-VCSGLWQLSA-N,CO[C@@H]1[C@@H](O)[C@@H](OS(=O)(=O)[O-])[C@@H](C)O[C@H]1C,ZINC15 : ZINC001529050389,consensus,0.2857142857142857,zinc15
[H][C@@]1(O)O[C@@]([H])(C(O)=O)[C@@]([H])(O)[C@]([H])(O)[C@@]1([H])OS(O)(=O)=O,COJBCAMFZDFGFK-VCSGLWQLSA-N,CC(=O)N[C@H]1[C@H](O)O[C@H](OS(=O)(=O)[O-])[C@H](O)[C@@H]1O[C@@H]1O[C@H](C(=O)[O-])[C@@H](O)[C@H](O)[C@H]1O,ZINC15 : ZINC000012494114,consensus,0.2857142857142857,zinc15
[H][C@@]1(O)O[C@@]([H])(C(O)=O)[C@@]([H])(O)[C@]([H])(O)[C@@]1([H])OS(O)(=O)=O,COJBCAMFZDFGFK-VCSGLWQLSA-N,N[C@@H]1[C@@H](OS(=O)(=O)[O-])[C@H](O)[C@@H](CO)O[C@@H]1O,ZINC15 : ZINC000034328190,consensus,0.2826086956521739,zinc15
[H][C@@]1(O)O[C@@]([H])(C(O)=O)[C@@]([H])(O)[C@]([H])(O)[C@@]1([H])OS(O)(=O)=O,COJBCAMFZDFGFK-VCSGLWQLSA-N,N[C@H]1[C@H](O)O[C@H](CO)[C@@H](O)[C@@H]1OS(=O)(=O)[O-],ZINC15 : ZINC000043763932,consensus,0.2826086956521739,zinc15
[H][C@@]1(O)O[C@@]([H])(C(O)=O)[C@@]([H])(O)[C@]([H])(O)[C@@]1([H])OS(O)(=O)=O,COJBCAMFZDFGFK-VCSGLWQLSA-N,[NH3+][C@@H]1[C@@H](OS(=O)(=O)[O-])[C@H](O)[C@@H](CO)O[C@@H]1O,ZINC15 : ZINC000034328190,consensus,0.2826086956521739,zinc15
[H][C@@]1(O)O[C@@]([H])(C(O)=O)[C@@]([H])(O)[C@]([H])(O)[C@@]1([H])OS(O)(=O)=O,COJBCAMFZDFGFK-VCSGLWQLSA-N,[NH3+][C@H]1[C@H](O)O[C@H](CO)[C@@H](O)[C@@H]1OS(=O)(=O)[O-],ZINC15 : ZINC000043763932,consensus,0.2826086956521739,zinc15
[H][C@@]1(O)O[C@@]([H])(C(O)=O)[C@@]([H])(O)[C@]([H])(O)[C@@]1([H])OS(O)(=O)=O,COJBCAMFZDFGFK-VCSGLWQLSA-N,O=C([O-])[C@@H]1O[C@H](O[C@@H]2[C@H](COS(=O)(=O)[O-])O[C@@H](O)[C@@H](NS(=O)(=O)[O-])[C@@H]2O)[C@@H](OS(=O)(=O)[O-])[C@H](O)[C@H]1O,ZINC15 : ZINC000253532549,consensus,0.2786885245901639,zinc15
[H][C@@]1(O)O[C@@]([H])(C(O)=O)[C@@]([H])(O)[C@]([H])(O)[C@@]1([H])OS(O)(=O)=O,COJBCAMFZDFGFK-VCSGLWQLSA-N,O=C([O-])[C@@H]1O[C@H](O[C@@H]2[C@H](COS(=O)(=O)[O-])O[C@H](O)[C@@H](NS(=O)(=O)[O-])[C@@H]2O)[C@@H](OS(=O)(=O)[O-])[C@H](O)[C@H]1O,ZINC15 : ZINC000253532546,consensus,0.2786885245901639,zinc15
[H][C@@]1(O)O[C@@]([H])(C(O)=O)[C@@]([H])(O)[C@]([H])(O)[C@@]1([H])OS(O)(=O)=O,COJBCAMFZDFGFK-VCSGLWQLSA-N,O=C([C@H]1O[C@H](O)[C@H](O)[C@@H](O)[C@H]1O)N1CC2(C1)CN(S(=O)(=O)C1CC1)C2,ZINC15 : ZINC001280245333,consensus,0.27450980392156865,zinc15
[H][C@@]1(O)O[C@@]([H])(C(O)=O)[C@@]([H])(O)[C@]([H])(O)[C@@]1([H])OS(O)(=O)=O,COJBCAMFZDFGFK-VCSGLWQLSA-N,O=C([C@H]1O[C@H](O)[C@H](O)[C@@H](O)[C@H]1O)N1C[C@H]2C[C@@H](C1)N2S(=O)(=O)C1CC1,ZINC15 : ZINC001280245636,consensus,0.27450980392156865,zinc15
[H][C@@]1(O)O[C@@]([H])(C(O)=O)[C@@]([H])(O)[C@]([H])(O)[C@@]1([H])OS(O)(=O)=O,COJBCAMFZDFGFK-VCSGLWQLSA-N,O=C([C@H]1O[C@@H](O)[C@H](O)[C@@H](O)[C@H]1O)N1CC2(C1)CN(S(=O)(=O)C1CC1)C2,ZINC15 : ZINC001280245332,consensus,0.27450980392156865,zinc15
[H][C@@]1(O)O[C@@]([H])(C(O)=O)[C@@]([H])(O)[C@]([H])(O)[C@@]1([H])OS(O)(=O)=O,COJBCAMFZDFGFK-VCSGLWQLSA-N,O=C([C@H]1O[C@@H](O)[C@H](O)[C@@H](O)[C@H]1O)N1C[C@H]2C[C@@H](C1)N2S(=O)(=O)C1CC1,ZINC15 : ZINC001280245639,consensus,0.27450980392156865,zinc15
[H][C@@]1(O)O[C@@]([H])(C(O)=O)[C@@]([H])(O)[C@]([H])(O)[C@@]1([H])OS(O)(=O)=O,COJBCAMFZDFGFK-VCSGLWQLSA-N,CO[C@@H]1O[C@@H](COS(C)(=O)=O)[C@@H](O)[C@H](O)[C@H]1OS(C)(=O)=O,ZINC15 : ZINC000104251784,consensus,0.2708333333333333,zinc15
[H][C@@]1(O)O[C@@]([H])(C(O)=O)[C@@]([H])(O)[C@]([H])(O)[C@@]1([H])OS(O)(=O)=O,COJBCAMFZDFGFK-VCSGLWQLSA-N,CO[C@H]1O[C@@H](COS(C)(=O)=O)[C@@H](O)[C@@H](O)[C@H]1OS(C)(=O)=O,ZINC15 : ZINC000104139236,consensus,0.2708333333333333,zinc15
[H][C@@]1(O)O[C@@]([H])(C(O)=O)[C@@]([H])(O)[C@]([H])(O)[C@@]1([H])OS(O)(=O)=O,COJBCAMFZDFGFK-VCSGLWQLSA-N,CO[C@@H]1O[C@@H](COS(C)(=O)=O)[C@H](O)[C@@H](O)[C@@H]1OS(C)(=O)=O,ZINC15 : ZINC000253613920,consensus,0.2708333333333333,zinc15
[H][C@@]1(O)O[C@@]([H])(C(O)=O)[C@@]([H])(O)[C@]([H])(O)[C@@]1([H])OS(O)(=O)=O,COJBCAMFZDFGFK-VCSGLWQLSA-N,CO[C@@H]1O[C@@H](COS(C)(=O)=O)[C@@H](O)[C@@H](O)[C@H]1OS(C)(=O)=O,ZINC15 : ZINC000104139240,consensus,0.2708333333333333,zinc15
[H][C@@]1(O)O[C@@]([H])(C(O)=O)[C@@]([H])(O)[C@]([H])(O)[C@@]1([H])OS(O)(=O)=O,COJBCAMFZDFGFK-VCSGLWQLSA-N,CO[C@@H]1O[C@@H](COS(C)(=O)=O)[C@@H](O)[C@@H](O)[C@@H]1OS(C)(=O)=O,ZINC15 : ZINC000104139249,consensus,0.2708333333333333,zinc15
[H][C@@]1(O)O[C@@]([H])(C(O)=O)[C@@]([H])(O)[C@]([H])(O)[C@@]1([H])OS(O)(=O)=O,COJBCAMFZDFGFK-VCSGLWQLSA-N,CO[C@H]1O[C@@H](COS(C)(=O)=O)[C@H](O)[C@@H](O)[C@@H]1OS(C)(=O)=O,ZINC15 : ZINC000253613919,consensus,0.2708333333333333,zinc15
[H][C@@]1(O)O[C@@]([H])(C(O)=O)[C@@]([H])(O)[C@]([H])(O)[C@@]1([H])OS(O)(=O)=O,COJBCAMFZDFGFK-VCSGLWQLSA-N,CO[C@H]1O[C@@H](COS(C)(=O)=O)[C@@H](O)[C@H](O)[C@H]1OS(C)(=O)=O,ZINC15 : ZINC000104251781,consensus,0.2708333333333333,zinc15
[H][C@@]1(O)O[C@@]([H])(C(O)=O)[C@@]([H])(O)[C@]([H])(O)[C@@]1([H])OS(O)(=O)=O,COJBCAMFZDFGFK-VCSGLWQLSA-N,CO[C@H]1O[C@@H](COS(C)(=O)=O)[C@@H](O)[C@@H](O)[C@@H]1OS(C)(=O)=O,ZINC15 : ZINC000104139246,consensus,0.2708333333333333,zinc15
[H][C@@]1(O)O[C@@]([H])(C(O)=O)[C@@]([H])(O)[C@]([H])(O)[C@@]1([H])OS(O)(=O)=O,COJBCAMFZDFGFK-VCSGLWQLSA-N,CO[C@H]1[C@@H](O)O[C@H](CO)[C@@H](O)[C@@H]1O,ZINC15 : 34191099,consensus,0.2682926829268293,zinc15
[H][C@@]1(O)O[C@@]([H])(C(O)=O)[C@@]([H])(O)[C@]([H])(O)[C@@]1([H])OS(O)(=O)=O,COJBCAMFZDFGFK-VCSGLWQLSA-N,O=S(=O)([O-])N[C@H]1[C@H](O)O[C@H](CO)[C@@H](O)[C@@H]1OS(=O)(=O)[O-],ZINC15 : ZINC000013537156,consensus,0.2653061224489796,zinc15
[H][C@@]1(O)O[C@@]([H])(C(O)=O)[C@@]([H])(O)[C@]([H])(O)[C@@]1([H])OS(O)(=O)=O,COJBCAMFZDFGFK-VCSGLWQLSA-N,CO[C@@H]1O[C@@H](C(=O)[O-])[C@@H](O)[C@@H](O)[C@H]1O,ZINC15 : ZINC000004721247,consensus,0.2619047619047619,zinc15
[H][C@@]1(O)O[C@@]([H])(C(O)=O)[C@@]([H])(O)[C@]([H])(O)[C@@]1([H])OS(O)(=O)=O,COJBCAMFZDFGFK-VCSGLWQLSA-N,CO[C@@H]1O[C@H](C(=O)[O-])[C@@H](O)[C@H](O)[C@H]1O,ZINC15 : ZINC000005998328,consensus,0.2619047619047619,zinc15
[H][C@@]1(O)O[C@@]([H])(C(O)=O)[C@@]([H])(O)[C@]([H])(O)[C@@]1([H])OS(O)(=O)=O,COJBCAMFZDFGFK-VCSGLWQLSA-N,CO[C@H]1O[C@@H](C(=O)[O-])[C@@H](O)[C@@H](O)[C@@H]1O,ZINC15 : ZINC000004721248,consensus,0.2619047619047619,zinc15
[H][C@@]1(O)O[C@@]([H])(C(O)=O)[C@@]([H])(O)[C@]([H])(O)[C@@]1([H])OS(O)(=O)=O,COJBCAMFZDFGFK-VCSGLWQLSA-N,CO[C@@H]1O[C@@H](C(=O)[O-])[C@@H](O)[C@@H](O)[C@@H]1O,ZINC15 : ZINC000004721249,consensus,0.2619047619047619,zinc15
[H][C@@]1(O)O[C@@]([H])(C(O)=O)[C@@]([H])(O)[C@]([H])(O)[C@@]1([H])OS(O)(=O)=O,COJBCAMFZDFGFK-VCSGLWQLSA-N,CO[C@H]1O[C@@H](C(=O)[O-])[C@@H](O)[C@@H](O)[C@H]1O,ZINC15 : ZINC000004721246,consensus,0.2619047619047619,zinc15
[H][C@@]1(O)O[C@@]([H])(C(O)=O)[C@@]([H])(O)[C@]([H])(O)[C@@]1([H])OS(O)(=O)=O,COJBCAMFZDFGFK-VCSGLWQLSA-N,CO[C@@H]1O[C@@H](CO)[C@@H](O)[C@@H]1OS(C)(=O)=O,ZINC15 : ZINC000004963410,consensus,0.2608695652173913,zinc15
[H][C@@]1(O)O[C@@]([H])(C(O)=O)[C@@]([H])(O)[C@]([H])(O)[C@@]1([H])OS(O)(=O)=O,COJBCAMFZDFGFK-VCSGLWQLSA-N,CO[C@@H]1O[C@@H](CO)[C@@H](O)[C@H]1OS(C)(=O)=O,ZINC15 : ZINC000004963406,consensus,0.2608695652173913,zinc15
[H][C@@]1(O)O[C@@]([H])(C(O)=O)[C@@]([H])(O)[C@]([H])(O)[C@@]1([H])OS(O)(=O)=O,COJBCAMFZDFGFK-VCSGLWQLSA-N,CO[C@H]1O[C@@H](CO)[C@@H](O)[C@@H]1OS(C)(=O)=O,ZINC15 : ZINC000004963408,consensus,0.2608695652173913,zinc15
[H][C@@]1(O)O[C@@]([H])(C(O)=O)[C@@]([H])(O)[C@]([H])(O)[C@@]1([H])OS(O)(=O)=O,COJBCAMFZDFGFK-VCSGLWQLSA-N,CO[C@H]1O[C@@H](CO)[C@@H](O)[C@H]1OS(C)(=O)=O,ZINC15 : ZINC000004963403,consensus,0.2608695652173913,zinc15
[H][C@@]1(O)O[C@@]([H])(C(O)=O)[C@@]([H])(O)[C@]([H])(O)[C@@]1([H])OS(O)(=O)=O,COJBCAMFZDFGFK-VCSGLWQLSA-N,O=C([C@H]1O[C@@H](O)[C@H](O)[C@@H](O)[C@H]1O)N1CCC12CN(S(=O)(=O)C1CC1)C2,ZINC15 : ZINC001280245572,consensus,0.25925925925925924,zinc15
[H][C@@]1(O)O[C@@]([H])(C(O)=O)[C@@]([H])(O)[C@]([H])(O)[C@@]1([H])OS(O)(=O)=O,COJBCAMFZDFGFK-VCSGLWQLSA-N,O=C([C@H]1O[C@H](O)[C@H](O)[C@@H](O)[C@H]1O)N1CCC12CN(S(=O)(=O)C1CC1)C2,ZINC15 : ZINC001280245574,consensus,0.25925925925925924,zinc15
[H][C@@]1(O)O[C@@]([H])(C(O)=O)[C@@]([H])(O)[C@]([H])(O)[C@@]1([H])OS(O)(=O)=O,COJBCAMFZDFGFK-VCSGLWQLSA-N,O=C([C@H]1O[C@@H](O)[C@H](O)[C@@H](O)[C@H]1O)N1C[C@H]2C[C@@H](C1)N(S(=O)(=O)C1CC1)C2,ZINC15 : ZINC001280245807,consensus,0.2545454545454545,zinc15
[H][C@@]1(O)O[C@@]([H])(C(O)=O)[C@@]([H])(O)[C@]([H])(O)[C@@]1([H])OS(O)(=O)=O,COJBCAMFZDFGFK-VCSGLWQLSA-N,O=C([C@H]1O[C@H](O)[C@H](O)[C@@H](O)[C@H]1O)N1C[C@H]2C[C@@H](C1)N(S(=O)(=O)C1CC1)C2,ZINC15 : ZINC001280245808,consensus,0.2545454545454545,zinc15
[H][C@@]1(O)O[C@@]([H])(C(O)=O)[C@@]([H])(O)[C@]([H])(O)[C@@]1([H])OS(O)(=O)=O,COJBCAMFZDFGFK-VCSGLWQLSA-N,O=C([C@H]1O[C@H](O)[C@H](O)[C@@H](O)[C@H]1O)N1CCC12CN(S(=O)(=O)C1CCC1)C2,ZINC15 : ZINC001279760127,consensus,0.25,zinc15
[H][C@@]1(O)O[C@@]([H])(C(O)=O)[C@@]([H])(O)[C@]([H])(O)[C@@]1([H])OS(O)(=O)=O,COJBCAMFZDFGFK-VCSGLWQLSA-N,O=C([O-])[C@@H]1O[C@@H](Oc2ccccc2)[C@H](O)[C@@H](O)[C@@H]1O,ZINC15 : ZINC000012953385,consensus,0.25,zinc15
[H][C@@]1(O)O[C@@]([H])(C(O)=O)[C@@]([H])(O)[C@]([H])(O)[C@@]1([H])OS(O)(=O)=O,COJBCAMFZDFGFK-VCSGLWQLSA-N,O=C([O-])[C@H]1O[C@@H](Oc2ccccc2)[C@H](O)[C@@H](O)[C@@H]1O,ZINC15 : ZINC000004282196,consensus,0.25,zinc15
[H][C@@]1(O)O[C@@]([H])(C(O)=O)[C@@]([H])(O)[C@]([H])(O)[C@@]1([H])OS(O)(=O)=O,COJBCAMFZDFGFK-VCSGLWQLSA-N,O=C([C@H]1O[C@@H](O)[C@H](O)[C@@H](O)[C@H]1O)N1CCC12CN(S(=O)(=O)C1CCC1)C2,ZINC15 : ZINC001279760128,consensus,0.25,zinc15
[H][C@@]1(O)O[C@@]([H])(C(O)=O)[C@@]([H])(O)[C@]([H])(O)[C@@]1([H])OS(O)(=O)=O,COJBCAMFZDFGFK-VCSGLWQLSA-N,Cc1ccc(S(=O)(=O)O[C@H]2[C@@H]3OC[C@@H](O3)[C@@H](O)[C@@H]2O)cc1,ZINC15 : ZINC000039004863,consensus,0.24528301886792453,zinc15
[H][C@@]1(O)O[C@@]([H])(C(O)=O)[C@@]([H])(O)[C@]([H])(O)[C@@]1([H])OS(O)(=O)=O,COJBCAMFZDFGFK-VCSGLWQLSA-N,Cc1ccc(S(=O)(=O)O[C@@H]2[C@H]3CO[C@H](O3)[C@H](O)[C@H]2O)cc1,ZINC15 : ZINC000038599720,consensus,0.24528301886792453,zinc15
[H][C@@]1(O)O[C@@]([H])(C(O)=O)[C@@]([H])(O)[C@]([H])(O)[C@@]1([H])OS(O)(=O)=O,COJBCAMFZDFGFK-VCSGLWQLSA-N,CCO[C@@H]1O[C@@H](C(=O)[O-])[C@H](O)[C@@H](O)[C@@H]1O,ZINC15 : ZINC000253588111,consensus,0.24444444444444444,zinc15
[H][C@@]1(O)O[C@@]([H])(C(O)=O)[C@@]([H])(O)[C@]([H])(O)[C@@]1([H])OS(O)(=O)=O,COJBCAMFZDFGFK-VCSGLWQLSA-N,CCO[C@H]1O[C@@H](C(=O)[O-])[C@H](O)[C@@H](O)[C@@H]1O,ZINC15 : ZINC000253588112,consensus,0.24444444444444444,zinc15
[H][C@@]1(O)O[C@@]([H])(C(O)=O)[C@@]([H])(O)[C@]([H])(O)[C@@]1([H])OS(O)(=O)=O,COJBCAMFZDFGFK-VCSGLWQLSA-N,O=C([O-])[C@H]1O[C@H](OP(=O)([O-])[O-])[C@H](O)[C@@H](O)[C@@H]1O,ZINC15 : ZINC000004095578,consensus,0.24444444444444444,zinc15
[H][C@@]1(O)O[C@@]([H])(C(O)=O)[C@@]([H])(O)[C@]([H])(O)[C@@]1([H])OS(O)(=O)=O,COJBCAMFZDFGFK-VCSGLWQLSA-N,O=C([O-])[C@H]1O[C@H](OP(=O)([O-])[O-])[C@H](O)[C@@H](O)[C@H]1O,ZINC15 : ZINC000004096292,consensus,0.24444444444444444,zinc15
[H][C@@]1(O)O[C@@]([H])(C(O)=O)[C@@]([H])(O)[C@]([H])(O)[C@@]1([H])OS(O)(=O)=O,COJBCAMFZDFGFK-VCSGLWQLSA-N,CCO[C@@H]1O[C@H](C(=O)[O-])[C@@H](O)[C@H](O)[C@H]1O,ZINC15 : ZINC000005861416,consensus,0.24444444444444444,zinc15
[H][C@@]1(O)O[C@@]([H])(C(O)=O)[C@@]([H])(O)[C@]([H])(O)[C@@]1([H])OS(O)(=O)=O,COJBCAMFZDFGFK-VCSGLWQLSA-N,CC(C)=CC(=O)N[C@H]1[C@H](O)O[C@H](COS(=O)(=O)[O-])[C@@H](O)[C@@H]1O,ZINC15 : ZINC001143931664,consensus,0.24074074074074073,zinc15
[H][C@@]1(O)O[C@@]([H])(C(O)=O)[C@@]([H])(O)[C@]([H])(O)[C@@]1([H])OS(O)(=O)=O,COJBCAMFZDFGFK-VCSGLWQLSA-N,CO[C@H]1OC[C@@H](O)[C@@H](O)[C@@H]1OS(C)(=O)=O,ZINC15 : ZINC000004994955,consensus,0.2391304347826087,zinc15
[H][C@@]1(O)O[C@@]([H])(C(O)=O)[C@@]([H])(O)[C@]([H])(O)[C@@]1([H])OS(O)(=O)=O,COJBCAMFZDFGFK-VCSGLWQLSA-N,CCCO[C@@H]1O[C@@H](C(=O)[O-])[C@H](O)[C@@H](O)[C@@H]1O,ZINC15 : ZINC000309233930,consensus,0.2391304347826087,zinc15
[H][C@@]1(O)O[C@@]([H])(C(O)=O)[C@@]([H])(O)[C@]([H])(O)[C@@]1([H])OS(O)(=O)=O,COJBCAMFZDFGFK-VCSGLWQLSA-N,CCCO[C@H]1O[C@@H](C(=O)[O-])[C@H](O)[C@@H](O)[C@@H]1O,ZINC15 : ZINC000309233936,consensus,0.2391304347826087,zinc15
[H][C@@]1(O)O[C@@]([H])(C(O)=O)[C@@]([H])(O)[C@]([H])(O)[C@@]1([H])OS(O)(=O)=O,COJBCAMFZDFGFK-VCSGLWQLSA-N,CO[C@@H]1OC[C@@H](O)[C@@H](O)[C@@H]1OS(C)(=O)=O,ZINC15 : ZINC000004994956,consensus,0.2391304347826087,zinc15
[H][C@@]1(O)O[C@@]([H])(C(O)=O)[C@@]([H])(O)[C@]([H])(O)[C@@]1([H])OS(O)(=O)=O,COJBCAMFZDFGFK-VCSGLWQLSA-N,CO[C@H]1OC[C@@H](O)[C@@H](O)[C@H]1OS(C)(=O)=O,ZINC15 : ZINC000004994952,consensus,0.2391304347826087,zinc15
[H][C@@]1(O)O[C@@]([H])(C(O)=O)[C@@]([H])(O)[C@]([H])(O)[C@@]1([H])OS(O)(=O)=O,COJBCAMFZDFGFK-VCSGLWQLSA-N,CO[C@@H]1OC[C@@H](O)[C@@H](O)[C@H]1OS(C)(=O)=O,ZINC15 : ZINC000004994954,consensus,0.2391304347826087,zinc15
[H][C@@]1(O)O[C@@]([H])(C(O)=O)[C@@]([H])(O)[C@]([H])(O)[C@@]1([H])OS(O)(=O)=O,COJBCAMFZDFGFK-VCSGLWQLSA-N,CC(=O)N[C@H]1[C@H](O)O[C@H](COS(=O)(=O)[O-])[C@H](O)[C@@H]1O,ZINC15 : ZINC000004096360,consensus,0.23529411764705882,zinc15
[H][C@@]1(O)O[C@@]([H])(C(O)=O)[C@@]([H])(O)[C@]([H])(O)[C@@]1([H])OS(O)(=O)=O,COJBCAMFZDFGFK-VCSGLWQLSA-N,CC(=O)N[C@H]1[C@H](O)O[C@H](COS(=O)(=O)[O-])[C@@H](O)[C@@H]1O,ZINC15 : ZINC000004096329,consensus,0.23529411764705882,zinc15
[H][C@@]1(O)O[C@@]([H])(C(O)=O)[C@@]([H])(O)[C@]([H])(O)[C@@]1([H])OS(O)(=O)=O,COJBCAMFZDFGFK-VCSGLWQLSA-N,O=C(/C=C/c1ccccc1)N[C@H]1[C@H](O)O[C@H](COS(=O)(=O)[O-])[C@@H](O)[C@@H]1O,ZINC15 : ZINC001142872381,consensus,0.22950819672131148,zinc15
[H][C@@]1(O)O[C@@]([H])(C(O)=O)[C@@]([H])(O)[C@]([H])(O)[C@@]1([H])OS(O)(=O)=O,COJBCAMFZDFGFK-VCSGLWQLSA-N,CO[C@H]1O[C@H](CO)[C@H](OC(C)=O)[C@@H](O)[C@H]1O,ZINC15 : ZINC000004721258,consensus,0.22916666666666666,zinc15
[H][C@@]1(O)O[C@@]([H])(C(O)=O)[C@@]([H])(O)[C@]([H])(O)[C@@]1([H])OS(O)(=O)=O,COJBCAMFZDFGFK-VCSGLWQLSA-N,CO[C@H]1O[C@@H](CO)[C@H](OC(C)=O)[C@@H](O)[C@H]1O,ZINC15 : ZINC000004721256,consensus,0.22916666666666666,zinc15
[H][C@@]1(O)O[C@@]([H])(C(O)=O)[C@@]([H])(O)[C@]([H])(O)[C@@]1([H])OS(O)(=O)=O,COJBCAMFZDFGFK-VCSGLWQLSA-N,CO[C@H]1O[C@H](CO)[C@@H](OC(C)=O)[C@@H](O)[C@H]1O,ZINC15 : ZINC000004721257,consensus,0.22916666666666666,zinc15
[H][C@@]1(O)O[C@@]([H])(C(O)=O)[C@@]([H])(O)[C@]([H])(O)[C@@]1([H])OS(O)(=O)=O,COJBCAMFZDFGFK-VCSGLWQLSA-N,O=C([O-])[C@@H]1O[C@H](O)[C@@H](O)[C@H]1O,ZINC15 : 257357887,morgan,0.34285714285714286,zinc15
[H][C@@]1(O)O[C@@]([H])(C(O)=O)[C@@]([H])(O)[C@]([H])(O)[C@@]1([H])OS(O)(=O)=O,COJBCAMFZDFGFK-VCSGLWQLSA-N,O=C([O-])[C@@H]1O[C@H](O)[C@@H](O)[C@@H]1O,ZINC15 : 14584282,morgan,0.34285714285714286,zinc15
[H][C@@]1(O)O[C@@]([H])(C(O)=O)[C@@]([H])(O)[C@]([H])(O)[C@@]1([H])OS(O)(=O)=O,COJBCAMFZDFGFK-VCSGLWQLSA-N,O=C([O-])[C@@H]1O[C@H](O)[C@H](O)[C@@H]1O,ZINC15 : 257357888,morgan,0.34285714285714286,zinc15
[H][C@@]1(O)O[C@@]([H])(C(O)=O)[C@@]([H])(O)[C@]([H])(O)[C@@]1([H])OS(O)(=O)=O,COJBCAMFZDFGFK-VCSGLWQLSA-N,O=C([O-])[C@@H]1O[C@H](O)[C@H](O)[C@H]1O,ZINC15 : 104372385,morgan,0.34285714285714286,zinc15
[H][C@@]1(O)O[C@@]([H])(C(O)=O)[C@@]([H])(O)[C@]([H])(O)[C@@]1([H])OS(O)(=O)=O,COJBCAMFZDFGFK-VCSGLWQLSA-N,COC(=O)[C@H]1O[C@H](O)[C@H](O)[C@@H](O)[C@H]1O,ZINC15 : ZINC000004336492,morgan,0.34210526315789475,zinc15
[H][C@@]1(O)O[C@@]([H])(C(O)=O)[C@@]([H])(O)[C@]([H])(O)[C@@]1([H])OS(O)(=O)=O,COJBCAMFZDFGFK-VCSGLWQLSA-N,COC(=O)[C@H]1O[C@@H](O)[C@H](O)[C@@H](O)[C@H]1O,ZINC15 : ZINC000004336491,morgan,0.34210526315789475,zinc15
[H][C@@]1(O)O[C@@]([H])(C(O)=O)[C@@]([H])(O)[C@]([H])(O)[C@@]1([H])OS(O)(=O)=O,COJBCAMFZDFGFK-VCSGLWQLSA-N,O=C([O-])[C@H]1O[C@@H](O)[C@@H](O)[C@H](O)[C@@H]1O,ZINC15 : 12359999,morgan,0.3333333333333333,zinc15
[H][C@@]1(O)O[C@@]([H])(C(O)=O)[C@@]([H])(O)[C@]([H])(O)[C@@]1([H])OS(O)(=O)=O,COJBCAMFZDFGFK-VCSGLWQLSA-N,O=C([O-])[C@@H]1O[C@H](O)[C@H](O)[C@@H](O)[C@@H]1O,ZINC15 : 3869800,morgan,0.3333333333333333,zinc15
[H][C@@]1(O)O[C@@]([H])(C(O)=O)[C@@]([H])(O)[C@]([H])(O)[C@@]1([H])OS(O)(=O)=O,COJBCAMFZDFGFK-VCSGLWQLSA-N,O=C([O-])[C@@H]1O[C@@H](O)[C@@H](O)[C@@H](O)[C@H]1O,ZINC15 : 71755582,morgan,0.3333333333333333,zinc15
[H][C@@]1(O)O[C@@]([H])(C(O)=O)[C@@]([H])(O)[C@]([H])(O)[C@@]1([H])OS(O)(=O)=O,COJBCAMFZDFGFK-VCSGLWQLSA-N,O=C([O-])[C@H]1O[C@H](O)[C@H](O)[C@@H](O)[C@@H]1O,ZINC15 : 4213449,morgan,0.3333333333333333,zinc15
[H][C@@]1(O)O[C@@]([H])(C(O)=O)[C@@]([H])(O)[C@]([H])(O)[C@@]1([H])OS(O)(=O)=O,COJBCAMFZDFGFK-VCSGLWQLSA-N,O=C([O-])[C@@H]1O[C@@H](O)[C@H](O)[C@@H](O)[C@@H]1O,ZINC15 : 4097162,morgan,0.3333333333333333,zinc15
[H][C@@]1(O)O[C@@]([H])(C(O)=O)[C@@]([H])(O)[C@]([H])(O)[C@@]1([H])OS(O)(=O)=O,COJBCAMFZDFGFK-VCSGLWQLSA-N,O=C([O-])[C@H]1O[C@@H](O)[C@H](O)[C@@H](O)[C@@H]1O,ZINC15 : 4097543,morgan,0.3333333333333333,zinc15
[H][C@@]1(O)O[C@@]([H])(C(O)=O)[C@@]([H])(O)[C@]([H])(O)[C@@]1([H])OS(O)(=O)=O,COJBCAMFZDFGFK-VCSGLWQLSA-N,O=C([O-])[C@@H]1O[C@H](O)[C@H](O)[C@H](O)[C@@H]1O,ZINC15 : 3869799,morgan,0.3333333333333333,zinc15
[H][C@@]1(O)O[C@@]([H])(C(O)=O)[C@@]([H])(O)[C@]([H])(O)[C@@]1([H])OS(O)(=O)=O,COJBCAMFZDFGFK-VCSGLWQLSA-N,O=C([O-])[C@@H]1O[C@@H](O)[C@@H](O)[C@H](O)[C@@H]1O,ZINC15 : 12359997,morgan,0.3333333333333333,zinc15
[H][C@@]1(O)O[C@@]([H])(C(O)=O)[C@@]([H])(O)[C@]([H])(O)[C@@]1([H])OS(O)(=O)=O,COJBCAMFZDFGFK-VCSGLWQLSA-N,O=C([O-])[C@H]1O[C@@H](O)[C@H](O)[C@H](O)[C@@H]1O,ZINC15 : 2539632,morgan,0.3333333333333333,zinc15
[H][C@@]1(O)O[C@@]([H])(C(O)=O)[C@@]([H])(O)[C@]([H])(O)[C@@]1([H])OS(O)(=O)=O,COJBCAMFZDFGFK-VCSGLWQLSA-N,O=C([O-])[C@@H]1O[C@H](O)[C@@H](O)[C@@H](O)[C@H]1O,ZINC15 : 71755583,morgan,0.3333333333333333,zinc15
[H][C@@]1(O)O[C@@]([H])(C(O)=O)[C@@]([H])(O)[C@]([H])(O)[C@@]1([H])OS(O)(=O)=O,COJBCAMFZDFGFK-VCSGLWQLSA-N,O=C([O-])[C@@H]1O[C@H](O)[C@H](O)[C@H](O)[C@H]1O,ZINC15 : 901236,morgan,0.3333333333333333,zinc15
[H][C@@]1(O)O[C@@]([H])(C(O)=O)[C@@]([H])(O)[C@]([H])(O)[C@@]1([H])OS(O)(=O)=O,COJBCAMFZDFGFK-VCSGLWQLSA-N,O=C([O-])[C@@H]1O[C@@H](O)[C@H](O)[C@H](O)[C@@H]1O,ZINC15 : 12359998,morgan,0.3333333333333333,zinc15
[H][C@@]1(O)O[C@@]([H])(C(O)=O)[C@@]([H])(O)[C@]([H])(O)[C@@]1([H])OS(O)(=O)=O,COJBCAMFZDFGFK-VCSGLWQLSA-N,O=C([O-])[C@@H]1O[C@@H](O)[C@@H](O)[C@H](O)[C@H]1O,ZINC15 : 71755581,morgan,0.3333333333333333,zinc15
[H][C@@]1(O)O[C@@]([H])(C(O)=O)[C@@]([H])(O)[C@]([H])(O)[C@@]1([H])OS(O)(=O)=O,COJBCAMFZDFGFK-VCSGLWQLSA-N,O=C([O-])[C@@H]1O[C@H](O)[C@@H](O)[C@@H](O)[C@@H]1O,ZINC15 : 4097165,morgan,0.3333333333333333,zinc15
[H][C@@]1(O)O[C@@]([H])(C(O)=O)[C@@]([H])(O)[C@]([H])(O)[C@@]1([H])OS(O)(=O)=O,COJBCAMFZDFGFK-VCSGLWQLSA-N,O=C([O-])[C@H]1O[C@H](O)[C@H](O)[C@@H](O)[C@H]1O,ZINC15 : 4228259,morgan,0.3333333333333333,zinc15
[H][C@@]1(O)O[C@@]([H])(C(O)=O)[C@@]([H])(O)[C@]([H])(O)[C@@]1([H])OS(O)(=O)=O,COJBCAMFZDFGFK-VCSGLWQLSA-N,O=C([O-])[C@@H]1O[C@H](O)[C@H](O)[C@@H](O)[C@H]1O,ZINC15 : 3869801,morgan,0.3333333333333333,zinc15
[H][C@@]1(O)O[C@@]([H])(C(O)=O)[C@@]([H])(O)[C@]([H])(O)[C@@]1([H])OS(O)(=O)=O,COJBCAMFZDFGFK-VCSGLWQLSA-N,O=C([O-])[C@@H]1O[C@H](O)[C@@H](O)[C@H](O)[C@H]1O,ZINC15 : 53683417,morgan,0.3333333333333333,zinc15
[H][C@@]1(O)O[C@@]([H])(C(O)=O)[C@@]([H])(O)[C@]([H])(O)[C@@]1([H])OS(O)(=O)=O,COJBCAMFZDFGFK-VCSGLWQLSA-N,O=C([O-])[C@H]1O[C@@H](O)[C@@H](O)[C@@H](O)[C@@H]1O,ZINC15 : 4095780,morgan,0.3333333333333333,zinc15
[H][C@@]1(O)O[C@@]([H])(C(O)=O)[C@@]([H])(O)[C@]([H])(O)[C@@]1([H])OS(O)(=O)=O,COJBCAMFZDFGFK-VCSGLWQLSA-N,O=C([O-])[C@H]1O[C@@H](O)[C@H](O)[C@@H](O)[C@H]1O,ZINC15 : 4097542,morgan,0.3333333333333333,zinc15
[H][C@@]1(O)O[C@@]([H])(C(O)=O)[C@@]([H])(O)[C@]([H])(O)[C@@]1([H])OS(O)(=O)=O,COJBCAMFZDFGFK-VCSGLWQLSA-N,O=C([O-])[C@@H]1O[C@@H](O)[C@@H](O)[C@@H](O)[C@@H]1O,ZINC15 : 4097166,morgan,0.3333333333333333,zinc15
[H][C@@]1(O)O[C@@]([H])(C(O)=O)[C@@]([H])(O)[C@]([H])(O)[C@@]1([H])OS(O)(=O)=O,COJBCAMFZDFGFK-VCSGLWQLSA-N,CS(=O)(=O)O[C@@H]1[C@@H](OS(C)(=O)=O)[C@H](O)[C@H](O)[C@H](OS(C)(=O)=O)[C@@H]1OS(C)(=O)=O,ZINC15 : ZINC000104054237,morgan,0.3142857142857143,zinc15
[H][C@@]1(O)O[C@@]([H])(C(O)=O)[C@@]([H])(O)[C@]([H])(O)[C@@]1([H])OS(O)(=O)=O,COJBCAMFZDFGFK-VCSGLWQLSA-N,CS(=O)(=O)O[C@H]1[C@@H](OS(C)(=O)=O)[C@@H](OS(C)(=O)=O)[C@@H](OS(C)(=O)=O)[C@@H](O)[C@@H]1O,ZINC15 : ZINC000104054242,morgan,0.3142857142857143,zinc15
[H][C@@]1(O)O[C@@]([H])(C(O)=O)[C@@]([H])(O)[C@]([H])(O)[C@@]1([H])OS(O)(=O)=O,COJBCAMFZDFGFK-VCSGLWQLSA-N,CS(=O)(=O)O[C@@H]1[C@@H](OS(C)(=O)=O)[C@@H](O)[C@H](O)[C@H](OS(C)(=O)=O)[C@@H]1OS(C)(=O)=O,ZINC15 : ZINC000104054248,morgan,0.3142857142857143,zinc15
[H][C@@]1(O)O[C@@]([H])(C(O)=O)[C@@]([H])(O)[C@]([H])(O)[C@@]1([H])OS(O)(=O)=O,COJBCAMFZDFGFK-VCSGLWQLSA-N,CS(=O)(=O)O[C@@H]1[C@H](O)[C@H](O)[C@H](OS(C)(=O)=O)[C@H](OS(C)(=O)=O)[C@@H]1OS(C)(=O)=O,ZINC15 : ZINC000104054231,morgan,0.3142857142857143,zinc15
[H][C@@]1(O)O[C@@]([H])(C(O)=O)[C@@]([H])(O)[C@]([H])(O)[C@@]1([H])OS(O)(=O)=O,COJBCAMFZDFGFK-VCSGLWQLSA-N,CC(=O)N[C@H]1[C@H](O)O[C@H](OS(=O)(=O)[O-])[C@H](O)[C@@H]1O[C@@H]1O[C@H](C(=O)[O-])[C@@H](O)[C@H](O)[C@H]1O,ZINC15 : ZINC000012494114,morgan,0.2857142857142857,zinc15
[H][C@@]1(O)O[C@@]([H])(C(O)=O)[C@@]([H])(O)[C@]([H])(O)[C@@]1([H])OS(O)(=O)=O,COJBCAMFZDFGFK-VCSGLWQLSA-N,O=C([C@H]1O[C@@H](O)[C@H](O)[C@@H](O)[C@H]1O)N1C[C@H]2C[C@@H](C1)N2S(=O)(=O)C1CC1,ZINC15 : ZINC001280245639,morgan,0.27450980392156865,zinc15
[H][C@@]1(O)O[C@@]([H])(C(O)=O)[C@@]([H])(O)[C@]([H])(O)[C@@]1([H])OS(O)(=O)=O,COJBCAMFZDFGFK-VCSGLWQLSA-N,O=C([C@H]1O[C@H](O)[C@H](O)[C@@H](O)[C@H]1O)N1C[C@H]2C[C@@H](C1)N2S(=O)(=O)C1CC1,ZINC15 : ZINC001280245636,morgan,0.27450980392156865,zinc15
[H][C@@]1(O)O[C@@]([H])(C(O)=O)[C@@]([H])(O)[C@]([H])(O)[C@@]1([H])OS(O)(=O)=O,COJBCAMFZDFGFK-VCSGLWQLSA-N,O=C([C@H]1O[C@@H](O)[C@H](O)[C@@H](O)[C@H]1O)N1CC2(C1)CN(S(=O)(=O)C1CC1)C2,ZINC15 : ZINC001280245332,morgan,0.27450980392156865,zinc15
[H][C@@]1(O)O[C@@]([H])(C(O)=O)[C@@]([H])(O)[C@]([H])(O)[C@@]1([H])OS(O)(=O)=O,COJBCAMFZDFGFK-VCSGLWQLSA-N,O=C([C@H]1O[C@H](O)[C@H](O)[C@@H](O)[C@H]1O)N1CC2(C1)CN(S(=O)(=O)C1CC1)C2,ZINC15 : ZINC001280245333,morgan,0.27450980392156865,zinc15
[H][C@@]1(O)O[C@@]([H])(C(O)=O)[C@@]([H])(O)[C@]([H])(O)[C@@]1([H])OS(O)(=O)=O,COJBCAMFZDFGFK-VCSGLWQLSA-N,O=C([C@H]1O[C@H](O)[C@H](O)[C@@H](O)[C@H]1O)N1CCC12CN(S(=O)(=O)C1CC1)C2,ZINC15 : ZINC001280245574,morgan,0.25925925925925924,zinc15
[H][C@@]1(O)O[C@@]([H])(C(O)=O)[C@@]([H])(O)[C@]([H])(O)[C@@]1([H])OS(O)(=O)=O,COJBCAMFZDFGFK-VCSGLWQLSA-N,O=C([C@H]1O[C@@H](O)[C@H](O)[C@@H](O)[C@H]1O)N1CCC12CN(S(=O)(=O)C1CC1)C2,ZINC15 : ZINC001280245572,morgan,0.25925925925925924,zinc15
[H][C@@]1(O)O[C@@]([H])(C(O)=O)[C@@]([H])(O)[C@]([H])(O)[C@@]1([H])OS(O)(=O)=O,COJBCAMFZDFGFK-VCSGLWQLSA-N,O=C([C@H]1O[C@H](O)[C@H](O)[C@@H](O)[C@H]1O)N1C[C@H]2C[C@@H](C1)N(S(=O)(=O)C1CC1)C2,ZINC15 : ZINC001280245808,morgan,0.2545454545454545,zinc15
[H][C@@]1(O)O[C@@]([H])(C(O)=O)[C@@]([H])(O)[C@]([H])(O)[C@@]1([H])OS(O)(=O)=O,COJBCAMFZDFGFK-VCSGLWQLSA-N,O=C([C@H]1O[C@@H](O)[C@H](O)[C@@H](O)[C@H]1O)N1C[C@H]2C[C@@H](C1)N(S(=O)(=O)C1CC1)C2,ZINC15 : ZINC001280245807,morgan,0.2545454545454545,zinc15
[H][C@@]1(O)O[C@@]([H])(C(O)=O)[C@@]([H])(O)[C@]([H])(O)[C@@]1([H])OS(O)(=O)=O,COJBCAMFZDFGFK-VCSGLWQLSA-N,O=C([C@H]1O[C@H](O)[C@H](O)[C@@H](O)[C@H]1O)N1CCC12CN(S(=O)(=O)C1CCC1)C2,ZINC15 : ZINC001279760127,morgan,0.25,zinc15
[H][C@@]1(O)O[C@@]([H])(C(O)=O)[C@@]([H])(O)[C@]([H])(O)[C@@]1([H])OS(O)(=O)=O,COJBCAMFZDFGFK-VCSGLWQLSA-N,O=C([C@H]1O[C@@H](O)[C@H](O)[C@@H](O)[C@H]1O)N1CCC12CN(S(=O)(=O)C1CCC1)C2,ZINC15 : ZINC001279760128,morgan,0.25,zinc15
[H][C@@]1(O)O[C@@]([H])(C(O)=O)[C@@]([H])(O)[C@]([H])(O)[C@@]1([H])OS(O)(=O)=O,COJBCAMFZDFGFK-VCSGLWQLSA-N,Cc1ccc(S(=O)(=O)O[C@@H]2[C@H]3CO[C@H](O3)[C@H](O)[C@H]2O)cc1,ZINC15 : ZINC000038599720,morgan,0.24528301886792453,zinc15
[H][C@@]1(O)O[C@@]([H])(C(O)=O)[C@@]([H])(O)[C@]([H])(O)[C@@]1([H])OS(O)(=O)=O,COJBCAMFZDFGFK-VCSGLWQLSA-N,Cc1ccc(S(=O)(=O)O[C@H]2[C@@H]3OC[C@@H](O3)[C@@H](O)[C@@H]2O)cc1,ZINC15 : ZINC000039004863,morgan,0.24528301886792453,zinc15
[H][C@@]1(O)O[C@@]([H])(C(O)=O)[C@@]([H])(O)[C@]([H])(O)[C@@]1([H])OS(O)(=O)=O,COJBCAMFZDFGFK-VCSGLWQLSA-N,O=C([O-])[C@H]1O[C@H](OP(=O)([O-])[O-])[C@H](O)[C@@H](O)[C@H]1O,ZINC15 : ZINC000004096292,morgan,0.24444444444444444,zinc15
[H][C@@]1(O)O[C@@]([H])(C(O)=O)[C@@]([H])(O)[C@]([H])(O)[C@@]1([H])OS(O)(=O)=O,COJBCAMFZDFGFK-VCSGLWQLSA-N,O=C([O-])[C@H]1O[C@H](OP(=O)([O-])[O-])[C@H](O)[C@@H](O)[C@@H]1O,ZINC15 : ZINC000004095578,morgan,0.24444444444444444,zinc15
[H][C@@]1(O)O[C@@]([H])(C(O)=O)[C@@]([H])(O)[C@]([H])(O)[C@@]1([H])OS(O)(=O)=O,COJBCAMFZDFGFK-VCSGLWQLSA-N,Cc1ccc(S(=O)(=O)O[C@H]2[C@@H]3OC[C@@H](O3)[C@@H](OS(=O)(=O)c3ccc(C)cc3)[C@@H]2O)cc1,ZINC15 : ZINC000072399372,morgan,0.2222222222222222,zinc15
[H][C@@]1(O)O[C@@]([H])(C(O)=O)[C@@]([H])(O)[C@]([H])(O)[C@@]1([H])OS(O)(=O)=O,COJBCAMFZDFGFK-VCSGLWQLSA-N,CCOC(=O)N[C@H]1O[C@@H](C(N)=O)[C@@H](O)[C@@H](O)[C@@H]1O,ZINC15 : ZINC000004916725,morgan,0.22,zinc15
[H][C@@]1(O)O[C@@]([H])(C(O)=O)[C@@]([H])(O)[C@]([H])(O)[C@@]1([H])OS(O)(=O)=O,COJBCAMFZDFGFK-VCSGLWQLSA-N,CCOC(=O)N[C@@H]1O[C@@H](C(N)=O)[C@@H](O)[C@@H](O)[C@@H]1O,ZINC15 : ZINC000004916728,morgan,0.22,zinc15
[H][C@@]1(O)O[C@@]([H])(C(O)=O)[C@@]([H])(O)[C@]([H])(O)[C@@]1([H])OS(O)(=O)=O,COJBCAMFZDFGFK-VCSGLWQLSA-N,CCOC(=O)N[C@H]1O[C@@H](C(N)=O)[C@@H](O)[C@@H](O)[C@H]1O,ZINC15 : ZINC000004916718,morgan,0.22,zinc15
[H][C@@]1(O)O[C@@]([H])(C(O)=O)[C@@]([H])(O)[C@]([H])(O)[C@@]1([H])OS(O)(=O)=O,COJBCAMFZDFGFK-VCSGLWQLSA-N,CCOC(=O)N[C@@H]1O[C@@H](C(N)=O)[C@@H](O)[C@@H](O)[C@H]1O,ZINC15 : ZINC000004916723,morgan,0.22,zinc15
[H][C@@]1(O)O[C@@]([H])(C(O)=O)[C@@]([H])(O)[C@]([H])(O)[C@@]1([H])OS(O)(=O)=O,COJBCAMFZDFGFK-VCSGLWQLSA-N,O=S(=O)([O-])OC1C(OS(=O)(=O)[O-])C(OS(=O)(=O)[O-])C(OS(=O)(=O)[O-])C(OS(=O)(=O)[O-])C1OS(=O)(=O)[O-],ZINC15 : ZINC000169730912,morgan,0.21212121212121213,zinc15
[H][C@@]1(O)O[C@@]([H])(C(O)=O)[C@@]([H])(O)[C@]([H])(O)[C@@]1([H])OS(O)(=O)=O,COJBCAMFZDFGFK-VCSGLWQLSA-N,O=P([O-])([O-])O[C@H]1[C@@H](OP(=O)([O-])[O-])[C@@H](OP(=O)([O-])[O-])[C@H](OP(=O)([O-])[O-])[C@@H](O)[C@@H]1O,ZINC15 : ZINC000013508060,morgan,0.21052631578947367,zinc15
[H][C@@]1(O)O[C@@]([H])(C(O)=O)[C@@]([H])(O)[C@]([H])(O)[C@@]1([H])OS(O)(=O)=O,COJBCAMFZDFGFK-VCSGLWQLSA-N,O=P([O-])([O-])O[C@@H]1[C@@H](OP(=O)([O-])[O-])[C@H](O)[C@@H](O)[C@H](OP(=O)([O-])[O-])[C@@H]1OP(=O)([O-])[O-],ZINC15 : ZINC000013863901,morgan,0.21052631578947367,zinc15
[H][C@@]1(O)O[C@@]([H])(C(O)=O)[C@@]([H])(O)[C@]([H])(O)[C@@]1([H])OS(O)(=O)=O,COJBCAMFZDFGFK-VCSGLWQLSA-N,O=P([O-])([O-])O[C@@H]1[C@H](OP(=O)([O-])[O-])[C@@H](O)[C@H](O)[C@H](OP(=O)([O-])[O-])[C@H]1OP(=O)([O-])[O-],ZINC15 : ZINC000026816510,morgan,0.21052631578947367,zinc15
[H][C@@]1(O)O[C@@]([H])(C(O)=O)[C@@]([H])(O)[C@]([H])(O)[C@@]1([H])OS(O)(=O)=O,COJBCAMFZDFGFK-VCSGLWQLSA-N,O=P([O-])([O-])O[C@@H]1[C@H](O)[C@@H](O)[C@H](OP(=O)([O-])[O-])[C@@H](OP(=O)([O-])[O-])[C@@H]1OP(=O)([O-])[O-],ZINC15 : ZINC000034212508,morgan,0.21052631578947367,zinc15
[H][C@@]1(O)O[C@@]([H])(C(O)=O)[C@@]([H])(O)[C@]([H])(O)[C@@]1([H])OS(O)(=O)=O,COJBCAMFZDFGFK-VCSGLWQLSA-N,O=P([O-])([O-])O[C@@H]1[C@@H](O)[C@H](O)[C@H](OP(=O)([O-])[O-])[C@H](OP(=O)([O-])[O-])[C@H]1OP(=O)([O-])[O-],ZINC15 : ZINC000025757751,morgan,0.21052631578947367,zinc15
[H][C@@]1(O)O[C@@]([H])(C(O)=O)[C@@]([H])(O)[C@]([H])(O)[C@@]1([H])OS(O)(=O)=O,COJBCAMFZDFGFK-VCSGLWQLSA-N,O=P([O-])([O-])O[C@@H]1[C@H](O)[C@H](O)[C@@H](OP(=O)([O-])[O-])[C@H](OP(=O)([O-])[O-])[C@H]1OP(=O)([O-])[O-],ZINC15 : ZINC000004099162,morgan,0.21052631578947367,zinc15
[H][C@@]1(O)O[C@@]([H])(C(O)=O)[C@@]([H])(O)[C@]([H])(O)[C@@]1([H])OS(O)(=O)=O,COJBCAMFZDFGFK-VCSGLWQLSA-N,O=P([O-])([O-])O[C@H]1[C@H](OP(=O)([O-])[O-])[C@@H](OP(=O)([O-])[O-])[C@@H](O)[C@@H](O)[C@@H]1OP(=O)([O-])[O-],ZINC15 : ZINC000004096446,morgan,0.21052631578947367,zinc15
[H][C@@]1(O)O[C@@]([H])(C(O)=O)[C@@]([H])(O)[C@]([H])(O)[C@@]1([H])OS(O)(=O)=O,COJBCAMFZDFGFK-VCSGLWQLSA-N,O=P([O-])([O-])O[C@H]1[C@H](OP(=O)([O-])[O-])[C@H](OP(=O)([O-])[O-])[C@@H](O)[C@H](O)[C@H]1OP(=O)([O-])[O-],ZINC15 : ZINC000026816500,morgan,0.21052631578947367,zinc15
[H][C@@]1(O)O[C@@]([H])(C(O)=O)[C@@]([H])(O)[C@]([H])(O)[C@@]1([H])OS(O)(=O)=O,COJBCAMFZDFGFK-VCSGLWQLSA-N,O=P([O-])([O-])O[C@H]1[C@@H](OP(=O)([O-])[O-])[C@@H](OP(=O)([O-])[O-])[C@@H](OP(=O)([O-])[O-])[C@@H](O)[C@@H]1O,ZINC15 : ZINC000035155746,morgan,0.21052631578947367,zinc15
[H][C@@]1(O)O[C@@]([H])(C(O)=O)[C@@]([H])(O)[C@]([H])(O)[C@@]1([H])OS(O)(=O)=O,COJBCAMFZDFGFK-VCSGLWQLSA-N,Cc1ccc(S(=O)(=O)O[C@@H]2[C@@H](OC(=O)c3ccccc3)OC[C@@H](O)[C@@H]2O)cc1,ZINC15 : ZINC000004887317,morgan,0.20967741935483872,zinc15
[H][C@@]1(O)O[C@@]([H])(C(O)=O)[C@@]([H])(O)[C@]([H])(O)[C@@]1([H])OS(O)(=O)=O,COJBCAMFZDFGFK-VCSGLWQLSA-N,Cc1ccc(S(=O)(=O)O[C@H]2[C@@H](OC(=O)c3ccccc3)OC[C@@H](O)[C@@H]2O)cc1,ZINC15 : ZINC000004887315,morgan,0.20967741935483872,zinc15
[H][C@@]1(O)O[C@@]([H])(C(O)=O)[C@@]([H])(O)[C@]([H])(O)[C@@]1([H])OS(O)(=O)=O,COJBCAMFZDFGFK-VCSGLWQLSA-N,CO[C@@H]1O[C@H](COS(=O)(=O)[O-])[C@@H](O[C@H]2O[C@@H](C(=O)[O-])[C@H](OC)[C@@H](O)[C@@H]2OS(=O)(=O)[O-])[C@H](O)[C@@H]1NS(=O)(=O)[O-],ZINC15 : ZINC001534221874,morgan,0.208955223880597,zinc15
[H][C@@]1(O)O[C@@]([H])(C(O)=O)[C@@]([H])(O)[C@]([H])(O)[C@@]1([H])OS(O)(=O)=O,COJBCAMFZDFGFK-VCSGLWQLSA-N,CO[C@@H]1O[C@H](COS(=O)(=O)[O-])[C@@H](O[C@H]2O[C@@H](C(=O)[O-])[C@H](OC)[C@@H](O)[C@@H]2OS(=O)(=O)[O-])[C@H](O)[C@H]1NS(=O)(=O)[O-],ZINC15 : ZINC001534221880,morgan,0.208955223880597,zinc15
[H][C@@]1(O)O[C@@]([H])(C(O)=O)[C@@]([H])(O)[C@]([H])(O)[C@@]1([H])OS(O)(=O)=O,COJBCAMFZDFGFK-VCSGLWQLSA-N,O=P([O-])([O-])O[C@@H]1[C@H](O)[C@H](O)[C@H](OP(=O)([O-])[O-])[C@H](OP(=O)([O-])[O-])[C@H]1O,ZINC15 : ZINC000027645762,morgan,0.20512820512820512,zinc15
[H][C@@]1(O)O[C@@]([H])(C(O)=O)[C@@]([H])(O)[C@]([H])(O)[C@@]1([H])OS(O)(=O)=O,COJBCAMFZDFGFK-VCSGLWQLSA-N,O=P([O-])([O-])O[C@@H]1[C@H](O)[C@@H](O)[C@H](O)[C@@H](OP(=O)([O-])[O-])[C@@H]1O,ZINC15 : ZINC000100079962,morgan,0.20512820512820512,zinc15
[H][C@@]1(O)O[C@@]([H])(C(O)=O)[C@@]([H])(O)[C@]([H])(O)[C@@]1([H])OS(O)(=O)=O,COJBCAMFZDFGFK-VCSGLWQLSA-N,O=P([O-])([O-])O[C@@H]1[C@H](O)[C@@H](O)[C@H](OP(=O)([O-])[O-])[C@@H](OP(=O)([O-])[O-])[C@@H]1O,ZINC15 : ZINC000027645862,morgan,0.20512820512820512,zinc15
[H][C@@]1(O)O[C@@]([H])(C(O)=O)[C@@]([H])(O)[C@]([H])(O)[C@@]1([H])OS(O)(=O)=O,COJBCAMFZDFGFK-VCSGLWQLSA-N,O=P([O-])([O-])O[C@@H]1[C@@H](O)[C@H](O)[C@@H](OP(=O)([O-])[O-])[C@@H](OP(=O)([O-])[O-])[C@H]1O,ZINC15 : ZINC000012503566,morgan,0.20512820512820512,zinc15
[H][C@@]1(O)O[C@@]([H])(C(O)=O)[C@@]([H])(O)[C@]([H])(O)[C@@]1([H])OS(O)(=O)=O,COJBCAMFZDFGFK-VCSGLWQLSA-N,O=P([O-])([O-])O[C@@H]1[C@@H](O)[C@H](O)[C@@H](O)[C@H](OP(=O)([O-])[O-])[C@@H]1O,ZINC15 : ZINC000100016181,morgan,0.20512820512820512,zinc15
[H][C@@]1(O)O[C@@]([H])(C(O)=O)[C@@]([H])(O)[C@]([H])(O)[C@@]1([H])OS(O)(=O)=O,COJBCAMFZDFGFK-VCSGLWQLSA-N,O=P([O-])([O-])O[C@@H]1[C@H](O)[C@H](O)[C@@H](OP(=O)([O-])[O-])[C@@H](OP(=O)([O-])[O-])[C@@H]1O,ZINC15 : ZINC000026750593,morgan,0.20512820512820512,zinc15
[H][C@@]1(O)O[C@@]([H])(C(O)=O)[C@@]([H])(O)[C@]([H])(O)[C@@]1([H])OS(O)(=O)=O,COJBCAMFZDFGFK-VCSGLWQLSA-N,O=P([O-])([O-])O[C@@H]1[C@H](O)[C@H](O)[C@@H](OP(=O)([O-])[O-])[C@@H](OP(=O)([O-])[O-])[C@H]1O,ZINC15 : ZINC000012503564,morgan,0.20512820512820512,zinc15
[H][C@@]1(O)O[C@@]([H])(C(O)=O)[C@@]([H])(O)[C@]([H])(O)[C@@]1([H])OS(O)(=O)=O,COJBCAMFZDFGFK-VCSGLWQLSA-N,O=P([O-])([O-])O[C@@H]1[C@H](O)[C@@H](O)[C@H](O)[C@@H](OP(=O)([O-])[O-])[C@@H]1OP(=O)([O-])[O-],ZINC15 : ZINC000071789368,morgan,0.20512820512820512,zinc15
[H][C@@]1(O)O[C@@]([H])(C(O)=O)[C@@]([H])(O)[C@]([H])(O)[C@@]1([H])OS(O)(=O)=O,COJBCAMFZDFGFK-VCSGLWQLSA-N,O=P([O-])([O-])O[C@@H]1[C@H](O)[C@H](O)[C@@H](O)[C@H](OP(=O)([O-])[O-])[C@H]1O,ZINC15 : ZINC000100016173,morgan,0.20512820512820512,zinc15
[H][C@@]1(O)O[C@@]([H])(C(O)=O)[C@@]([H])(O)[C@]([H])(O)[C@@]1([H])OS(O)(=O)=O,COJBCAMFZDFGFK-VCSGLWQLSA-N,O=P([O-])([O-])O[C@@H]1[C@H](O)[C@@H](O)[C@@H](OP(=O)([O-])[O-])[C@H](OP(=O)([O-])[O-])[C@@H]1O,ZINC15 : ZINC000036351454,morgan,0.20512820512820512,zinc15
[H][C@@]1(O)O[C@@]([H])(C(O)=O)[C@@]([H])(O)[C@]([H])(O)[C@@]1([H])OS(O)(=O)=O,COJBCAMFZDFGFK-VCSGLWQLSA-N,O=P([O-])([O-])O[C@@H]1[C@H](O)[C@H](O)[C@H](OP(=O)([O-])[O-])[C@@H](OP(=O)([O-])[O-])[C@H]1O,ZINC15 : ZINC000027645853,morgan,0.20512820512820512,zinc15
[H][C@@]1(O)O[C@@]([H])(C(O)=O)[C@@]([H])(O)[C@]([H])(O)[C@@]1([H])OS(O)(=O)=O,COJBCAMFZDFGFK-VCSGLWQLSA-N,O=P([O-])([O-])O[C@@H]1[C@H](O)[C@H](O)[C@H](OP(=O)([O-])[O-])[C@@H](OP(=O)([O-])[O-])[C@@H]1O,ZINC15 : ZINC000026750602,morgan,0.20512820512820512,zinc15
[H][C@@]1(O)O[C@@]([H])(C(O)=O)[C@@]([H])(O)[C@]([H])(O)[C@@]1([H])OS(O)(=O)=O,COJBCAMFZDFGFK-VCSGLWQLSA-N,O=P([O-])([O-])O[C@H]1[C@H](O)[C@@H](O)[C@H](OP(=O)([O-])[O-])[C@@H](OP(=O)([O-])[O-])[C@H]1O,ZINC15 : ZINC000004095596,morgan,0.20512820512820512,zinc15
[H][C@@]1(O)O[C@@]([H])(C(O)=O)[C@@]([H])(O)[C@]([H])(O)[C@@]1([H])OS(O)(=O)=O,COJBCAMFZDFGFK-VCSGLWQLSA-N,O=P([O-])([O-])O[C@H]1[C@H](O)[C@@H](O)[C@H](O)[C@H](OP(=O)([O-])[O-])[C@@H]1O,ZINC15 : ZINC000100017679,morgan,0.20512820512820512,zinc15
[H][C@@]1(O)O[C@@]([H])(C(O)=O)[C@@]([H])(O)[C@]([H])(O)[C@@]1([H])OS(O)(=O)=O,COJBCAMFZDFGFK-VCSGLWQLSA-N,O=P([O-])([O-])O[C@@H]1[C@H](O)[C@H](O)[C@@H](OP(=O)([O-])[O-])[C@H](OP(=O)([O-])[O-])[C@H]1O,ZINC15 : ZINC000004095598,morgan,0.20512820512820512,zinc15
[H][C@@]1(O)O[C@@]([H])(C(O)=O)[C@@]([H])(O)[C@]([H])(O)[C@@]1([H])OS(O)(=O)=O,COJBCAMFZDFGFK-VCSGLWQLSA-N,O=P([O-])([O-])O[C@@H]1[C@H](O)[C@H](O)[C@@H](O)[C@H](OP(=O)([O-])[O-])[C@H]1OP(=O)([O-])[O-],ZINC15 : ZINC000071792243,morgan,0.20512820512820512,zinc15
[H][C@@]1(O)O[C@@]([H])(C(O)=O)[C@@]([H])(O)[C@]([H])(O)[C@@]1([H])OS(O)(=O)=O,COJBCAMFZDFGFK-VCSGLWQLSA-N,O=P([O-])([O-])O[C@@H]1[C@H](O)[C@@H](O)[C@H](OP(=O)([O-])[O-])[C@H](OP(=O)([O-])[O-])[C@@H]1O,ZINC15 : ZINC000003869997,morgan,0.20512820512820512,zinc15
[H][C@@]1(O)O[C@@]([H])(C(O)=O)[C@@]([H])(O)[C@]([H])(O)[C@@]1([H])OS(O)(=O)=O,COJBCAMFZDFGFK-VCSGLWQLSA-N,O=C(O)C1CCN(S(=O)(=O)C2COCC2O)CC1,ENAMINE-REAL : PV-006221839068,morgan,0.20408163265306123,enamine-real
[H][C@@]1(O)O[C@@]([H])(C(O)=O)[C@@]([H])(O)[C@]([H])(O)[C@@]1([H])OS(O)(=O)=O,COJBCAMFZDFGFK-VCSGLWQLSA-N,O=C(O)C1CCC(S(=O)(=O)N2C[C@H]3[C@@H]4CC[C@@H](O4)[C@H]3C2)CC1,ENAMINE-REAL : Z2853847034,morgan,0.20408163265306123,enamine-real
[H][C@@]1(O)O[C@@]([H])(C(O)=O)[C@@]([H])(O)[C@]([H])(O)[C@@]1([H])OS(O)(=O)=O,COJBCAMFZDFGFK-VCSGLWQLSA-N,O=C(O)C1CCN(S(=O)(=O)N2C[C@H]3[C@@H]4CC[C@@H](O4)[C@H]3C2)CC1,ENAMINE-REAL : Z3345813078,morgan,0.2,enamine-real
[H][C@@]1(O)O[C@@]([H])(C(O)=O)[C@@]([H])(O)[C@]([H])(O)[C@@]1([H])OS(O)(=O)=O,COJBCAMFZDFGFK-VCSGLWQLSA-N,O=C(O)C1CCN(S(=O)(=O)N2C3CC4CC2CC(C3)O4)CC1,ENAMINE-REAL : Z6003572544,morgan,0.2,enamine-real
[H][C@@]1(O)O[C@@]([H])(C(O)=O)[C@@]([H])(O)[C@]([H])(O)[C@@]1([H])OS(O)(=O)=O,COJBCAMFZDFGFK-VCSGLWQLSA-N,O=C(CCCCOc1ccccc1)N[C@H]1[C@H](O)O[C@H](COS(=O)(=O)[O-])[C@@H](O)[C@@H]1O,ZINC15 : ZINC001184367975,morgan,0.2,zinc15
[H][C@@]1(O)O[C@@]([H])(C(O)=O)[C@@]([H])(O)[C@]([H])(O)[C@@]1([H])OS(O)(=O)=O,COJBCAMFZDFGFK-VCSGLWQLSA-N,O=C(O[C@H]1[C@H](OCc2ccccc2)[C@H](O)[C@H](O)[C@@H](OCc2ccccc2)[C@@H]1OC(=O)c1ccccc1)c1ccccc1,ZINC15 : ZINC000103652137,morgan,0.2,zinc15
[H][C@@]1(O)O[C@@]([H])(C(O)=O)[C@@]([H])(O)[C@]([H])(O)[C@@]1([H])OS(O)(=O)=O,COJBCAMFZDFGFK-VCSGLWQLSA-N,O=C(N[C@@H]1[C@@H](O)[C@H](O)[C@@H](COS(=O)(=O)[O-])O[C@@H]1O)C1CC(Oc2ccccc2)C1,ZINC15 : ZINC001186874756,morgan,0.19696969696969696,zinc15
[H][C@@]1(O)O[C@@]([H])(C(O)=O)[C@@]([H])(O)[C@]([H])(O)[C@@]1([H])OS(O)(=O)=O,COJBCAMFZDFGFK-VCSGLWQLSA-N,O=C(N[C@H]1[C@H](O)O[C@H](COS(=O)(=O)[O-])[C@@H](O)[C@@H]1O)C1CC(Oc2ccccc2)C1,ZINC15 : ZINC001186874759,morgan,0.19696969696969696,zinc15
[H][C@@]1(O)O[C@@]([H])(C(O)=O)[C@@]([H])(O)[C@]([H])(O)[C@@]1([H])OS(O)(=O)=O,COJBCAMFZDFGFK-VCSGLWQLSA-N,O=C(O)C1CCN(S(=O)(=O)N2CCOCC2)CC1,ENAMINE-REAL : Z808174440,morgan,0.1956521739130435,enamine-real
[H][C@@]1(O)O[C@@]([H])(C(O)=O)[C@@]([H])(O)[C@]([H])(O)[C@@]1([H])OS(O)(=O)=O,COJBCAMFZDFGFK-VCSGLWQLSA-N,O=C(O)C1CN(S(=O)(=O)C2CCOCC2)C1,ENAMINE-REAL : Z1738984796,morgan,0.1956521739130435,enamine-real
[H][C@@]1(O)O[C@@]([H])(C(O)=O)[C@@]([H])(O)[C@]([H])(O)[C@@]1([H])OS(O)(=O)=O,COJBCAMFZDFGFK-VCSGLWQLSA-N,O=C(O)C1CCC(S(=O)(=O)N2CCOCC2)CC1,ENAMINE-REAL : Z2787408781,morgan,0.1956521739130435,enamine-real
[H][C@@]1(O)O[C@@]([H])(C(O)=O)[C@@]([H])(O)[C@]([H])(O)[C@@]1([H])OS(O)(=O)=O,COJBCAMFZDFGFK-VCSGLWQLSA-N,O=C(O)C1CN(S(=O)(=O)N2CCOCC2)C1,ENAMINE-REAL : Z1738983307,morgan,0.1956521739130435,enamine-real
[H][C@@]1(O)O[C@@]([H])(C(O)=O)[C@@]([H])(O)[C@]([H])(O)[C@@]1([H])OS(O)(=O)=O,COJBCAMFZDFGFK-VCSGLWQLSA-N,O=C(O)C1CCN(S(=O)(=O)N2CCC(C(=O)O)CC2)CC1,ENAMINE-REAL : Z4883130483,morgan,0.1951219512195122,enamine-real
[H][C@@]1(O)O[C@@]([H])(C(O)=O)[C@@]([H])(O)[C@]([H])(O)[C@@]1([H])OS(O)(=O)=O,COJBCAMFZDFGFK-VCSGLWQLSA-N,O=C(O)C1CCN(S(=O)(=O)C2CCOCC2)CC1,ENAMINE-REAL : Z1738928317,morgan,0.19148936170212766,enamine-real
[H][C@@]1(O)O[C@@]([H])(C(O)=O)[C@@]([H])(O)[C@]([H])(O)[C@@]1([H])OS(O)(=O)=O,COJBCAMFZDFGFK-VCSGLWQLSA-N,O=C1O[C@@H]2[C@@H](O)[C@@H](O)O[C@@H]2[C@@H]1O,ZINC15 : 3861734,morgan,0.19047619047619047,zinc15
[H][C@@]1(O)O[C@@]([H])(C(O)=O)[C@@]([H])(O)[C@]([H])(O)[C@@]1([H])OS(O)(=O)=O,COJBCAMFZDFGFK-VCSGLWQLSA-N,O=C1O[C@H]2[C@@H](O)[C@@H](O)O[C@@H]2[C@@H]1O,ZINC15 : 3872702,morgan,0.19047619047619047,zinc15
[H][C@@]1(O)O[C@@]([H])(C(O)=O)[C@@]([H])(O)[C@]([H])(O)[C@@]1([H])OS(O)(=O)=O,COJBCAMFZDFGFK-VCSGLWQLSA-N,O=C1O[C@@H]2[C@@H](O)[C@@H](O)O[C@@H]2[C@H]1O,ZINC15 : 1621862,morgan,0.19047619047619047,zinc15
[H][C@@]1(O)O[C@@]([H])(C(O)=O)[C@@]([H])(O)[C@]([H])(O)[C@@]1([H])OS(O)(=O)=O,COJBCAMFZDFGFK-VCSGLWQLSA-N,O=C1O[C@@H]2[C@@H](O[C@H](O)[C@@H]2O)[C@@H]1O,ZINC15 : 95698541,morgan,0.19047619047619047,zinc15
[H][C@@]1(O)O[C@@]([H])(C(O)=O)[C@@]([H])(O)[C@]([H])(O)[C@@]1([H])OS(O)(=O)=O,COJBCAMFZDFGFK-VCSGLWQLSA-N,O=C1O[C@H]2[C@H](O[C@@H](O)[C@@H]2O)[C@@H]1O,ZINC15 : 3861735,morgan,0.19047619047619047,zinc15
[H][C@@]1(O)O[C@@]([H])(C(O)=O)[C@@]([H])(O)[C@]([H])(O)[C@@]1([H])OS(O)(=O)=O,COJBCAMFZDFGFK-VCSGLWQLSA-N,C[C@H]1O[C@@H](C)[C@@H](OS(=O)(=O)[O-])[C@@H](O)[C@@H]1O,ZINC15 : ZINC000097974745,espsim_electrostatic,0.3333333333333333,zinc15
[H][C@@]1(O)O[C@@]([H])(C(O)=O)[C@@]([H])(O)[C@]([H])(O)[C@@]1([H])OS(O)(=O)=O,COJBCAMFZDFGFK-VCSGLWQLSA-N,CC(=O)N[C@H]1[C@H](O)O[C@H](OS(=O)(=O)[O-])[C@H](O)[C@@H]1O[C@@H]1O[C@H](C(=O)[O-])[C@@H](O)[C@H](O)[C@H]1O,ZINC15 : ZINC000012494114,espsim_electrostatic,0.2857142857142857,zinc15
[H][C@@]1(O)O[C@@]([H])(C(O)=O)[C@@]([H])(O)[C@]([H])(O)[C@@]1([H])OS(O)(=O)=O,COJBCAMFZDFGFK-VCSGLWQLSA-N,N[C@@H]1[C@@H](OS(=O)(=O)[O-])[C@H](O)[C@@H](CO)O[C@@H]1O,ZINC15 : ZINC000034328190,espsim_electrostatic,0.2826086956521739,zinc15
[H][C@@]1(O)O[C@@]([H])(C(O)=O)[C@@]([H])(O)[C@]([H])(O)[C@@]1([H])OS(O)(=O)=O,COJBCAMFZDFGFK-VCSGLWQLSA-N,O=C([O-])[C@@H]1O[C@H](O[C@@H]2[C@H](COS(=O)(=O)[O-])O[C@H](O)[C@@H](NS(=O)(=O)[O-])[C@@H]2O)[C@@H](OS(=O)(=O)[O-])[C@H](O)[C@H]1O,ZINC15 : ZINC000253532546,espsim_electrostatic,0.2786885245901639,zinc15
[H][C@@]1(O)O[C@@]([H])(C(O)=O)[C@@]([H])(O)[C@]([H])(O)[C@@]1([H])OS(O)(=O)=O,COJBCAMFZDFGFK-VCSGLWQLSA-N,O=C([O-])[C@@H]1O[C@H](O[C@@H]2[C@H](COS(=O)(=O)[O-])O[C@@H](O)[C@@H](NS(=O)(=O)[O-])[C@@H]2O)[C@@H](OS(=O)(=O)[O-])[C@H](O)[C@H]1O,ZINC15 : ZINC000253532549,espsim_electrostatic,0.2786885245901639,zinc15
[H][C@@]1(O)O[C@@]([H])(C(O)=O)[C@@]([H])(O)[C@]([H])(O)[C@@]1([H])OS(O)(=O)=O,COJBCAMFZDFGFK-VCSGLWQLSA-N,O=C([O-])[C@H]1O[C@H](OP(=O)([O-])[O-])[C@H](O)[C@@H](O)[C@H]1O,ZINC15 : ZINC000004096292,espsim_electrostatic,0.24444444444444444,zinc15
[H][C@@]1(O)O[C@@]([H])(C(O)=O)[C@@]([H])(O)[C@]([H])(O)[C@@]1([H])OS(O)(=O)=O,COJBCAMFZDFGFK-VCSGLWQLSA-N,O=C([O-])[C@H]1O[C@H](OP(=O)([O-])[O-])[C@H](O)[C@@H](O)[C@@H]1O,ZINC15 : ZINC000004095578,espsim_electrostatic,0.24444444444444444,zinc15
[H][C@@]1(O)O[C@@]([H])(C(O)=O)[C@@]([H])(O)[C@]([H])(O)[C@@]1([H])OS(O)(=O)=O,COJBCAMFZDFGFK-VCSGLWQLSA-N,CC(C)=CC(=O)N[C@H]1[C@H](O)O[C@H](COS(=O)(=O)[O-])[C@@H](O)[C@@H]1O,ZINC15 : ZINC001143931664,espsim_electrostatic,0.24074074074074073,zinc15
[H][C@@]1(O)O[C@@]([H])(C(O)=O)[C@@]([H])(O)[C@]([H])(O)[C@@]1([H])OS(O)(=O)=O,COJBCAMFZDFGFK-VCSGLWQLSA-N,CC(=O)N[C@H]1[C@H](O)O[C@H](COS(=O)(=O)[O-])[C@@H](O)[C@@H]1O,ZINC15 : ZINC000004096329,espsim_electrostatic,0.23529411764705882,zinc15
[H][C@@]1(O)O[C@@]([H])(C(O)=O)[C@@]([H])(O)[C@]([H])(O)[C@@]1([H])OS(O)(=O)=O,COJBCAMFZDFGFK-VCSGLWQLSA-N,CC(=O)N[C@H]1[C@H](O)O[C@H](COS(=O)(=O)[O-])[C@H](O)[C@@H]1O,ZINC15 : ZINC000004096360,espsim_electrostatic,0.23529411764705882,zinc15
[H][C@@]1(O)O[C@@]([H])(C(O)=O)[C@@]([H])(O)[C@]([H])(O)[C@@]1([H])OS(O)(=O)=O,COJBCAMFZDFGFK-VCSGLWQLSA-N,O=C(/C=C/c1ccccc1)N[C@H]1[C@H](O)O[C@H](COS(=O)(=O)[O-])[C@@H](O)[C@@H]1O,ZINC15 : ZINC001142872381,espsim_electrostatic,0.22950819672131148,zinc15
[H][C@@]1(O)O[C@@]([H])(C(O)=O)[C@@]([H])(O)[C@]([H])(O)[C@@]1([H])OS(O)(=O)=O,COJBCAMFZDFGFK-VCSGLWQLSA-N,C=CCOC(=O)N[C@H]1[C@H](O)O[C@H](COS(=O)(=O)[O-])[C@@H](O)[C@@H]1O,ZINC15 : ZINC001194347059,espsim_electrostatic,0.22807017543859648,zinc15
[H][C@@]1(O)O[C@@]([H])(C(O)=O)[C@@]([H])(O)[C@]([H])(O)[C@@]1([H])OS(O)(=O)=O,COJBCAMFZDFGFK-VCSGLWQLSA-N,C/C(I)=C/C(=O)N[C@H]1[C@H](O)O[C@H](COS(=O)(=O)[O-])[C@@H](O)[C@@H]1O,ZINC15 : ZINC001145012655,espsim_electrostatic,0.22807017543859648,zinc15
[H][C@@]1(O)O[C@@]([H])(C(O)=O)[C@@]([H])(O)[C@]([H])(O)[C@@]1([H])OS(O)(=O)=O,COJBCAMFZDFGFK-VCSGLWQLSA-N,COC(=O)/C=C/C(=O)N[C@H]1[C@H](O)O[C@H](COS(=O)(=O)[O-])[C@@H](O)[C@@H]1O,ZINC15 : ZINC001144108429,espsim_electrostatic,0.22807017543859648,zinc15
[H][C@@]1(O)O[C@@]([H])(C(O)=O)[C@@]([H])(O)[C@]([H])(O)[C@@]1([H])OS(O)(=O)=O,COJBCAMFZDFGFK-VCSGLWQLSA-N,CC(=O)C(=O)N[C@H]1[C@H](O)O[C@H](COS(=O)(=O)[O-])[C@@H](O)[C@@H]1O,ZINC15 : ZINC001142703348,espsim_electrostatic,0.22641509433962265,zinc15
[H][C@@]1(O)O[C@@]([H])(C(O)=O)[C@@]([H])(O)[C@]([H])(O)[C@@]1([H])OS(O)(=O)=O,COJBCAMFZDFGFK-VCSGLWQLSA-N,C=CS(=O)(=O)N[C@H]1[C@H](O)O[C@H](COS(=O)(=O)[O-])[C@@H](O)[C@@H]1O,ZINC15 : ZINC001198643634,espsim_electrostatic,0.22641509433962265,zinc15
[H][C@@]1(O)O[C@@]([H])(C(O)=O)[C@@]([H])(O)[C@]([H])(O)[C@@]1([H])OS(O)(=O)=O,COJBCAMFZDFGFK-VCSGLWQLSA-N,O=C(/C=C/C(F)(F)F)N[C@H]1[C@H](O)O[C@H](COS(=O)(=O)[O-])[C@@H](O)[C@@H]1O,ZINC15 : ZINC001179933359,espsim_electrostatic,0.22413793103448276,zinc15
[H][C@@]1(O)O[C@@]([H])(C(O)=O)[C@@]([H])(O)[C@]([H])(O)[C@@]1([H])OS(O)(=O)=O,COJBCAMFZDFGFK-VCSGLWQLSA-N,O=C(N[C@H]1[C@H](O)O[C@H](COS(=O)(=O)[O-])[C@@H](O)[C@@H]1O)C1CC1,ZINC15 : ZINC001142680983,espsim_electrostatic,0.2222222222222222,zinc15
[H][C@@]1(O)O[C@@]([H])(C(O)=O)[C@@]([H])(O)[C@]([H])(O)[C@@]1([H])OS(O)(=O)=O,COJBCAMFZDFGFK-VCSGLWQLSA-N,C#CC(=O)N[C@H]1[C@H](O)O[C@H](COS(=O)(=O)[O-])[C@@H](O)[C@@H]1O,ZINC15 : ZINC001143913181,espsim_electrostatic,0.2222222222222222,zinc15
[H][C@@]1(O)O[C@@]([H])(C(O)=O)[C@@]([H])(O)[C@]([H])(O)[C@@]1([H])OS(O)(=O)=O,COJBCAMFZDFGFK-VCSGLWQLSA-N,CC(C)(C)C(=O)N[C@H]1[C@H](O)O[C@H](COS(=O)(=O)[O-])[C@@H](O)[C@@H]1O,ZINC15 : ZINC001142780759,espsim_electrostatic,0.2222222222222222,zinc15
[H][C@@]1(O)O[C@@]([H])(C(O)=O)[C@@]([H])(O)[C@]([H])(O)[C@@]1([H])OS(O)(=O)=O,COJBCAMFZDFGFK-VCSGLWQLSA-N,O=C(N[C@H]1[C@H](O)O[C@H](COS(=O)(=O)[O-])[C@@H](O)[C@@H]1O)C(=O)c1ccccc1,ZINC15 : ZINC001142692331,espsim_electrostatic,0.22033898305084745,zinc15
[H][C@@]1(O)O[C@@]([H])(C(O)=O)[C@@]([H])(O)[C@]([H])(O)[C@@]1([H])OS(O)(=O)=O,COJBCAMFZDFGFK-VCSGLWQLSA-N,COC(=O)C(C)(C)CC(=O)N[C@H]1[C@H](O)O[C@H](COS(=O)(=O)[O-])[C@@H](O)[C@@H]1O,ZINC15 : ZINC001182536824,espsim_electrostatic,0.22033898305084745,zinc15
[H][C@@]1(O)O[C@@]([H])(C(O)=O)[C@@]([H])(O)[C@]([H])(O)[C@@]1([H])OS(O)(=O)=O,COJBCAMFZDFGFK-VCSGLWQLSA-N,C=CCSCC(=O)N[C@H]1[C@H](O)O[C@H](COS(=O)(=O)[O-])[C@@H](O)[C@@H]1O,ZINC15 : ZINC001180561326,espsim_electrostatic,0.22033898305084745,zinc15
[H][C@@]1(O)O[C@@]([H])(C(O)=O)[C@@]([H])(O)[C@]([H])(O)[C@@]1([H])OS(O)(=O)=O,COJBCAMFZDFGFK-VCSGLWQLSA-N,CC(=O)C[C@@H]1O[C@H](O[C@@H]2[C@@H](NC(C)=O)[C@@H](O)O[C@@H](CO)[C@@H]2OS(=O)(=O)[O-])[C@@H](O)[C@@H](O)[C@@H]1O,ZINC15 : ZINC000026892739,espsim_electrostatic,0.21875,zinc15
[H][C@@]1(O)O[C@@]([H])(C(O)=O)[C@@]([H])(O)[C@]([H])(O)[C@@]1([H])OS(O)(=O)=O,COJBCAMFZDFGFK-VCSGLWQLSA-N,CC(=O)C[C@@H]1O[C@H](O[C@@H]2[C@@H](NC(C)=O)[C@@H](O)O[C@@H](CO)[C@@H]2OS(=O)(=O)[O-])[C@@H](O)[C@H](O)[C@H]1O,ZINC15 : ZINC000066055319,espsim_electrostatic,0.21875,zinc15
[H][C@@]1(O)O[C@@]([H])(C(O)=O)[C@@]([H])(O)[C@]([H])(O)[C@@]1([H])OS(O)(=O)=O,COJBCAMFZDFGFK-VCSGLWQLSA-N,CC(=O)C[C@@H]1O[C@H](O[C@@H]2[C@@H](NC(C)=O)[C@@H](O)O[C@@H](CO)[C@@H]2OS(=O)(=O)[O-])[C@@H](O)[C@H](O)[C@@H]1O,ZINC15 : ZINC000066055320,espsim_electrostatic,0.21875,zinc15
[H][C@@]1(O)O[C@@]([H])(C(O)=O)[C@@]([H])(O)[C@]([H])(O)[C@@]1([H])OS(O)(=O)=O,COJBCAMFZDFGFK-VCSGLWQLSA-N,CC(=O)C[C@@H]1O[C@H](O[C@@H]2[C@@H](NC(C)=O)[C@@H](O)O[C@@H](CO)[C@@H]2OS(=O)(=O)[O-])[C@@H](O)[C@@H](O)[C@H]1O,ZINC15 : ZINC000066055318,espsim_electrostatic,0.21875,zinc15
[H][C@@]1(O)O[C@@]([H])(C(O)=O)[C@@]([H])(O)[C@]([H])(O)[C@@]1([H])OS(O)(=O)=O,COJBCAMFZDFGFK-VCSGLWQLSA-N,CC#CC(=O)N[C@H]1[C@H](O)O[C@H](COS(=O)(=O)[O-])[C@@H](O)[C@@H]1O,ZINC15 : ZINC001179756746,espsim_electrostatic,0.21818181818181817,zinc15
[H][C@@]1(O)O[C@@]([H])(C(O)=O)[C@@]([H])(O)[C@]([H])(O)[C@@]1([H])OS(O)(=O)=O,COJBCAMFZDFGFK-VCSGLWQLSA-N,COCC(=O)N[C@H]1[C@H](O)O[C@H](COS(=O)(=O)[O-])[C@@H](O)[C@@H]1O,ZINC15 : ZINC001142823433,espsim_electrostatic,0.21818181818181817,zinc15
[H][C@@]1(O)O[C@@]([H])(C(O)=O)[C@@]([H])(O)[C@]([H])(O)[C@@]1([H])OS(O)(=O)=O,COJBCAMFZDFGFK-VCSGLWQLSA-N,C=CCS(=O)(=O)N[C@H]1[C@H](O)O[C@H](COS(=O)(=O)[O-])[C@@H](O)[C@@H]1O,ZINC15 : ZINC001259936173,espsim_electrostatic,0.21818181818181817,zinc15
[H][C@@]1(O)O[C@@]([H])(C(O)=O)[C@@]([H])(O)[C@]([H])(O)[C@@]1([H])OS(O)(=O)=O,COJBCAMFZDFGFK-VCSGLWQLSA-N,C=C(C)C(=O)N[C@H]1[C@H](O)O[C@H](COS(=O)(=O)[O-])[C@@H](O)[C@@H]1O,ZINC15 : ZINC001142517888,espsim_electrostatic,0.21818181818181817,zinc15
[H][C@@]1(O)O[C@@]([H])(C(O)=O)[C@@]([H])(O)[C@]([H])(O)[C@@]1([H])OS(O)(=O)=O,COJBCAMFZDFGFK-VCSGLWQLSA-N,C=C(F)C(=O)N[C@H]1[C@H](O)O[C@H](COS(=O)(=O)[O-])[C@@H](O)[C@@H]1O,ZINC15 : ZINC001180122378,espsim_electrostatic,0.21818181818181817,zinc15
[H][C@@]1(O)O[C@@]([H])(C(O)=O)[C@@]([H])(O)[C@]([H])(O)[C@@]1([H])OS(O)(=O)=O,COJBCAMFZDFGFK-VCSGLWQLSA-N,C=CC[C@H](C)C(=O)N[C@H]1[C@H](O)O[C@H](COS(=O)(=O)[O-])[C@@H](O)[C@@H]1O,ZINC15 : ZINC001144029072,espsim_electrostatic,0.21666666666666667,zinc15
[H][C@@]1(O)O[C@@]([H])(C(O)=O)[C@@]([H])(O)[C@]([H])(O)[C@@]1([H])OS(O)(=O)=O,COJBCAMFZDFGFK-VCSGLWQLSA-N,C=CC[C@@H](C)C(=O)N[C@H]1[C@H](O)O[C@H](COS(=O)(=O)[O-])[C@@H](O)[C@@H]1O,ZINC15 : ZINC001144029071,espsim_electrostatic,0.21666666666666667,zinc15
[H][C@@]1(O)O[C@@]([H])(C(O)=O)[C@@]([H])(O)[C@]([H])(O)[C@@]1([H])OS(O)(=O)=O,COJBCAMFZDFGFK-VCSGLWQLSA-N,C=CCC(C)(C)C(=O)N[C@H]1[C@H](O)O[C@H](COS(=O)(=O)[O-])[C@@H](O)[C@@H]1O,ZINC15 : ZINC001144074901,espsim_electrostatic,0.21666666666666667,zinc15
[H][C@@]1(O)O[C@@]([H])(C(O)=O)[C@@]([H])(O)[C@]([H])(O)[C@@]1([H])OS(O)(=O)=O,COJBCAMFZDFGFK-VCSGLWQLSA-N,C=CCC1(S(=O)(=O)N[C@H]2[C@H](O)O[C@H](COS(=O)(=O)[O-])[C@@H](O)[C@@H]2O)CC1,ZINC15 : ZINC001190843502,espsim_electrostatic,0.21666666666666667,zinc15
[H][C@@]1(O)O[C@@]([H])(C(O)=O)[C@@]([H])(O)[C@]([H])(O)[C@@]1([H])OS(O)(=O)=O,COJBCAMFZDFGFK-VCSGLWQLSA-N,CC(C)CC(=O)N[C@H]1[C@H](O)O[C@H](COS(=O)(=O)[O-])[C@@H](O)[C@@H]1O,ZINC15 : ZINC001142712040,espsim_electrostatic,0.21428571428571427,zinc15
[H][C@@]1(O)O[C@@]([H])(C(O)=O)[C@@]([H])(O)[C@]([H])(O)[C@@]1([H])OS(O)(=O)=O,COJBCAMFZDFGFK-VCSGLWQLSA-N,O=C(N[C@H]1[C@H](O)O[C@H](COS(=O)(=O)[O-])[C@@H](O)[C@@H]1O)C1COC1,ZINC15 : ZINC001181011769,espsim_electrostatic,0.21428571428571427,zinc15
[H][C@@]1(O)O[C@@]([H])(C(O)=O)[C@@]([H])(O)[C@]([H])(O)[C@@]1([H])OS(O)(=O)=O,COJBCAMFZDFGFK-VCSGLWQLSA-N,C[C@H]1C[C@@H]1C(=O)N[C@H]1[C@H](O)O[C@H](COS(=O)(=O)[O-])[C@@H](O)[C@@H]1O,ZINC15 : ZINC001178565018,espsim_electrostatic,0.21428571428571427,zinc15
[H][C@@]1(O)O[C@@]([H])(C(O)=O)[C@@]([H])(O)[C@]([H])(O)[C@@]1([H])OS(O)(=O)=O,COJBCAMFZDFGFK-VCSGLWQLSA-N,O=C(CC(F)F)N[C@H]1[C@H](O)O[C@H](COS(=O)(=O)[O-])[C@@H](O)[C@@H]1O,ZINC15 : ZINC001182968483,espsim_electrostatic,0.21428571428571427,zinc15
[H][C@@]1(O)O[C@@]([H])(C(O)=O)[C@@]([H])(O)[C@]([H])(O)[C@@]1([H])OS(O)(=O)=O,COJBCAMFZDFGFK-VCSGLWQLSA-N,CC(=O)CCC(=O)N[C@H]1[C@H](O)O[C@H](COS(=O)(=O)[O-])[C@@H](O)[C@@H]1O,ZINC15 : ZINC001142754471,espsim_electrostatic,0.21428571428571427,zinc15
[H][C@@]1(O)O[C@@]([H])(C(O)=O)[C@@]([H])(O)[C@]([H])(O)[C@@]1([H])OS(O)(=O)=O,COJBCAMFZDFGFK-VCSGLWQLSA-N,CC(C)[C@H](C)C(=O)N[C@H]1[C@H](O)O[C@H](COS(=O)(=O)[O-])[C@@H](O)[C@@H]1O,ZINC15 : ZINC001181509344,espsim_electrostatic,0.21428571428571427,zinc15
[H][C@@]1(O)O[C@@]([H])(C(O)=O)[C@@]([H])(O)[C@]([H])(O)[C@@]1([H])OS(O)(=O)=O,COJBCAMFZDFGFK-VCSGLWQLSA-N,CC1(C)C(C(=O)N[C@H]2[C@H](O)O[C@H](COS(=O)(=O)[O-])[C@@H](O)[C@@H]2O)C1(C)C,ZINC15 : ZINC001179698026,espsim_electrostatic,0.21428571428571427,zinc15
[H][C@@]1(O)O[C@@]([H])(C(O)=O)[C@@]([H])(O)[C@]([H])(O)[C@@]1([H])OS(O)(=O)=O,COJBCAMFZDFGFK-VCSGLWQLSA-N,O=C(N[C@H]1[C@H](O)O[C@H](COS(=O)(=O)[O-])[C@@H](O)[C@@H]1O)C(=O)C1CC1,ZINC15 : ZINC001182671537,espsim_electrostatic,0.21428571428571427,zinc15
[H][C@@]1(O)O[C@@]([H])(C(O)=O)[C@@]([H])(O)[C@]([H])(O)[C@@]1([H])OS(O)(=O)=O,COJBCAMFZDFGFK-VCSGLWQLSA-N,CC(C)(Br)C(=O)N[C@H]1[C@H](O)O[C@H](COS(=O)(=O)[O-])[C@@H](O)[C@@H]1O,ZINC15 : ZINC001144566222,espsim_electrostatic,0.21428571428571427,zinc15
[H][C@@]1(O)O[C@@]([H])(C(O)=O)[C@@]([H])(O)[C@]([H])(O)[C@@]1([H])OS(O)(=O)=O,COJBCAMFZDFGFK-VCSGLWQLSA-N,CC(C)OC(=O)N[C@H]1[C@H](O)O[C@H](COS(=O)(=O)[O-])[C@@H](O)[C@@H]1O,ZINC15 : ZINC001193522115,espsim_electrostatic,0.21428571428571427,zinc15
[H][C@@]1(O)O[C@@]([H])(C(O)=O)[C@@]([H])(O)[C@]([H])(O)[C@@]1([H])OS(O)(=O)=O,COJBCAMFZDFGFK-VCSGLWQLSA-N,CC(C)[C@@H](C)C(=O)N[C@H]1[C@H](O)O[C@H](COS(=O)(=O)[O-])[C@@H](O)[C@@H]1O,ZINC15 : ZINC001181509343,espsim_electrostatic,0.21428571428571427,zinc15
[H][C@@]1(O)O[C@@]([H])(C(O)=O)[C@@]([H])(O)[C@]([H])(O)[C@@]1([H])OS(O)(=O)=O,COJBCAMFZDFGFK-VCSGLWQLSA-N,O=S(=O)([O-])OC[C@H]1O[C@H](O)[C@H](NS(=O)(=O)/C=C/c2ccccc2)[C@@H](O)[C@@H]1O,ZINC15 : ZINC001253089480,espsim_electrostatic,0.21311475409836064,zinc15
[H][C@@]1(O)O[C@@]([H])(C(O)=O)[C@@]([H])(O)[C@]([H])(O)[C@@]1([H])OS(O)(=O)=O,COJBCAMFZDFGFK-VCSGLWQLSA-N,O=C(N[C@H]1[C@H](O)O[C@H](COS(=O)(=O)[O-])[C@@H](O)[C@@H]1O)[C@H](F)c1ccccc1,ZINC15 : ZINC001180154430,espsim_electrostatic,0.21311475409836064,zinc15
[H][C@@]1(O)O[C@@]([H])(C(O)=O)[C@@]([H])(O)[C@]([H])(O)[C@@]1([H])OS(O)(=O)=O,COJBCAMFZDFGFK-VCSGLWQLSA-N,O=C(N[C@H]1[C@H](O)O[C@H](COS(=O)(=O)[O-])[C@@H](O)[C@@H]1O)[C@@H](F)c1ccccc1,ZINC15 : ZINC001180154432,espsim_electrostatic,0.21311475409836064,zinc15
[H][C@@]1(O)O[C@@]([H])(C(O)=O)[C@@]([H])(O)[C@]([H])(O)[C@@]1([H])OS(O)(=O)=O,COJBCAMFZDFGFK-VCSGLWQLSA-N,C=Cc1ccc(C(=O)N[C@H]2[C@H](O)O[C@H](COS(=O)(=O)[O-])[C@@H](O)[C@@H]2O)cc1,ZINC15 : ZINC001186526796,espsim_electrostatic,0.21311475409836064,zinc15
[H][C@@]1(O)O[C@@]([H])(C(O)=O)[C@@]([H])(O)[C@]([H])(O)[C@@]1([H])OS(O)(=O)=O,COJBCAMFZDFGFK-VCSGLWQLSA-N,O=S(=O)([O-])OC[C@H]1O[C@@H](O)[C@H](NS(=O)(=O)/C=C/c2ccccc2)[C@@H](O)[C@@H]1O,ZINC15 : ZINC001253089481,espsim_electrostatic,0.21311475409836064,zinc15
[H][C@@]1(O)O[C@@]([H])(C(O)=O)[C@@]([H])(O)[C@]([H])(O)[C@@]1([H])OS(O)(=O)=O,COJBCAMFZDFGFK-VCSGLWQLSA-N,[NH3+][C@H]1[C@H](O)O[C@H](COS(=O)(=O)[O-])[C@@H](O[C@@H]2OC(C(=O)[O-])=C[C@H](O)[C@H]2OS(=O)(=O)[O-])[C@@H]1O,ZINC15 : ZINC000071774826,espsim_electrostatic,0.21212121212121213,zinc15
[H][C@@]1(O)O[C@@]([H])(C(O)=O)[C@@]([H])(O)[C@]([H])(O)[C@@]1([H])OS(O)(=O)=O,COJBCAMFZDFGFK-VCSGLWQLSA-N,[NH3+][C@@H]1[C@@H](O)[C@H](O[C@@H]2OC(C(=O)[O-])=C[C@H](O)[C@H]2OS(=O)(=O)[O-])[C@@H](COS(=O)(=O)[O-])O[C@@H]1O,ZINC15 : ZINC000071774824,espsim_electrostatic,0.21212121212121213,zinc15
[H][C@@]1(O)O[C@@]([H])(C(O)=O)[C@@]([H])(O)[C@]([H])(O)[C@@]1([H])OS(O)(=O)=O,COJBCAMFZDFGFK-VCSGLWQLSA-N,CCS(=O)(=O)N[C@H]1[C@H](O)O[C@H](COS(=O)(=O)[O-])[C@@H](O)[C@@H]1O,ZINC15 : ZINC001253414986,espsim_electrostatic,0.21153846153846154,zinc15
[H][C@@]1(O)O[C@@]([H])(C(O)=O)[C@@]([H])(O)[C@]([H])(O)[C@@]1([H])OS(O)(=O)=O,COJBCAMFZDFGFK-VCSGLWQLSA-N,O=C(N[C@H]1[C@H](O)O[C@H](COS(=O)(=O)[O-])[C@@H](O)[C@@H]1O)[C@H]1C[C@@H]1F,ZINC15 : ZINC001143445904,espsim_electrostatic,0.21052631578947367,zinc15
[H][C@@]1(O)O[C@@]([H])(C(O)=O)[C@@]([H])(O)[C@]([H])(O)[C@@]1([H])OS(O)(=O)=O,COJBCAMFZDFGFK-VCSGLWQLSA-N,O=C(N[C@H]1[C@H](O)O[C@H](COS(=O)(=O)[O-])[C@@H](O)[C@@H]1O)OCCF,ZINC15 : ZINC001194992693,espsim_electrostatic,0.21052631578947367,zinc15
[H][C@@]1(O)O[C@@]([H])(C(O)=O)[C@@]([H])(O)[C@]([H])(O)[C@@]1([H])OS(O)(=O)=O,COJBCAMFZDFGFK-VCSGLWQLSA-N,CCOC(=O)C(=O)N[C@H]1[C@H](O)O[C@H](COS(=O)(=O)[O-])[C@@H](O)[C@@H]1O,ZINC15 : ZINC001183253320,espsim_electrostatic,0.21052631578947367,zinc15
[H][C@@]1(O)O[C@@]([H])(C(O)=O)[C@@]([H])(O)[C@]([H])(O)[C@@]1([H])OS(O)(=O)=O,COJBCAMFZDFGFK-VCSGLWQLSA-N,O=P([O-])([O-])OC1[C@H](O)[C@H](O)C(O)[C@@H](O)[C@H]1O,ZINC15 : ZINC000003869172,espsim_electrostatic,0.21052631578947367,zinc15
[H][C@@]1(O)O[C@@]([H])(C(O)=O)[C@@]([H])(O)[C@]([H])(O)[C@@]1([H])OS(O)(=O)=O,COJBCAMFZDFGFK-VCSGLWQLSA-N,COC(C)(C)C(=O)N[C@H]1[C@H](O)O[C@H](COS(=O)(=O)[O-])[C@@H](O)[C@@H]1O,ZINC15 : ZINC001143330494,espsim_electrostatic,0.21052631578947367,zinc15
[H][C@@]1(O)O[C@@]([H])(C(O)=O)[C@@]([H])(O)[C@]([H])(O)[C@@]1([H])OS(O)(=O)=O,COJBCAMFZDFGFK-VCSGLWQLSA-N,O=P([O-])([O-])O[C@@H]1[C@H](O)[C@H](O)[C@@H](O)[C@H](O)[C@H]1O,ZINC15 : ZINC000100061358,espsim_electrostatic,0.21052631578947367,zinc15
[H][C@@]1(O)O[C@@]([H])(C(O)=O)[C@@]([H])(O)[C@]([H])(O)[C@@]1([H])OS(O)(=O)=O,COJBCAMFZDFGFK-VCSGLWQLSA-N,O=P([O-])([O-])OC1[C@H](O)[C@H](O)C(O)[C@@H](O)[C@@H]1O,ZINC15 : ZINC000002504621,espsim_electrostatic,0.21052631578947367,zinc15
[H][C@@]1(O)O[C@@]([H])(C(O)=O)[C@@]([H])(O)[C@]([H])(O)[C@@]1([H])OS(O)(=O)=O,COJBCAMFZDFGFK-VCSGLWQLSA-N,O=P([O-])([O-])O[C@H]1[C@H](O)[C@H](O)[C@@H](O)[C@H](O)[C@H]1O,ZINC15 : ZINC000100620447,espsim_electrostatic,0.21052631578947367,zinc15
[H][C@@]1(O)O[C@@]([H])(C(O)=O)[C@@]([H])(O)[C@]([H])(O)[C@@]1([H])OS(O)(=O)=O,COJBCAMFZDFGFK-VCSGLWQLSA-N,O=P([O-])([O-])O[C@H]1[C@H](O)[C@H](O)[C@H](O)[C@@H](O)[C@@H]1O,ZINC15 : ZINC000100087612,espsim_electrostatic,0.21052631578947367,zinc15
[H][C@@]1(O)O[C@@]([H])(C(O)=O)[C@@]([H])(O)[C@]([H])(O)[C@@]1([H])OS(O)(=O)=O,COJBCAMFZDFGFK-VCSGLWQLSA-N,O=P([O-])([O-])O[C@H]1[C@H](O)[C@H](O)[C@@H](O)[C@@H](O)[C@@H]1O,ZINC15 : ZINC000100604895,espsim_electrostatic,0.21052631578947367,zinc15
[H][C@@]1(O)O[C@@]([H])(C(O)=O)[C@@]([H])(O)[C@]([H])(O)[C@@]1([H])OS(O)(=O)=O,COJBCAMFZDFGFK-VCSGLWQLSA-N,O=P([O-])([O-])OC1[C@H](O)[C@H](O)C(O)[C@H](O)[C@@H]1O,ZINC15 : ZINC000003869170,espsim_electrostatic,0.21052631578947367,zinc15
[H][C@@]1(O)O[C@@]([H])(C(O)=O)[C@@]([H])(O)[C@]([H])(O)[C@@]1([H])OS(O)(=O)=O,COJBCAMFZDFGFK-VCSGLWQLSA-N,O=C(N[C@H]1[C@H](O)O[C@H](COS(=O)(=O)[O-])[C@@H](O)[C@@H]1O)[C@H]1CCO1,ZINC15 : ZINC001181588293,espsim_electrostatic,0.21052631578947367,zinc15
[H][C@@]1(O)O[C@@]([H])(C(O)=O)[C@@]([H])(O)[C@]([H])(O)[C@@]1([H])OS(O)(=O)=O,COJBCAMFZDFGFK-VCSGLWQLSA-N,O=P([O-])([O-])O[C@@H]1[C@H](O)[C@@H](O)[C@H](O)[C@@H](O)[C@@H]1O,ZINC15 : ZINC000100085584,espsim_electrostatic,0.21052631578947367,zinc15
[H][C@@]1(O)O[C@@]([H])(C(O)=O)[C@@]([H])(O)[C@]([H])(O)[C@@]1([H])OS(O)(=O)=O,COJBCAMFZDFGFK-VCSGLWQLSA-N,CC(C)CC(=O)C(=O)N[C@H]1[C@H](O)O[C@H](COS(=O)(=O)[O-])[C@@H](O)[C@@H]1O,ZINC15 : ZINC001184332348,espsim_electrostatic,0.21052631578947367,zinc15
[H][C@@]1(O)O[C@@]([H])(C(O)=O)[C@@]([H])(O)[C@]([H])(O)[C@@]1([H])OS(O)(=O)=O,COJBCAMFZDFGFK-VCSGLWQLSA-N,O=P([O-])([O-])OC1[C@H](O)[C@H](O)C(O)[C@H](O)[C@H]1O,ZINC15 : ZINC000003869171,espsim_electrostatic,0.21052631578947367,zinc15
[H][C@@]1(O)O[C@@]([H])(C(O)=O)[C@@]([H])(O)[C@]([H])(O)[C@@]1([H])OS(O)(=O)=O,COJBCAMFZDFGFK-VCSGLWQLSA-N,CO[C@H](C)C(=O)N[C@H]1[C@H](O)O[C@H](COS(=O)(=O)[O-])[C@@H](O)[C@@H]1O,ZINC15 : ZINC001181459652,espsim_electrostatic,0.21052631578947367,zinc15
[H][C@@]1(O)O[C@@]([H])(C(O)=O)[C@@]([H])(O)[C@]([H])(O)[C@@]1([H])OS(O)(=O)=O,COJBCAMFZDFGFK-VCSGLWQLSA-N,O=C(N[C@H]1[C@H](O)O[C@H](COS(=O)(=O)[O-])[C@@H](O)[C@@H]1O)[C@@H]1CCO1,ZINC15 : ZINC001181588292,espsim_electrostatic,0.21052631578947367,zinc15
[H][C@@]1(O)O[C@@]([H])(C(O)=O)[C@@]([H])(O)[C@]([H])(O)[C@@]1([H])OS(O)(=O)=O,COJBCAMFZDFGFK-VCSGLWQLSA-N,O=P([O-])([O-])O[C@@H]1[C@@H](O)[C@H](O)[C@@H](O)[C@H](O)[C@@H]1O,ZINC15 : ZINC000100028278,espsim_electrostatic,0.21052631578947367,zinc15
[H][C@@]1(O)O[C@@]([H])(C(O)=O)[C@@]([H])(O)[C@]([H])(O)[C@@]1([H])OS(O)(=O)=O,COJBCAMFZDFGFK-VCSGLWQLSA-N,CCOCC(=O)N[C@H]1[C@H](O)O[C@H](COS(=O)(=O)[O-])[C@@H](O)[C@@H]1O,ZINC15 : ZINC001142831709,espsim_electrostatic,0.21052631578947367,zinc15
[H][C@@]1(O)O[C@@]([H])(C(O)=O)[C@@]([H])(O)[C@]([H])(O)[C@@]1([H])OS(O)(=O)=O,COJBCAMFZDFGFK-VCSGLWQLSA-N,O=P([O-])([O-])O[C@H]1[C@H](O)[C@@H](O)[C@H](O)[C@H](O)[C@@H]1O,ZINC15 : ZINC000100016164,espsim_electrostatic,0.21052631578947367,zinc15
[H][C@@]1(O)O[C@@]([H])(C(O)=O)[C@@]([H])(O)[C@]([H])(O)[C@@]1([H])OS(O)(=O)=O,COJBCAMFZDFGFK-VCSGLWQLSA-N,O=P([O-])([O-])O[C@H]1[C@H](O)[C@H](O)[C@@H](O)[C@H](O)[C@@H]1O,ZINC15 : ZINC000255979099,espsim_electrostatic,0.21052631578947367,zinc15
[H][C@@]1(O)O[C@@]([H])(C(O)=O)[C@@]([H])(O)[C@]([H])(O)[C@@]1([H])OS(O)(=O)=O,COJBCAMFZDFGFK-VCSGLWQLSA-N,CCCOC(=O)N[C@H]1[C@H](O)O[C@H](COS(=O)(=O)[O-])[C@@H](O)[C@@H]1O,ZINC15 : ZINC001194150396,espsim_electrostatic,0.21052631578947367,zinc15
[H][C@@]1(O)O[C@@]([H])(C(O)=O)[C@@]([H])(O)[C@]([H])(O)[C@@]1([H])OS(O)(=O)=O,COJBCAMFZDFGFK-VCSGLWQLSA-N,O=C(N[C@H]1[C@H](O)O[C@H](COS(=O)(=O)[O-])[C@@H](O)[C@@H]1O)C1CC=CC1,ZINC15 : ZINC001146703571,espsim_electrostatic,0.21052631578947367,zinc15
[H][C@@]1(O)O[C@@]([H])(C(O)=O)[C@@]([H])(O)[C@]([H])(O)[C@@]1([H])OS(O)(=O)=O,COJBCAMFZDFGFK-VCSGLWQLSA-N,COCC1(C(=O)N[C@H]2[C@H](O)O[C@H](COS(=O)(=O)[O-])[C@@H](O)[C@@H]2O)CCC1,ZINC15 : ZINC001181955429,espsim_electrostatic,0.20967741935483872,zinc15
[H][C@@]1(O)O[C@@]([H])(C(O)=O)[C@@]([H])(O)[C@]([H])(O)[C@@]1([H])OS(O)(=O)=O,COJBCAMFZDFGFK-VCSGLWQLSA-N,O=C(/C=C/c1cc(F)cc(F)c1)N[C@H]1[C@H](O)O[C@H](COS(=O)(=O)[O-])[C@@H](O)[C@@H]1O,ZINC15 : ZINC001179571762,espsim_electrostatic,0.20967741935483872,zinc15
[H][C@@]1(O)O[C@@]([H])(C(O)=O)[C@@]([H])(O)[C@]([H])(O)[C@@]1([H])OS(O)(=O)=O,COJBCAMFZDFGFK-VCSGLWQLSA-N,CC(F)(F)c1ccc(C(=O)N[C@H]2[C@H](O)O[C@H](COS(=O)(=O)[O-])[C@@H](O)[C@@H]2O)cc1,ZINC15 : ZINC001190527609,espsim_electrostatic,0.20967741935483872,zinc15
[H][C@@]1(O)O[C@@]([H])(C(O)=O)[C@@]([H])(O)[C@]([H])(O)[C@@]1([H])OS(O)(=O)=O,COJBCAMFZDFGFK-VCSGLWQLSA-N,O=C(N[C@H]1[C@H](O)O[C@H](COS(=O)(=O)[O-])[C@@H](O)[C@@H]1O)C1CCOCC1,ZINC15 : ZINC001143024710,espsim_electrostatic,0.20689655172413793,zinc15
[H][C@@]1(O)O[C@@]([H])(C(O)=O)[C@@]([H])(O)[C@]([H])(O)[C@@]1([H])OS(O)(=O)=O,COJBCAMFZDFGFK-VCSGLWQLSA-N,CC1(C)C[C@@H]1C(=O)N[C@H]1[C@H](O)O[C@H](COS(=O)(=O)[O-])[C@@H](O)[C@@H]1O,ZINC15 : ZINC001181300571,espsim_electrostatic,0.20689655172413793,zinc15
[H][C@@]1(O)O[C@@]([H])(C(O)=O)[C@@]([H])(O)[C@]([H])(O)[C@@]1([H])OS(O)(=O)=O,COJBCAMFZDFGFK-VCSGLWQLSA-N,O=C(COCC1CC1)N[C@H]1[C@H](O)O[C@H](COS(=O)(=O)[O-])[C@@H](O)[C@@H]1O,ZINC15 : ZINC001182484190,espsim_electrostatic,0.20689655172413793,zinc15
[H][C@@]1(O)O[C@@]([H])(C(O)=O)[C@@]([H])(O)[C@]([H])(O)[C@@]1([H])OS(O)(=O)=O,COJBCAMFZDFGFK-VCSGLWQLSA-N,O=C(N[C@H]1[C@H](O)O[C@H](COS(=O)(=O)[O-])[C@@H](O)[C@@H]1O)C1CC(F)C1,ZINC15 : ZINC001142580909,espsim_electrostatic,0.20689655172413793,zinc15
[H][C@@]1(O)O[C@@]([H])(C(O)=O)[C@@]([H])(O)[C@]([H])(O)[C@@]1([H])OS(O)(=O)=O,COJBCAMFZDFGFK-VCSGLWQLSA-N,CC(C)OCC(=O)N[C@H]1[C@H](O)O[C@H](COS(=O)(=O)[O-])[C@@H](O)[C@@H]1O,ZINC15 : ZINC001143379544,espsim_electrostatic,0.20689655172413793,zinc15
[H][C@@]1(O)O[C@@]([H])(C(O)=O)[C@@]([H])(O)[C@]([H])(O)[C@@]1([H])OS(O)(=O)=O,COJBCAMFZDFGFK-VCSGLWQLSA-N,O=C(N[C@H]1[C@H](O)O[C@H](COS(=O)(=O)[O-])[C@@H](O)[C@@H]1O)C1(C2CC2)CC1,ZINC15 : ZINC001183805259,espsim_electrostatic,0.20689655172413793,zinc15
[H][C@@]1(O)O[C@@]([H])(C(O)=O)[C@@]([H])(O)[C@]([H])(O)[C@@]1([H])OS(O)(=O)=O,COJBCAMFZDFGFK-VCSGLWQLSA-N,C=C(C(=O)N[C@H]1[C@H](O)O[C@H](COS(=O)(=O)[O-])[C@@H](O)[C@@H]1O)C(F)(F)F,ZINC15 : ZINC001144215510,espsim_electrostatic,0.20689655172413793,zinc15
[H][C@@]1(O)O[C@@]([H])(C(O)=O)[C@@]([H])(O)[C@]([H])(O)[C@@]1([H])OS(O)(=O)=O,COJBCAMFZDFGFK-VCSGLWQLSA-N,CC(C)COC(=O)N[C@H]1[C@H](O)O[C@H](COS(=O)(=O)[O-])[C@@H](O)[C@@H]1O,ZINC15 : ZINC001193865519,espsim_electrostatic,0.20689655172413793,zinc15
[H][C@@]1(O)O[C@@]([H])(C(O)=O)[C@@]([H])(O)[C@]([H])(O)[C@@]1([H])OS(O)(=O)=O,COJBCAMFZDFGFK-VCSGLWQLSA-N,CSCCC(=O)N[C@H]1[C@H](O)O[C@H](COS(=O)(=O)[O-])[C@@H](O)[C@@H]1O,ZINC15 : ZINC001144063615,espsim_electrostatic,0.20689655172413793,zinc15
[H][C@@]1(O)O[C@@]([H])(C(O)=O)[C@@]([H])(O)[C@]([H])(O)[C@@]1([H])OS(O)(=O)=O,COJBCAMFZDFGFK-VCSGLWQLSA-N,CC(C)(C)OCC(=O)N[C@H]1[C@H](O)O[C@H](COS(=O)(=O)[O-])[C@@H](O)[C@@H]1O,ZINC15 : ZINC001180327718,espsim_electrostatic,0.20689655172413793,zinc15
[H][C@@]1(O)O[C@@]([H])(C(O)=O)[C@@]([H])(O)[C@]([H])(O)[C@@]1([H])OS(O)(=O)=O,COJBCAMFZDFGFK-VCSGLWQLSA-N,O=C(CCC(F)=C(F)F)N[C@H]1[C@H](O)O[C@H](COS(=O)(=O)[O-])[C@@H](O)[C@@H]1O,ZINC15 : ZINC001180283934,espsim_electrostatic,0.20689655172413793,zinc15
[H][C@@]1(O)O[C@@]([H])(C(O)=O)[C@@]([H])(O)[C@]([H])(O)[C@@]1([H])OS(O)(=O)=O,COJBCAMFZDFGFK-VCSGLWQLSA-N,COCCOC(=O)N[C@H]1[C@H](O)O[C@H](COS(=O)(=O)[O-])[C@@H](O)[C@@H]1O,ZINC15 : ZINC001193439346,espsim_electrostatic,0.20689655172413793,zinc15
[H][C@@]1(O)O[C@@]([H])(C(O)=O)[C@@]([H])(O)[C@]([H])(O)[C@@]1([H])OS(O)(=O)=O,COJBCAMFZDFGFK-VCSGLWQLSA-N,CC(C)(C)COC(=O)N[C@H]1[C@H](O)O[C@H](COS(=O)(=O)[O-])[C@@H](O)[C@@H]1O,ZINC15 : ZINC001194414929,espsim_electrostatic,0.20689655172413793,zinc15
[H][C@@]1(O)O[C@@]([H])(C(O)=O)[C@@]([H])(O)[C@]([H])(O)[C@@]1([H])OS(O)(=O)=O,COJBCAMFZDFGFK-VCSGLWQLSA-N,CC(C)S(=O)(=O)N[C@H]1[C@H](O)O[C@H](COS(=O)(=O)[O-])[C@@H](O)[C@@H]1O,ZINC15 : ZINC001252599569,espsim_electrostatic,0.2037037037037037,zinc15
[H][C@@]1(O)O[C@@]([H])(C(O)=O)[C@@]([H])(O)[C@]([H])(O)[C@@]1([H])OS(O)(=O)=O,COJBCAMFZDFGFK-VCSGLWQLSA-N,CCCS(=O)(=O)N[C@H]1[C@H](O)O[C@H](COS(=O)(=O)[O-])[C@@H](O)[C@@H]1O,ZINC15 : ZINC001253758826,espsim_electrostatic,0.2037037037037037,zinc15
[H][C@@]1(O)O[C@@]([H])(C(O)=O)[C@@]([H])(O)[C@]([H])(O)[C@@]1([H])OS(O)(=O)=O,COJBCAMFZDFGFK-VCSGLWQLSA-N,O=S(=O)([O-])OC[C@H]1O[C@H](O)[C@H]([NH2+]C2CCCC2)[C@@H](O)[C@@H]1O,ZINC15 : ZINC001257346467,espsim_electrostatic,0.2037037037037037,zinc15
[H][C@@]1(O)O[C@@]([H])(C(O)=O)[C@@]([H])(O)[C@]([H])(O)[C@@]1([H])OS(O)(=O)=O,COJBCAMFZDFGFK-VCSGLWQLSA-N,O=S(=O)([O-])OC[C@H]1O[C@H](O)[C@H](NS(=O)(=O)C2CC2)[C@@H](O)[C@@H]1O,ZINC15 : ZINC001259280970,espsim_electrostatic,0.2037037037037037,zinc15
[H][C@@]1(O)O[C@@]([H])(C(O)=O)[C@@]([H])(O)[C@]([H])(O)[C@@]1([H])OS(O)(=O)=O,COJBCAMFZDFGFK-VCSGLWQLSA-N,O=S(=O)([O-])OC[C@H]1O[C@@H](O)[C@H](NS(=O)(=O)C2CC2)[C@@H](O)[C@@H]1O,ZINC15 : ZINC001259280969,espsim_electrostatic,0.2037037037037037,zinc15
[H][C@@]1(O)O[C@@]([H])(C(O)=O)[C@@]([H])(O)[C@]([H])(O)[C@@]1([H])OS(O)(=O)=O,COJBCAMFZDFGFK-VCSGLWQLSA-N,O=S(=O)([O-])OC[C@H]1O[C@@H](O)[C@H]([NH2+]C2CCCC2)[C@@H](O)[C@@H]1O,ZINC15 : ZINC001257346468,espsim_electrostatic,0.2037037037037037,zinc15
[H][C@@]1(O)O[C@@]([H])(C(O)=O)[C@@]([H])(O)[C@]([H])(O)[C@@]1([H])OS(O)(=O)=O,COJBCAMFZDFGFK-VCSGLWQLSA-N,O=C([O-])[C@@H]1O[C@H](O)[C@@H](O)[C@@H](O)[C@H]1O,ZINC15 : 71755583,espsim_shape,0.3333333333333333,zinc15
[H][C@@]1(O)O[C@@]([H])(C(O)=O)[C@@]([H])(O)[C@]([H])(O)[C@@]1([H])OS(O)(=O)=O,COJBCAMFZDFGFK-VCSGLWQLSA-N,O=C([O-])[C@H]1O[C@H](O)[C@H](O)[C@@H](O)[C@@H]1O,ZINC15 : 4213449,espsim_shape,0.3333333333333333,zinc15
[H][C@@]1(O)O[C@@]([H])(C(O)=O)[C@@]([H])(O)[C@]([H])(O)[C@@]1([H])OS(O)(=O)=O,COJBCAMFZDFGFK-VCSGLWQLSA-N,O=C([O-])[C@H]1O[C@@H](O)[C@@H](O)[C@H](O)[C@@H]1O,ZINC15 : 12359999,espsim_shape,0.3333333333333333,zinc15
[H][C@@]1(O)O[C@@]([H])(C(O)=O)[C@@]([H])(O)[C@]([H])(O)[C@@]1([H])OS(O)(=O)=O,COJBCAMFZDFGFK-VCSGLWQLSA-N,C[C@H]1O[C@@H](C)[C@@H](OS(=O)(=O)[O-])[C@@H](O)[C@@H]1O,ZINC15 : ZINC000097974745,espsim_shape,0.3333333333333333,zinc15
[H][C@@]1(O)O[C@@]([H])(C(O)=O)[C@@]([H])(O)[C@]([H])(O)[C@@]1([H])OS(O)(=O)=O,COJBCAMFZDFGFK-VCSGLWQLSA-N,O=C([O-])[C@@H]1O[C@H](O)[C@H](O)[C@@H](O)[C@H]1O,ZINC15 : 3869801,espsim_shape,0.3333333333333333,zinc15
[H][C@@]1(O)O[C@@]([H])(C(O)=O)[C@@]([H])(O)[C@]([H])(O)[C@@]1([H])OS(O)(=O)=O,COJBCAMFZDFGFK-VCSGLWQLSA-N,O=C([O-])[C@@H]1O[C@@H](O)[C@@H](O)[C@@H](O)[C@@H]1O,ZINC15 : 4097166,espsim_shape,0.3333333333333333,zinc15
[H][C@@]1(O)O[C@@]([H])(C(O)=O)[C@@]([H])(O)[C@]([H])(O)[C@@]1([H])OS(O)(=O)=O,COJBCAMFZDFGFK-VCSGLWQLSA-N,O=C([O-])[C@@H]1O[C@H](O)[C@@H](O)[C@H](O)[C@H]1O,ZINC15 : 53683417,espsim_shape,0.3333333333333333,zinc15
[H][C@@]1(O)O[C@@]([H])(C(O)=O)[C@@]([H])(O)[C@]([H])(O)[C@@]1([H])OS(O)(=O)=O,COJBCAMFZDFGFK-VCSGLWQLSA-N,O=C([O-])[C@H]1O[C@@H](O)[C@H](O)[C@@H](O)[C@@H]1O,ZINC15 : 4097543,espsim_shape,0.3333333333333333,zinc15
[H][C@@]1(O)O[C@@]([H])(C(O)=O)[C@@]([H])(O)[C@]([H])(O)[C@@]1([H])OS(O)(=O)=O,COJBCAMFZDFGFK-VCSGLWQLSA-N,O=C([O-])[C@H]1O[C@H](O)[C@H](O)[C@@H](O)[C@H]1O,ZINC15 : 4228259,espsim_shape,0.3333333333333333,zinc15
[H][C@@]1(O)O[C@@]([H])(C(O)=O)[C@@]([H])(O)[C@]([H])(O)[C@@]1([H])OS(O)(=O)=O,COJBCAMFZDFGFK-VCSGLWQLSA-N,O=C([O-])[C@@H]1O[C@H](O)[C@@H](O)[C@@H](O)[C@@H]1O,ZINC15 : 4097165,espsim_shape,0.3333333333333333,zinc15
[H][C@@]1(O)O[C@@]([H])(C(O)=O)[C@@]([H])(O)[C@]([H])(O)[C@@]1([H])OS(O)(=O)=O,COJBCAMFZDFGFK-VCSGLWQLSA-N,O=C([O-])[C@@H]1O[C@@H](O)[C@@H](O)[C@H](O)[C@H]1O,ZINC15 : 71755581,espsim_shape,0.3333333333333333,zinc15
[H][C@@]1(O)O[C@@]([H])(C(O)=O)[C@@]([H])(O)[C@]([H])(O)[C@@]1([H])OS(O)(=O)=O,COJBCAMFZDFGFK-VCSGLWQLSA-N,O=C([O-])[C@@H]1O[C@@H](O)[C@@H](O)[C@@H](O)[C@H]1O,ZINC15 : 71755582,espsim_shape,0.3333333333333333,zinc15
[H][C@@]1(O)O[C@@]([H])(C(O)=O)[C@@]([H])(O)[C@]([H])(O)[C@@]1([H])OS(O)(=O)=O,COJBCAMFZDFGFK-VCSGLWQLSA-N,O=C([O-])[C@H]1O[C@@H](O)[C@H](O)[C@H](O)[C@@H]1O,ZINC15 : 2539632,espsim_shape,0.3333333333333333,zinc15
[H][C@@]1(O)O[C@@]([H])(C(O)=O)[C@@]([H])(O)[C@]([H])(O)[C@@]1([H])OS(O)(=O)=O,COJBCAMFZDFGFK-VCSGLWQLSA-N,O=C([O-])[C@@H]1O[C@@H](O)[C@@H](O)[C@H](O)[C@@H]1O,ZINC15 : 12359997,espsim_shape,0.3333333333333333,zinc15
[H][C@@]1(O)O[C@@]([H])(C(O)=O)[C@@]([H])(O)[C@]([H])(O)[C@@]1([H])OS(O)(=O)=O,COJBCAMFZDFGFK-VCSGLWQLSA-N,O=C([O-])[C@@H]1O[C@@H](O)[C@H](O)[C@@H](O)[C@@H]1O,ZINC15 : 4097162,espsim_shape,0.3333333333333333,zinc15
[H][C@@]1(O)O[C@@]([H])(C(O)=O)[C@@]([H])(O)[C@]([H])(O)[C@@]1([H])OS(O)(=O)=O,COJBCAMFZDFGFK-VCSGLWQLSA-N,O=C([O-])[C@H]1O[C@@H](O)[C@@H](O)[C@@H](O)[C@@H]1O,ZINC15 : 4095780,espsim_shape,0.3333333333333333,zinc15
[H][C@@]1(O)O[C@@]([H])(C(O)=O)[C@@]([H])(O)[C@]([H])(O)[C@@]1([H])OS(O)(=O)=O,COJBCAMFZDFGFK-VCSGLWQLSA-N,O=C([O-])[C@@H]1O[C@H](O)[C@H](O)[C@@H](O)[C@@H]1O,ZINC15 : 3869800,espsim_shape,0.3333333333333333,zinc15
[H][C@@]1(O)O[C@@]([H])(C(O)=O)[C@@]([H])(O)[C@]([H])(O)[C@@]1([H])OS(O)(=O)=O,COJBCAMFZDFGFK-VCSGLWQLSA-N,O=C([O-])[C@@H]1O[C@H](O)[C@H](O)[C@H](O)[C@@H]1O,ZINC15 : 3869799,espsim_shape,0.3333333333333333,zinc15
[H][C@@]1(O)O[C@@]([H])(C(O)=O)[C@@]([H])(O)[C@]([H])(O)[C@@]1([H])OS(O)(=O)=O,COJBCAMFZDFGFK-VCSGLWQLSA-N,O=C([O-])[C@H]1O[C@@H](O)[C@H](O)[C@@H](O)[C@H]1O,ZINC15 : 4097542,espsim_shape,0.3333333333333333,zinc15
[H][C@@]1(O)O[C@@]([H])(C(O)=O)[C@@]([H])(O)[C@]([H])(O)[C@@]1([H])OS(O)(=O)=O,COJBCAMFZDFGFK-VCSGLWQLSA-N,O=C([O-])[C@@H]1O[C@@H](O)[C@H](O)[C@H](O)[C@@H]1O,ZINC15 : 12359998,espsim_shape,0.3333333333333333,zinc15
[H][C@@]1(O)O[C@@]([H])(C(O)=O)[C@@]([H])(O)[C@]([H])(O)[C@@]1([H])OS(O)(=O)=O,COJBCAMFZDFGFK-VCSGLWQLSA-N,O=C([O-])[C@@H]1O[C@H](O)[C@H](O)[C@H](O)[C@H]1O,ZINC15 : 901236,espsim_shape,0.3333333333333333,zinc15
[H][C@@]1(O)O[C@@]([H])(C(O)=O)[C@@]([H])(O)[C@]([H])(O)[C@@]1([H])OS(O)(=O)=O,COJBCAMFZDFGFK-VCSGLWQLSA-N,CS(=O)(=O)O[C@H]1[C@H](O)[C@@H](O)CO[C@@H]1O,ZINC15 : ZINC000005671312,espsim_shape,0.30952380952380953,zinc15
[H][C@@]1(O)O[C@@]([H])(C(O)=O)[C@@]([H])(O)[C@]([H])(O)[C@@]1([H])OS(O)(=O)=O,COJBCAMFZDFGFK-VCSGLWQLSA-N,CS(=O)(=O)O[C@H]1[C@H](O)[C@H](O)CO[C@@H]1O,ZINC15 : ZINC000004831427,espsim_shape,0.30952380952380953,zinc15
[H][C@@]1(O)O[C@@]([H])(C(O)=O)[C@@]([H])(O)[C@]([H])(O)[C@@]1([H])OS(O)(=O)=O,COJBCAMFZDFGFK-VCSGLWQLSA-N,CS(=O)(=O)O[C@@H]1[C@@H](O)[C@@H](O)O[C@@H](CO)[C@H]1O,ZINC15 : ZINC000004743668,espsim_shape,0.3023255813953488,zinc15
[H][C@@]1(O)O[C@@]([H])(C(O)=O)[C@@]([H])(O)[C@]([H])(O)[C@@]1([H])OS(O)(=O)=O,COJBCAMFZDFGFK-VCSGLWQLSA-N,CS(=O)(=O)O[C@H]1[C@@H](O)[C@@H](O)O[C@@H](CO)[C@H]1O,ZINC15 : ZINC000004743667,espsim_shape,0.3023255813953488,zinc15
[H][C@@]1(O)O[C@@]([H])(C(O)=O)[C@@]([H])(O)[C@]([H])(O)[C@@]1([H])OS(O)(=O)=O,COJBCAMFZDFGFK-VCSGLWQLSA-N,CS(=O)(=O)O[C@H]1[C@@H](O)[C@@H](O)O[C@@H](CO)[C@@H]1O,ZINC15 : ZINC000004743669,espsim_shape,0.3023255813953488,zinc15
[H][C@@]1(O)O[C@@]([H])(C(O)=O)[C@@]([H])(O)[C@]([H])(O)[C@@]1([H])OS(O)(=O)=O,COJBCAMFZDFGFK-VCSGLWQLSA-N,CS(=O)(=O)O[C@H]1[C@H](O)[C@@H](CO)O[C@H](O)[C@@H]1O,ZINC15 : ZINC000083291407,espsim_shape,0.3023255813953488,zinc15
[H][C@@]1(O)O[C@@]([H])(C(O)=O)[C@@]([H])(O)[C@]([H])(O)[C@@]1([H])OS(O)(=O)=O,COJBCAMFZDFGFK-VCSGLWQLSA-N,CS(=O)(=O)O[C@@H]1[C@@H](O)[C@H](O)O[C@H](CO)[C@H]1O,ZINC15 : ZINC000003956730,espsim_shape,0.3023255813953488,zinc15
[H][C@@]1(O)O[C@@]([H])(C(O)=O)[C@@]([H])(O)[C@]([H])(O)[C@@]1([H])OS(O)(=O)=O,COJBCAMFZDFGFK-VCSGLWQLSA-N,CS(=O)(=O)O[C@@H]1[C@@H](O)[C@@H](O)O[C@@H](CO)[C@@H]1O,ZINC15 : ZINC000004743670,espsim_shape,0.3023255813953488,zinc15
[H][C@@]1(O)O[C@@]([H])(C(O)=O)[C@@]([H])(O)[C@]([H])(O)[C@@]1([H])OS(O)(=O)=O,COJBCAMFZDFGFK-VCSGLWQLSA-N,CO[C@@H]1[C@H](O)[C@@H](O)[C@H](O)O[C@@H]1CS(=O)(=O)[O-],ZINC15 : ZINC000004104919,espsim_shape,0.28888888888888886,zinc15
[H][C@@]1(O)O[C@@]([H])(C(O)=O)[C@@]([H])(O)[C@]([H])(O)[C@@]1([H])OS(O)(=O)=O,COJBCAMFZDFGFK-VCSGLWQLSA-N,CO[C@@H]1[C@@H](C)O[C@@H](C)[C@@H](OS(=O)(=O)[O-])[C@H]1O,ZINC15 : ZINC000575631103,espsim_shape,0.2857142857142857,zinc15
[H][C@@]1(O)O[C@@]([H])(C(O)=O)[C@@]([H])(O)[C@]([H])(O)[C@@]1([H])OS(O)(=O)=O,COJBCAMFZDFGFK-VCSGLWQLSA-N,CO[C@@H]1[C@@H](O)[C@@H](OS(=O)(=O)[O-])[C@@H](C)O[C@H]1C,ZINC15 : ZINC001529050389,espsim_shape,0.2857142857142857,zinc15
[H][C@@]1(O)O[C@@]([H])(C(O)=O)[C@@]([H])(O)[C@]([H])(O)[C@@]1([H])OS(O)(=O)=O,COJBCAMFZDFGFK-VCSGLWQLSA-N,[NH3+][C@@H]1[C@@H](OS(=O)(=O)[O-])[C@H](O)[C@@H](CO)O[C@@H]1O,ZINC15 : ZINC000034328190,espsim_shape,0.2826086956521739,zinc15
[H][C@@]1(O)O[C@@]([H])(C(O)=O)[C@@]([H])(O)[C@]([H])(O)[C@@]1([H])OS(O)(=O)=O,COJBCAMFZDFGFK-VCSGLWQLSA-N,[NH3+][C@H]1[C@H](O)O[C@H](CO)[C@@H](O)[C@@H]1OS(=O)(=O)[O-],ZINC15 : ZINC000043763932,espsim_shape,0.2826086956521739,zinc15
[H][C@@]1(O)O[C@@]([H])(C(O)=O)[C@@]([H])(O)[C@]([H])(O)[C@@]1([H])OS(O)(=O)=O,COJBCAMFZDFGFK-VCSGLWQLSA-N,N[C@@H]1[C@@H](OS(=O)(=O)[O-])[C@H](O)[C@@H](CO)O[C@@H]1O,ZINC15 : ZINC000034328190,espsim_shape,0.2826086956521739,zinc15
[H][C@@]1(O)O[C@@]([H])(C(O)=O)[C@@]([H])(O)[C@]([H])(O)[C@@]1([H])OS(O)(=O)=O,COJBCAMFZDFGFK-VCSGLWQLSA-N,N[C@H]1[C@H](O)O[C@H](CO)[C@@H](O)[C@@H]1OS(=O)(=O)[O-],ZINC15 : ZINC000043763932,espsim_shape,0.2826086956521739,zinc15
[H][C@@]1(O)O[C@@]([H])(C(O)=O)[C@@]([H])(O)[C@]([H])(O)[C@@]1([H])OS(O)(=O)=O,COJBCAMFZDFGFK-VCSGLWQLSA-N,CO[C@@H]1O[C@@H](COS(C)(=O)=O)[C@@H](O)[C@@H](O)[C@H]1OS(C)(=O)=O,ZINC15 : ZINC000104139240,espsim_shape,0.2708333333333333,zinc15
[H][C@@]1(O)O[C@@]([H])(C(O)=O)[C@@]([H])(O)[C@]([H])(O)[C@@]1([H])OS(O)(=O)=O,COJBCAMFZDFGFK-VCSGLWQLSA-N,CO[C@H]1O[C@@H](COS(C)(=O)=O)[C@@H](O)[C@@H](O)[C@@H]1OS(C)(=O)=O,ZINC15 : ZINC000104139246,espsim_shape,0.2708333333333333,zinc15
[H][C@@]1(O)O[C@@]([H])(C(O)=O)[C@@]([H])(O)[C@]([H])(O)[C@@]1([H])OS(O)(=O)=O,COJBCAMFZDFGFK-VCSGLWQLSA-N,CO[C@H]1O[C@@H](COS(C)(=O)=O)[C@H](O)[C@@H](O)[C@@H]1OS(C)(=O)=O,ZINC15 : ZINC000253613919,espsim_shape,0.2708333333333333,zinc15
[H][C@@]1(O)O[C@@]([H])(C(O)=O)[C@@]([H])(O)[C@]([H])(O)[C@@]1([H])OS(O)(=O)=O,COJBCAMFZDFGFK-VCSGLWQLSA-N,CO[C@@H]1O[C@@H](COS(C)(=O)=O)[C@@H](O)[C@H](O)[C@H]1OS(C)(=O)=O,ZINC15 : ZINC000104251784,espsim_shape,0.2708333333333333,zinc15
[H][C@@]1(O)O[C@@]([H])(C(O)=O)[C@@]([H])(O)[C@]([H])(O)[C@@]1([H])OS(O)(=O)=O,COJBCAMFZDFGFK-VCSGLWQLSA-N,CO[C@H]1O[C@@H](COS(C)(=O)=O)[C@@H](O)[C@@H](O)[C@H]1OS(C)(=O)=O,ZINC15 : ZINC000104139236,espsim_shape,0.2708333333333333,zinc15
[H][C@@]1(O)O[C@@]([H])(C(O)=O)[C@@]([H])(O)[C@]([H])(O)[C@@]1([H])OS(O)(=O)=O,COJBCAMFZDFGFK-VCSGLWQLSA-N,CO[C@H]1O[C@@H](COS(C)(=O)=O)[C@@H](O)[C@H](O)[C@H]1OS(C)(=O)=O,ZINC15 : ZINC000104251781,espsim_shape,0.2708333333333333,zinc15
[H][C@@]1(O)O[C@@]([H])(C(O)=O)[C@@]([H])(O)[C@]([H])(O)[C@@]1([H])OS(O)(=O)=O,COJBCAMFZDFGFK-VCSGLWQLSA-N,CO[C@@H]1O[C@@H](COS(C)(=O)=O)[C@@H](O)[C@@H](O)[C@@H]1OS(C)(=O)=O,ZINC15 : ZINC000104139249,espsim_shape,0.2708333333333333,zinc15
[H][C@@]1(O)O[C@@]([H])(C(O)=O)[C@@]([H])(O)[C@]([H])(O)[C@@]1([H])OS(O)(=O)=O,COJBCAMFZDFGFK-VCSGLWQLSA-N,CO[C@@H]1O[C@@H](COS(C)(=O)=O)[C@H](O)[C@@H](O)[C@@H]1OS(C)(=O)=O,ZINC15 : ZINC000253613920,espsim_shape,0.2708333333333333,zinc15
[H][C@@]1(O)O[C@@]([H])(C(O)=O)[C@@]([H])(O)[C@]([H])(O)[C@@]1([H])OS(O)(=O)=O,COJBCAMFZDFGFK-VCSGLWQLSA-N,CO[C@H]1[C@@H](O)O[C@H](CO)[C@@H](O)[C@@H]1O,ZINC15 : 34191099,espsim_shape,0.2682926829268293,zinc15
[H][C@@]1(O)O[C@@]([H])(C(O)=O)[C@@]([H])(O)[C@]([H])(O)[C@@]1([H])OS(O)(=O)=O,COJBCAMFZDFGFK-VCSGLWQLSA-N,O=S(=O)([O-])N[C@H]1[C@H](O)O[C@H](CO)[C@@H](O)[C@@H]1OS(=O)(=O)[O-],ZINC15 : ZINC000013537156,espsim_shape,0.2653061224489796,zinc15
[H][C@@]1(O)O[C@@]([H])(C(O)=O)[C@@]([H])(O)[C@]([H])(O)[C@@]1([H])OS(O)(=O)=O,COJBCAMFZDFGFK-VCSGLWQLSA-N,CO[C@@H]1O[C@@H](C(=O)[O-])[C@@H](O)[C@@H](O)[C@H]1O,ZINC15 : ZINC000004721247,espsim_shape,0.2619047619047619,zinc15
[H][C@@]1(O)O[C@@]([H])(C(O)=O)[C@@]([H])(O)[C@]([H])(O)[C@@]1([H])OS(O)(=O)=O,COJBCAMFZDFGFK-VCSGLWQLSA-N,CO[C@@H]1O[C@H](C(=O)[O-])[C@@H](O)[C@H](O)[C@H]1O,ZINC15 : ZINC000005998328,espsim_shape,0.2619047619047619,zinc15
[H][C@@]1(O)O[C@@]([H])(C(O)=O)[C@@]([H])(O)[C@]([H])(O)[C@@]1([H])OS(O)(=O)=O,COJBCAMFZDFGFK-VCSGLWQLSA-N,CO[C@H]1O[C@@H](C(=O)[O-])[C@@H](O)[C@@H](O)[C@H]1O,ZINC15 : ZINC000004721246,espsim_shape,0.2619047619047619,zinc15
[H][C@@]1(O)O[C@@]([H])(C(O)=O)[C@@]([H])(O)[C@]([H])(O)[C@@]1([H])OS(O)(=O)=O,COJBCAMFZDFGFK-VCSGLWQLSA-N,CO[C@H]1O[C@@H](C(=O)[O-])[C@@H](O)[C@@H](O)[C@@H]1O,ZINC15 : ZINC000004721248,espsim_shape,0.2619047619047619,zinc15
[H][C@@]1(O)O[C@@]([H])(C(O)=O)[C@@]([H])(O)[C@]([H])(O)[C@@]1([H])OS(O)(=O)=O,COJBCAMFZDFGFK-VCSGLWQLSA-N,CO[C@@H]1O[C@@H](C(=O)[O-])[C@@H](O)[C@@H](O)[C@@H]1O,ZINC15 : ZINC000004721249,espsim_shape,0.2619047619047619,zinc15
[H][C@@]1(O)O[C@@]([H])(C(O)=O)[C@@]([H])(O)[C@]([H])(O)[C@@]1([H])OS(O)(=O)=O,COJBCAMFZDFGFK-VCSGLWQLSA-N,CO[C@H]1O[C@@H](CO)[C@@H](O)[C@@H]1OS(C)(=O)=O,ZINC15 : ZINC000004963408,espsim_shape,0.2608695652173913,zinc15
[H][C@@]1(O)O[C@@]([H])(C(O)=O)[C@@]([H])(O)[C@]([H])(O)[C@@]1([H])OS(O)(=O)=O,COJBCAMFZDFGFK-VCSGLWQLSA-N,CO[C@@H]1O[C@@H](CO)[C@@H](O)[C@H]1OS(C)(=O)=O,ZINC15 : ZINC000004963406,espsim_shape,0.2608695652173913,zinc15
[H][C@@]1(O)O[C@@]([H])(C(O)=O)[C@@]([H])(O)[C@]([H])(O)[C@@]1([H])OS(O)(=O)=O,COJBCAMFZDFGFK-VCSGLWQLSA-N,CO[C@@H]1O[C@@H](CO)[C@@H](O)[C@@H]1OS(C)(=O)=O,ZINC15 : ZINC000004963410,espsim_shape,0.2608695652173913,zinc15
[H][C@@]1(O)O[C@@]([H])(C(O)=O)[C@@]([H])(O)[C@]([H])(O)[C@@]1([H])OS(O)(=O)=O,COJBCAMFZDFGFK-VCSGLWQLSA-N,CO[C@H]1O[C@@H](CO)[C@@H](O)[C@H]1OS(C)(=O)=O,ZINC15 : ZINC000004963403,espsim_shape,0.2608695652173913,zinc15
[H][C@@]1(O)O[C@@]([H])(C(O)=O)[C@@]([H])(O)[C@]([H])(O)[C@@]1([H])OS(O)(=O)=O,COJBCAMFZDFGFK-VCSGLWQLSA-N,O=C([O-])[C@@H]1O[C@@H](Oc2ccccc2)[C@H](O)[C@@H](O)[C@@H]1O,ZINC15 : ZINC000012953385,espsim_shape,0.25,zinc15
[H][C@@]1(O)O[C@@]([H])(C(O)=O)[C@@]([H])(O)[C@]([H])(O)[C@@]1([H])OS(O)(=O)=O,COJBCAMFZDFGFK-VCSGLWQLSA-N,O=C([O-])[C@H]1O[C@@H](Oc2ccccc2)[C@H](O)[C@@H](O)[C@@H]1O,ZINC15 : ZINC000004282196,espsim_shape,0.25,zinc15
[H][C@@]1(O)O[C@@]([H])(C(O)=O)[C@@]([H])(O)[C@]([H])(O)[C@@]1([H])OS(O)(=O)=O,COJBCAMFZDFGFK-VCSGLWQLSA-N,CCO[C@@H]1O[C@H](C(=O)[O-])[C@@H](O)[C@H](O)[C@H]1O,ZINC15 : ZINC000005861416,espsim_shape,0.24444444444444444,zinc15
[H][C@@]1(O)O[C@@]([H])(C(O)=O)[C@@]([H])(O)[C@]([H])(O)[C@@]1([H])OS(O)(=O)=O,COJBCAMFZDFGFK-VCSGLWQLSA-N,CCO[C@H]1O[C@@H](C(=O)[O-])[C@H](O)[C@@H](O)[C@@H]1O,ZINC15 : ZINC000253588112,espsim_shape,0.24444444444444444,zinc15
[H][C@@]1(O)O[C@@]([H])(C(O)=O)[C@@]([H])(O)[C@]([H])(O)[C@@]1([H])OS(O)(=O)=O,COJBCAMFZDFGFK-VCSGLWQLSA-N,CCO[C@@H]1O[C@@H](C(=O)[O-])[C@H](O)[C@@H](O)[C@@H]1O,ZINC15 : ZINC000253588111,espsim_shape,0.24444444444444444,zinc15
[H][C@@]1(O)O[C@@]([H])(C(O)=O)[C@@]([H])(O)[C@]([H])(O)[C@@]1([H])OS(O)(=O)=O,COJBCAMFZDFGFK-VCSGLWQLSA-N,O=C([O-])[C@H]1O[C@H](OP(=O)([O-])[O-])[C@H](O)[C@@H](O)[C@@H]1O,ZINC15 : ZINC000004095578,espsim_shape,0.24444444444444444,zinc15
[H][C@@]1(O)O[C@@]([H])(C(O)=O)[C@@]([H])(O)[C@]([H])(O)[C@@]1([H])OS(O)(=O)=O,COJBCAMFZDFGFK-VCSGLWQLSA-N,O=C([O-])[C@H]1O[C@H](OP(=O)([O-])[O-])[C@H](O)[C@@H](O)[C@H]1O,ZINC15 : ZINC000004096292,espsim_shape,0.24444444444444444,zinc15
[H][C@@]1(O)O[C@@]([H])(C(O)=O)[C@@]([H])(O)[C@]([H])(O)[C@@]1([H])OS(O)(=O)=O,COJBCAMFZDFGFK-VCSGLWQLSA-N,CCCO[C@H]1O[C@@H](C(=O)[O-])[C@H](O)[C@@H](O)[C@@H]1O,ZINC15 : ZINC000309233936,espsim_shape,0.2391304347826087,zinc15
[H][C@@]1(O)O[C@@]([H])(C(O)=O)[C@@]([H])(O)[C@]([H])(O)[C@@]1([H])OS(O)(=O)=O,COJBCAMFZDFGFK-VCSGLWQLSA-N,CO[C@@H]1OC[C@@H](O)[C@@H](O)[C@@H]1OS(C)(=O)=O,ZINC15 : ZINC000004994956,espsim_shape,0.2391304347826087,zinc15
[H][C@@]1(O)O[C@@]([H])(C(O)=O)[C@@]([H])(O)[C@]([H])(O)[C@@]1([H])OS(O)(=O)=O,COJBCAMFZDFGFK-VCSGLWQLSA-N,CCCO[C@@H]1O[C@@H](C(=O)[O-])[C@H](O)[C@@H](O)[C@@H]1O,ZINC15 : ZINC000309233930,espsim_shape,0.2391304347826087,zinc15
[H][C@@]1(O)O[C@@]([H])(C(O)=O)[C@@]([H])(O)[C@]([H])(O)[C@@]1([H])OS(O)(=O)=O,COJBCAMFZDFGFK-VCSGLWQLSA-N,CO[C@@H]1OC[C@@H](O)[C@@H](O)[C@H]1OS(C)(=O)=O,ZINC15 : ZINC000004994954,espsim_shape,0.2391304347826087,zinc15
[H][C@@]1(O)O[C@@]([H])(C(O)=O)[C@@]([H])(O)[C@]([H])(O)[C@@]1([H])OS(O)(=O)=O,COJBCAMFZDFGFK-VCSGLWQLSA-N,CO[C@H]1OC[C@@H](O)[C@@H](O)[C@@H]1OS(C)(=O)=O,ZINC15 : ZINC000004994955,espsim_shape,0.2391304347826087,zinc15
[H][C@@]1(O)O[C@@]([H])(C(O)=O)[C@@]([H])(O)[C@]([H])(O)[C@@]1([H])OS(O)(=O)=O,COJBCAMFZDFGFK-VCSGLWQLSA-N,CO[C@H]1OC[C@@H](O)[C@@H](O)[C@H]1OS(C)(=O)=O,ZINC15 : ZINC000004994952,espsim_shape,0.2391304347826087,zinc15
[H][C@@]1(O)O[C@@]([H])(C(O)=O)[C@@]([H])(O)[C@]([H])(O)[C@@]1([H])OS(O)(=O)=O,COJBCAMFZDFGFK-VCSGLWQLSA-N,CO[C@H]1O[C@@H](CO)[C@@H](OC(C)=O)[C@@H](O)[C@H]1O,ZINC15 : ZINC000004721255,espsim_shape,0.22916666666666666,zinc15
[H][C@@]1(O)O[C@@]([H])(C(O)=O)[C@@]([H])(O)[C@]([H])(O)[C@@]1([H])OS(O)(=O)=O,COJBCAMFZDFGFK-VCSGLWQLSA-N,CO[C@H]1O[C@H](CO)[C@@H](OC(C)=O)[C@@H](O)[C@H]1O,ZINC15 : ZINC000004721257,espsim_shape,0.22916666666666666,zinc15
[H][C@@]1(O)O[C@@]([H])(C(O)=O)[C@@]([H])(O)[C@]([H])(O)[C@@]1([H])OS(O)(=O)=O,COJBCAMFZDFGFK-VCSGLWQLSA-N,CO[C@H]1O[C@@H](CO)[C@H](OC(C)=O)[C@@H](O)[C@H]1O,ZINC15 : ZINC000004721256,espsim_shape,0.22916666666666666,zinc15
[H][C@@]1(O)O[C@@]([H])(C(O)=O)[C@@]([H])(O)[C@]([H])(O)[C@@]1([H])OS(O)(=O)=O,COJBCAMFZDFGFK-VCSGLWQLSA-N,CO[C@H]1O[C@H](CO)[C@H](OC(C)=O)[C@@H](O)[C@H]1O,ZINC15 : ZINC000004721258,espsim_shape,0.22916666666666666,zinc15
[H][C@@]1(O)O[C@@]([H])(C(O)=O)[C@@]([H])(O)[C@]([H])(O)[C@@]1([H])OS(O)(=O)=O,COJBCAMFZDFGFK-VCSGLWQLSA-N,O=C([O-])[C@H]1O[C@@H](Sc2ccccc2)[C@H](O)[C@@H](O)[C@@H]1O,ZINC15 : ZINC000013523496,espsim_shape,0.22448979591836735,zinc15
[H][C@@]1(O)O[C@@]([H])(C(O)=O)[C@@]([H])(O)[C@]([H])(O)[C@@]1([H])OS(O)(=O)=O,COJBCAMFZDFGFK-VCSGLWQLSA-N,O=C([O-])[C@H]1O[C@@H](Nc2ccccc2)[C@H](O)[C@@H](O)[C@@H]1O,ZINC15 : ZINC000034148647,espsim_shape,0.22448979591836735,zinc15
[H][C@@]1(O)O[C@@]([H])(C(O)=O)[C@@]([H])(O)[C@]([H])(O)[C@@]1([H])OS(O)(=O)=O,COJBCAMFZDFGFK-VCSGLWQLSA-N,COC(=O)[C@@H]1O[C@@H](SCC[NH3+])[C@@H](O)[C@@H](O)[C@@H]1O,ZINC15 : ZINC000005648685,espsim_shape,0.22,zinc15
[H][C@@]1(O)O[C@@]([H])(C(O)=O)[C@@]([H])(O)[C@]([H])(O)[C@@]1([H])OS(O)(=O)=O,COJBCAMFZDFGFK-VCSGLWQLSA-N,CO[C@@H]1[C@H](O)[C@H](CO)O[C@@H](O)[C@H]1NC(C)=O,ZINC15 : ZINC000245189568,espsim_shape,0.22,zinc15
[H][C@@]1(O)O[C@@]([H])(C(O)=O)[C@@]([H])(O)[C@]([H])(O)[C@@]1([H])OS(O)(=O)=O,COJBCAMFZDFGFK-VCSGLWQLSA-N,CO[C@@H]1[C@@H](O)[C@@H](CO)O[C@H](O)[C@@H]1NC(C)=O,ZINC15 : ZINC000101252788,espsim_shape,0.22,zinc15
[H][C@@]1(O)O[C@@]([H])(C(O)=O)[C@@]([H])(O)[C@]([H])(O)[C@@]1([H])OS(O)(=O)=O,COJBCAMFZDFGFK-VCSGLWQLSA-N,CO[C@H]1[C@H](O)[C@@H](CO)O[C@H](O)[C@H]1NC(C)=O,ZINC15 : ZINC000013900818,espsim_shape,0.22,zinc15
[H][C@@]1(O)O[C@@]([H])(C(O)=O)[C@@]([H])(O)[C@]([H])(O)[C@@]1([H])OS(O)(=O)=O,COJBCAMFZDFGFK-VCSGLWQLSA-N,COC(=O)[C@H]1O[C@@H](SCC[NH3+])[C@@H](O)[C@@H](O)[C@@H]1O,ZINC15 : ZINC000005648683,espsim_shape,0.22,zinc15
[H][C@@]1(O)O[C@@]([H])(C(O)=O)[C@@]([H])(O)[C@]([H])(O)[C@@]1([H])OS(O)(=O)=O,COJBCAMFZDFGFK-VCSGLWQLSA-N,COC(=O)[C@@H]1O[C@@H](SCC[NH3+])[C@@H](O)[C@@H](O)[C@H]1O,ZINC15 : ZINC000005648681,espsim_shape,0.22,zinc15
[H][C@@]1(O)O[C@@]([H])(C(O)=O)[C@@]([H])(O)[C@]([H])(O)[C@@]1([H])OS(O)(=O)=O,COJBCAMFZDFGFK-VCSGLWQLSA-N,CO[C@H]1[C@@H](NC(C)=O)[C@@H](O)O[C@@H](CO)[C@H]1O,ZINC15 : ZINC000013304548,espsim_shape,0.22,zinc15
[H][C@@]1(O)O[C@@]([H])(C(O)=O)[C@@]([H])(O)[C@]([H])(O)[C@@]1([H])OS(O)(=O)=O,COJBCAMFZDFGFK-VCSGLWQLSA-N,CO[C@H]1[C@H](O)[C@H](CO)O[C@H](O)[C@H]1NC(C)=O,ZINC15 : ZINC000013304560,espsim_shape,0.22,zinc15
[H][C@@]1(O)O[C@@]([H])(C(O)=O)[C@@]([H])(O)[C@]([H])(O)[C@@]1([H])OS(O)(=O)=O,COJBCAMFZDFGFK-VCSGLWQLSA-N,CO[C@@H]1[C@H](O)[C@H](CO)O[C@H](O)[C@H]1NC(C)=O,ZINC15 : ZINC000013304552,espsim_shape,0.22,zinc15
[H][C@@]1(O)O[C@@]([H])(C(O)=O)[C@@]([H])(O)[C@]([H])(O)[C@@]1([H])OS(O)(=O)=O,COJBCAMFZDFGFK-VCSGLWQLSA-N,CO[C@H]1[C@@H](O)[C@@H](CO)O[C@H](O)[C@@H]1NC(C)=O,ZINC15 : ZINC000044608174,espsim_shape,0.22,zinc15
[H][C@@]1(O)O[C@@]([H])(C(O)=O)[C@@]([H])(O)[C@]([H])(O)[C@@]1([H])OS(O)(=O)=O,COJBCAMFZDFGFK-VCSGLWQLSA-N,CO[C@H]1[C@@H](O)[C@@H](CO)O[C@@H](O)[C@@H]1NC(C)=O,ZINC15 : ZINC000022046644,espsim_shape,0.22,zinc15
[H][C@@]1(O)O[C@@]([H])(C(O)=O)[C@@]([H])(O)[C@]([H])(O)[C@@]1([H])OS(O)(=O)=O,COJBCAMFZDFGFK-VCSGLWQLSA-N,CO[C@@H]1[C@H](O)[C@@H](CO)O[C@H](O)[C@H]1NC(C)=O,ZINC15 : ZINC000069593250,espsim_shape,0.22,zinc15
[H][C@@]1(O)O[C@@]([H])(C(O)=O)[C@@]([H])(O)[C@]([H])(O)[C@@]1([H])OS(O)(=O)=O,COJBCAMFZDFGFK-VCSGLWQLSA-N,CO[C@@H]1[C@H](O)[C@@H](CO)O[C@@H](O)[C@H]1NC(C)=O,ZINC15 : ZINC000245189567,espsim_shape,0.22,zinc15
[H][C@@]1(O)O[C@@]([H])(C(O)=O)[C@@]([H])(O)[C@]([H])(O)[C@@]1([H])OS(O)(=O)=O,COJBCAMFZDFGFK-VCSGLWQLSA-N,COC(=O)[C@H]1O[C@@H](SCC[NH3+])[C@@H](O)[C@@H](O)[C@H]1O,ZINC15 : ZINC000005648679,espsim_shape,0.22,zinc15
[H][C@@]1(O)O[C@@]([H])(C(O)=O)[C@@]([H])(O)[C@]([H])(O)[C@@]1([H])OS(O)(=O)=O,COJBCAMFZDFGFK-VCSGLWQLSA-N,CO[C@H]1[C@@H](NC(C)=O)[C@H](O)O[C@@H](CO)[C@H]1O,ZINC15 : ZINC000199435382,espsim_shape,0.22,zinc15
[H][C@@]1(O)O[C@@]([H])(C(O)=O)[C@@]([H])(O)[C@]([H])(O)[C@@]1([H])OS(O)(=O)=O,COJBCAMFZDFGFK-VCSGLWQLSA-N,CO[C@@H]1[C@@H](O)[C@@H](CO)O[C@@H](O)[C@@H]1NC(C)=O,ZINC15 : ZINC000022046640,espsim_shape,0.22,zinc15
[H][C@@]1(O)O[C@@]([H])(C(O)=O)[C@@]([H])(O)[C@]([H])(O)[C@@]1([H])OS(O)(=O)=O,COJBCAMFZDFGFK-VCSGLWQLSA-N,CC(C)S[C@@H]1O[C@H](C(=O)[O-])[C@@H](O)[C@H](O)[C@H]1O,ZINC15 : ZINC000036474597,espsim_shape,0.21739130434782608,zinc15
[H][C@@]1(O)O[C@@]([H])(C(O)=O)[C@@]([H])(O)[C@]([H])(O)[C@@]1([H])OS(O)(=O)=O,COJBCAMFZDFGFK-VCSGLWQLSA-N,CC(=O)N[C@@H]1[C@@H](OC(C)=O)[C@H](O)[C@@H](CO)O[C@@H]1O,ZINC15 : ZINC000036450356,espsim_shape,0.21568627450980393,zinc15
[H][C@@]1(O)O[C@@]([H])(C(O)=O)[C@@]([H])(O)[C@]([H])(O)[C@@]1([H])OS(O)(=O)=O,COJBCAMFZDFGFK-VCSGLWQLSA-N,CO[C@@H]1[C@@H](O)[C@@H](O)O[C@H](CO)[C@H]1O,ZINC15 : 3861772,espsim_shape,0.21428571428571427,zinc15
[H][C@@]1(O)O[C@@]([H])(C(O)=O)[C@@]([H])(O)[C@]([H])(O)[C@@]1([H])OS(O)(=O)=O,COJBCAMFZDFGFK-VCSGLWQLSA-N,CO[C@H]1[C@@H](O)[C@@H](O)O[C@@H](CO)[C@H]1O,ZINC15 : 4557017,espsim_shape,0.21428571428571427,zinc15
[H][C@@]1(O)O[C@@]([H])(C(O)=O)[C@@]([H])(O)[C@]([H])(O)[C@@]1([H])OS(O)(=O)=O,COJBCAMFZDFGFK-VCSGLWQLSA-N,CO[C@H]1[C@H](O)[C@@H](O)O[C@@H](CO)[C@H]1O,ZINC15 : 88466289,espsim_shape,0.21428571428571427,zinc15
[H][C@@]1(O)O[C@@]([H])(C(O)=O)[C@@]([H])(O)[C@]([H])(O)[C@@]1([H])OS(O)(=O)=O,COJBCAMFZDFGFK-VCSGLWQLSA-N,CO[C@H]1[C@@H](O)[C@@H](O)O[C@H](CO)[C@H]1O,ZINC15 : 88466287,espsim_shape,0.21428571428571427,zinc15
[H][C@@]1(O)O[C@@]([H])(C(O)=O)[C@@]([H])(O)[C@]([H])(O)[C@@]1([H])OS(O)(=O)=O,COJBCAMFZDFGFK-VCSGLWQLSA-N,CO[C@@H]1[C@@H](O)[C@H](O)O[C@H](CO)[C@H]1O,ZINC15 : 3861773,espsim_shape,0.21428571428571427,zinc15
[H][C@@]1(O)O[C@@]([H])(C(O)=O)[C@@]([H])(O)[C@]([H])(O)[C@@]1([H])OS(O)(=O)=O,COJBCAMFZDFGFK-VCSGLWQLSA-N,O=C([O-])C[C@@H]1O[C@H](O)[C@H](O)[C@H](O)[C@H]1O,ZINC15 : ZINC000257345586,espsim_shape,0.21428571428571427,zinc15
[H][C@@]1(O)O[C@@]([H])(C(O)=O)[C@@]([H])(O)[C@]([H])(O)[C@@]1([H])OS(O)(=O)=O,COJBCAMFZDFGFK-VCSGLWQLSA-N,CO[C@H]1[C@H](O)[C@@H](O)O[C@H](CO)[C@H]1O,ZINC15 : 86863042,espsim_shape,0.21428571428571427,zinc15
[H][C@@]1(O)O[C@@]([H])(C(O)=O)[C@@]([H])(O)[C@]([H])(O)[C@@]1([H])OS(O)(=O)=O,COJBCAMFZDFGFK-VCSGLWQLSA-N,O=C([O-])C[C@H]1O[C@@H](O)[C@@H](O)[C@@H](O)[C@H]1O,ZINC15 : ZINC000004530777,espsim_shape,0.21428571428571427,zinc15
