query_smiles,query_inchikey,smiles,identifier,search_type,score,database
OC(=O)C1CSC(N1)C(O)=O.N[C@@H](CCCNC(N)=N)C(O)=O,LUCWYYXUZVULSK-WCCKRBBISA-N,CN(C(=O)NCCC[C@H](N)C(=O)O)C1CCSC1,ENAMINE-REAL : PV-007060320623,consensus,0.45614035087719296,enamine-real
OC(=O)C1CSC(N1)C(O)=O.N[C@@H](CCCNC(N)=N)C(O)=O,LUCWYYXUZVULSK-WCCKRBBISA-N,CN(C(=O)C(=O)NCCC[C@H](N)C(=O)O)C1CCSC1,ENAMINE-REAL : PV-006829493742,consensus,0.4482758620689655,enamine-real
OC(=O)C1CSC(N1)C(O)=O.N[C@@H](CCCNC(N)=N)C(O)=O,LUCWYYXUZVULSK-WCCKRBBISA-N,N[C@@H](CCCNC(=O)N1CCSC(C(F)(F)F)C1)C(=O)O,ENAMINE-REAL : Z5359033018,consensus,0.4,enamine-real
OC(=O)C1CSC(N1)C(O)=O.N[C@@H](CCCNC(N)=N)C(O)=O,LUCWYYXUZVULSK-WCCKRBBISA-N,N[C@@H](CCCNC(=O)C1CNCC1(F)F)C(=O)O,ENAMINE-REAL : PV-006752878826,consensus,0.39655172413793105,enamine-real
OC(=O)C1CSC(N1)C(O)=O.N[C@@H](CCCNC(N)=N)C(O)=O,LUCWYYXUZVULSK-WCCKRBBISA-N,N[C@@H](CCCNC(=O)C1=CC=C(C2SCCCS2)C=C1)C(=O)O,ENAMINE-REAL : Z2764435073,consensus,0.39344262295081966,enamine-real
OC(=O)C1CSC(N1)C(O)=O.N[C@@H](CCCNC(N)=N)C(O)=O,LUCWYYXUZVULSK-WCCKRBBISA-N,CC1(C)CC(C(=O)NCCC[C@H](N)C(=O)O)CC(C)(C)O1,ENAMINE-REAL : PV-007530965880,consensus,0.38596491228070173,enamine-real
OC(=O)C1CSC(N1)C(O)=O.N[C@@H](CCCNC(N)=N)C(O)=O,LUCWYYXUZVULSK-WCCKRBBISA-N,CC1(C)CC(C(=O)NCCC[C@H](N)C(=O)O)CCO1,ENAMINE-REAL : PV-007250409318,consensus,0.38333333333333336,enamine-real
OC(=O)C1CSC(N1)C(O)=O.N[C@@H](CCCNC(N)=N)C(O)=O,LUCWYYXUZVULSK-WCCKRBBISA-N,C=CCN(CC1CC1)C(=O)NCCC[C@H](N)C(=O)O,ENAMINE-REAL : Z5359031170,consensus,0.38333333333333336,enamine-real
OC(=O)C1CSC(N1)C(O)=O.N[C@@H](CCCNC(N)=N)C(O)=O,LUCWYYXUZVULSK-WCCKRBBISA-N,CC1(C)CCCC(C(=O)NCCC[C@H](N)C(=O)O)O1,ENAMINE-REAL : PV-007018633590,consensus,0.38333333333333336,enamine-real
OC(=O)C1CSC(N1)C(O)=O.N[C@@H](CCCNC(N)=N)C(O)=O,LUCWYYXUZVULSK-WCCKRBBISA-N,CC1(C)CCC(C(=O)NCCC[C@H](N)C(=O)O)CO1,ENAMINE-REAL : PV-006603038559,consensus,0.38333333333333336,enamine-real
OC(=O)C1CSC(N1)C(O)=O.N[C@@H](CCCNC(N)=N)C(O)=O,LUCWYYXUZVULSK-WCCKRBBISA-N,CN1CCN(C)CCN(C(=O)NCCC[C@H](N)C(=O)O)CC1,ENAMINE-REAL : PV-007054942368,consensus,0.38181818181818183,enamine-real
OC(=O)C1CSC(N1)C(O)=O.N[C@@H](CCCNC(N)=N)C(O)=O,LUCWYYXUZVULSK-WCCKRBBISA-N,CCN(CC)CC1CCCCN1C(=O)NCCC[C@H](N)C(=O)O,ENAMINE-REAL : Z5359034565,consensus,0.375,enamine-real
OC(=O)C1CSC(N1)C(O)=O.N[C@@H](CCCNC(N)=N)C(O)=O,LUCWYYXUZVULSK-WCCKRBBISA-N,C[C@@H]1C[C@@H]2CCCC[C@@H]2N1C(=O)NCCC[C@H](N)C(=O)O,ENAMINE-REAL : Z5359035002,consensus,0.3709677419354839,enamine-real
OC(=O)C1CSC(N1)C(O)=O.N[C@@H](CCCNC(N)=N)C(O)=O,LUCWYYXUZVULSK-WCCKRBBISA-N,C[C@@H]1C[C@@H]2CCC[C@@H]2N1C(=O)NCCC[C@H](N)C(=O)O,ENAMINE-REAL : Z5359035000,consensus,0.3709677419354839,enamine-real
OC(=O)C1CSC(N1)C(O)=O.N[C@@H](CCCNC(N)=N)C(O)=O,LUCWYYXUZVULSK-WCCKRBBISA-N,NC1=C(C(=O)NCCC[C@H](N)C(=O)O)SC=C1,ENAMINE-REAL : PV-007002172139,consensus,0.3684210526315789,enamine-real
OC(=O)C1CSC(N1)C(O)=O.N[C@@H](CCCNC(N)=N)C(O)=O,LUCWYYXUZVULSK-WCCKRBBISA-N,CC1=NOC(C(=O)NCCC[C@H](N)C(=O)O)C1,ENAMINE-REAL : PV-004151508885,consensus,0.36666666666666664,enamine-real
OC(=O)C1CSC(N1)C(O)=O.N[C@@H](CCCNC(N)=N)C(O)=O,LUCWYYXUZVULSK-WCCKRBBISA-N,C=CCN(CC1CCCCC1)C(=O)NCCC[C@H](N)C(=O)O,ENAMINE-REAL : Z5359030464,consensus,0.36507936507936506,enamine-real
OC(=O)C1CSC(N1)C(O)=O.N[C@@H](CCCNC(N)=N)C(O)=O,LUCWYYXUZVULSK-WCCKRBBISA-N,CN(C(=O)NCCC[C@H](N)C(=O)O)[C@H]1C[C@H](C2=CC=CC=C2)C1,ENAMINE-REAL : Z5359033871,consensus,0.36507936507936506,enamine-real
OC(=O)C1CSC(N1)C(O)=O.N[C@@H](CCCNC(N)=N)C(O)=O,LUCWYYXUZVULSK-WCCKRBBISA-N,N[C@@H](CCCNC(=O)C1=C(Br)SC(Br)=N1)C(=O)O,ENAMINE-REAL : PV-008626176868,consensus,0.3620689655172414,enamine-real
OC(=O)C1CSC(N1)C(O)=O.N[C@@H](CCCNC(N)=N)C(O)=O,LUCWYYXUZVULSK-WCCKRBBISA-N,CN1CC2CN(C(=O)NCCC[C@H](N)C(=O)O)CCN2C1=O,ENAMINE-REAL : PV-007020161935,consensus,0.359375,enamine-real
OC(=O)C1CSC(N1)C(O)=O.N[C@@H](CCCNC(N)=N)C(O)=O,LUCWYYXUZVULSK-WCCKRBBISA-N,C=CCCC1CCCN1C(=O)NCCC[C@H](N)C(=O)O,ENAMINE-REAL : Z5359033208,consensus,0.359375,enamine-real
OC(=O)C1CSC(N1)C(O)=O.N[C@@H](CCCNC(N)=N)C(O)=O,LUCWYYXUZVULSK-WCCKRBBISA-N,CN(CC1=CC=C(C2CC2)C=C1)C(=O)NCCC[C@H](N)C(=O)O,ENAMINE-REAL : Z5359034227,consensus,0.359375,enamine-real
OC(=O)C1CSC(N1)C(O)=O.N[C@@H](CCCNC(N)=N)C(O)=O,LUCWYYXUZVULSK-WCCKRBBISA-N,CN(C(=O)NCCC[C@H](N)C(=O)O)C1CCN(CC2=CC=CC=C2)C1,ENAMINE-REAL : Z5359031069,consensus,0.3582089552238806,enamine-real
OC(=O)C1CSC(N1)C(O)=O.N[C@@H](CCCNC(N)=N)C(O)=O,LUCWYYXUZVULSK-WCCKRBBISA-N,CC1=CC(C)=CC(C2CCN(C(=O)NCCC[C@H](N)C(=O)O)C2)=C1,ENAMINE-REAL : Z5359031413,consensus,0.35384615384615387,enamine-real
OC(=O)C1CSC(N1)C(O)=O.N[C@@H](CCCNC(N)=N)C(O)=O,LUCWYYXUZVULSK-WCCKRBBISA-N,CC(C1CC1)N(CC1=CC=CC=C1)C(=O)NCCC[C@H](N)C(=O)O,ENAMINE-REAL : Z5359030422,consensus,0.35384615384615387,enamine-real
OC(=O)C1CSC(N1)C(O)=O.N[C@@H](CCCNC(N)=N)C(O)=O,LUCWYYXUZVULSK-WCCKRBBISA-N,CC(C1=CC=CC=C1)C1CCN(C(=O)NCCC[C@H](N)C(=O)O)CC1,ENAMINE-REAL : Z5359033201,consensus,0.35384615384615387,enamine-real
OC(=O)C1CSC(N1)C(O)=O.N[C@@H](CCCNC(N)=N)C(O)=O,LUCWYYXUZVULSK-WCCKRBBISA-N,N[C@@H](CCCNC(=O)[C@@H]1C[C@H]1C1=CSC(Br)=C1)C(=O)O,ENAMINE-REAL : Z3600588391,consensus,0.35384615384615387,enamine-real
OC(=O)C1CSC(N1)C(O)=O.N[C@@H](CCCNC(N)=N)C(O)=O,LUCWYYXUZVULSK-WCCKRBBISA-N,CC1=CC=C(C2CSCCN2C(=O)NCCC[C@H](N)C(=O)O)C=C1,ENAMINE-REAL : Z5359030548,consensus,0.35294117647058826,enamine-real
OC(=O)C1CSC(N1)C(O)=O.N[C@@H](CCCNC(N)=N)C(O)=O,LUCWYYXUZVULSK-WCCKRBBISA-N,CCC(C)/C=C/C(=O)NCCC[C@H](N)C(=O)O,ENAMINE-REAL : Z6096941646,consensus,0.3508771929824561,enamine-real
OC(=O)C1CSC(N1)C(O)=O.N[C@@H](CCCNC(N)=N)C(O)=O,LUCWYYXUZVULSK-WCCKRBBISA-N,CC(C)(C)/C=C/CC(=O)NCCC[C@H](N)C(=O)O,ENAMINE-REAL : Z6096941567,consensus,0.3508771929824561,enamine-real
OC(=O)C1CSC(N1)C(O)=O.N[C@@H](CCCNC(N)=N)C(O)=O,LUCWYYXUZVULSK-WCCKRBBISA-N,CC(C)CC/C=C/C(=O)NCCC[C@H](N)C(=O)O,ENAMINE-REAL : Z6096941710,consensus,0.3508771929824561,enamine-real
OC(=O)C1CSC(N1)C(O)=O.N[C@@H](CCCNC(N)=N)C(O)=O,LUCWYYXUZVULSK-WCCKRBBISA-N,CCC=C(CCC)C(=O)NCCC[C@H](N)C(=O)O,ENAMINE-REAL : Z6096941712,consensus,0.3508771929824561,enamine-real
OC(=O)C1CSC(N1)C(O)=O.N[C@@H](CCCNC(N)=N)C(O)=O,LUCWYYXUZVULSK-WCCKRBBISA-N,CC1=NSC(C(=O)NCCC[C@H](N)C(=O)O)=C1,ENAMINE-REAL : PV-005624578998,consensus,0.35,enamine-real
OC(=O)C1CSC(N1)C(O)=O.N[C@@H](CCCNC(N)=N)C(O)=O,LUCWYYXUZVULSK-WCCKRBBISA-N,CCC1(C2=CC=CC=C2)CN(C(=O)NCCC[C@H](N)C(=O)O)C1,ENAMINE-REAL : Z5359032424,consensus,0.3492063492063492,enamine-real
OC(=O)C1CSC(N1)C(O)=O.N[C@@H](CCCNC(N)=N)C(O)=O,LUCWYYXUZVULSK-WCCKRBBISA-N,CC1=CC=C(CC2CCN(C(=O)NCCC[C@H](N)C(=O)O)CC2)C=C1,ENAMINE-REAL : Z5359031387,consensus,0.3484848484848485,enamine-real
OC(=O)C1CSC(N1)C(O)=O.N[C@@H](CCCNC(N)=N)C(O)=O,LUCWYYXUZVULSK-WCCKRBBISA-N,CC1=CC(C)=CC(C2CCN(C(=O)C(=O)NCCC[C@H](N)C(=O)O)C2)=C1,ENAMINE-REAL : PV-007168160486,consensus,0.3484848484848485,enamine-real
OC(=O)C1CSC(N1)C(O)=O.N[C@@H](CCCNC(N)=N)C(O)=O,LUCWYYXUZVULSK-WCCKRBBISA-N,CC1=CC=C(C2CCCN2C(=O)NCCC[C@H](N)C(=O)O)C=C1,ENAMINE-REAL : Z5359029701,consensus,0.3484848484848485,enamine-real
OC(=O)C1CSC(N1)C(O)=O.N[C@@H](CCCNC(N)=N)C(O)=O,LUCWYYXUZVULSK-WCCKRBBISA-N,CC1=CC(C(=O)NCCC[C@H](N)C(=O)O)=CC(C)=C1O,ENAMINE-REAL : PV-005352544207,consensus,0.3448275862068966,enamine-real
OC(=O)C1CSC(N1)C(O)=O.N[C@@H](CCCNC(N)=N)C(O)=O,LUCWYYXUZVULSK-WCCKRBBISA-N,CC1=NO[C@H](C(=O)NCCC[C@H](N)C(=O)O)[C@H]1C,ENAMINE-REAL : PV-004980800160,consensus,0.3442622950819672,enamine-real
OC(=O)C1CSC(N1)C(O)=O.N[C@@H](CCCNC(N)=N)C(O)=O,LUCWYYXUZVULSK-WCCKRBBISA-N,C=CCCCN(CC)C(=O)NCCC[C@H](N)C(=O)O,ENAMINE-REAL : Z5359033135,consensus,0.3442622950819672,enamine-real
OC(=O)C1CSC(N1)C(O)=O.N[C@@H](CCCNC(N)=N)C(O)=O,LUCWYYXUZVULSK-WCCKRBBISA-N,CC1=C(Br)SC(C(=O)NCCC[C@H](N)C(=O)O)=N1,ENAMINE-REAL : PV-006007076179,consensus,0.3442622950819672,enamine-real
OC(=O)C1CSC(N1)C(O)=O.N[C@@H](CCCNC(N)=N)C(O)=O,LUCWYYXUZVULSK-WCCKRBBISA-N,CC1=NSC(C(=O)NCCC[C@H](N)C(=O)O)=C1Br,ENAMINE-REAL : PV-008065945929,consensus,0.3442622950819672,enamine-real
OC(=O)C1CSC(N1)C(O)=O.N[C@@H](CCCNC(N)=N)C(O)=O,LUCWYYXUZVULSK-WCCKRBBISA-N,CC1(C)CC2=C(C1)SC(C(=O)NCCC[C@H](N)C(=O)O)=C2,ENAMINE-REAL : Z3773957125,consensus,0.34375,enamine-real
OC(=O)C1CSC(N1)C(O)=O.N[C@@H](CCCNC(N)=N)C(O)=O,LUCWYYXUZVULSK-WCCKRBBISA-N,CC1(C)C(CC2=CC=CC=C2)CCN1C(=O)NCCC[C@H](N)C(=O)O,ENAMINE-REAL : Z5359032545,consensus,0.34328358208955223,enamine-real
OC(=O)C1CSC(N1)C(O)=O.N[C@@H](CCCNC(N)=N)C(O)=O,LUCWYYXUZVULSK-WCCKRBBISA-N,CSC[C@@H]1C[C@@H]2CCC[C@@H]2N1C(=O)NCCC[C@H](N)C(=O)O,ENAMINE-REAL : Z5359034998,consensus,0.34328358208955223,enamine-real
OC(=O)C1CSC(N1)C(O)=O.N[C@@H](CCCNC(N)=N)C(O)=O,LUCWYYXUZVULSK-WCCKRBBISA-N,CC1=CC=CC(C)=C1C1CCCN1C(=O)NCCC[C@H](N)C(=O)O,ENAMINE-REAL : Z5359032550,consensus,0.34328358208955223,enamine-real
OC(=O)C1CSC(N1)C(O)=O.N[C@@H](CCCNC(N)=N)C(O)=O,LUCWYYXUZVULSK-WCCKRBBISA-N,CC1=CN2CC(C(=O)NCCC[C@H](N)C(=O)O)CCC2=N1,ENAMINE-REAL : PV-006588945555,consensus,0.34328358208955223,enamine-real
OC(=O)C1CSC(N1)C(O)=O.N[C@@H](CCCNC(N)=N)C(O)=O,LUCWYYXUZVULSK-WCCKRBBISA-N,CC1=CN=C2CCC(C(=O)NCCC[C@H](N)C(=O)O)CN12,ENAMINE-REAL : PV-004548247234,consensus,0.34328358208955223,enamine-real
OC(=O)C1CSC(N1)C(O)=O.N[C@@H](CCCNC(N)=N)C(O)=O,LUCWYYXUZVULSK-WCCKRBBISA-N,CC1=CSC(C2CCCN2C(=O)NCCC[C@H](N)C(=O)O)=N1,ENAMINE-REAL : PV-006975087608,consensus,0.34285714285714286,enamine-real
OC(=O)C1CSC(N1)C(O)=O.N[C@@H](CCCNC(N)=N)C(O)=O,LUCWYYXUZVULSK-WCCKRBBISA-N,CC(C)(C)C1=CC(C(=O)NCCC[C@H](N)C(=O)O)=CS1,ENAMINE-REAL : Z6096941361,consensus,0.3387096774193548,enamine-real
OC(=O)C1CSC(N1)C(O)=O.N[C@@H](CCCNC(N)=N)C(O)=O,LUCWYYXUZVULSK-WCCKRBBISA-N,CN(CC1=C(Br)SC=C1)C(=O)NCCC[C@H](N)C(=O)O,ENAMINE-REAL : Z5359033843,consensus,0.3384615384615385,enamine-real
OC(=O)C1CSC(N1)C(O)=O.N[C@@H](CCCNC(N)=N)C(O)=O,LUCWYYXUZVULSK-WCCKRBBISA-N,CC1=CC=C(C2CCN(C(=O)NCCC[C@H](N)C(=O)O)C2(C)C)C=C1,ENAMINE-REAL : Z5359032945,consensus,0.3382352941176471,enamine-real
OC(=O)C1CSC(N1)C(O)=O.N[C@@H](CCCNC(N)=N)C(O)=O,LUCWYYXUZVULSK-WCCKRBBISA-N,CC1CCN(CC2=CC=CC=C2)CCN1C(=O)NCCC[C@H](N)C(=O)O,ENAMINE-REAL : Z5359033393,consensus,0.3382352941176471,enamine-real
OC(=O)C1CSC(N1)C(O)=O.N[C@@H](CCCNC(N)=N)C(O)=O,LUCWYYXUZVULSK-WCCKRBBISA-N,CN1N=CC=C1C1CCN(C(=O)NCCC[C@H](N)C(=O)O)CC1,ENAMINE-REAL : PV-006744209366,consensus,0.3382352941176471,enamine-real
OC(=O)C1CSC(N1)C(O)=O.N[C@@H](CCCNC(N)=N)C(O)=O,LUCWYYXUZVULSK-WCCKRBBISA-N,CC1=CN2CCCC(C(=O)NCCC[C@H](N)C(=O)O)C2=N1,ENAMINE-REAL : PV-005236465271,consensus,0.3382352941176471,enamine-real
OC(=O)C1CSC(N1)C(O)=O.N[C@@H](CCCNC(N)=N)C(O)=O,LUCWYYXUZVULSK-WCCKRBBISA-N,CN1C=C(C2CSCCN2C(=O)NCCC[C@H](N)C(=O)O)C=N1,ENAMINE-REAL : PV-007054666938,consensus,0.3380281690140845,enamine-real
OC(=O)C1CSC(N1)C(O)=O.N[C@@H](CCCNC(N)=N)C(O)=O,LUCWYYXUZVULSK-WCCKRBBISA-N,N[C@@H](CCCNC(=O)N1CCC(C2=NC(C(F)(F)F)=CS2)CC1)C(=O)O,ENAMINE-REAL : PV-006921226875,consensus,0.3380281690140845,enamine-real
OC(=O)C1CSC(N1)C(O)=O.N[C@@H](CCCNC(N)=N)C(O)=O,LUCWYYXUZVULSK-WCCKRBBISA-N,CO[C@@H]1C[C@@H]2CN(C(=O)NCCC[C@H](N)C(=O)O)CCN2C1,ENAMINE-REAL : PV-007502211080,consensus,0.3333333333333333,enamine-real
OC(=O)C1CSC(N1)C(O)=O.N[C@@H](CCCNC(N)=N)C(O)=O,LUCWYYXUZVULSK-WCCKRBBISA-N,CC(C)C1=CC=C(CC2CCN(C(=O)NCCC[C@H](N)C(=O)O)C2)C=C1,ENAMINE-REAL : Z5359031471,consensus,0.3333333333333333,enamine-real
OC(=O)C1CSC(N1)C(O)=O.N[C@@H](CCCNC(N)=N)C(O)=O,LUCWYYXUZVULSK-WCCKRBBISA-N,CC1=CC=C(CCCC(=O)NCCC[C@H](N)C(=O)O)S1,ENAMINE-REAL : Z2764434397,consensus,0.3333333333333333,enamine-real
OC(=O)C1CSC(N1)C(O)=O.N[C@@H](CCCNC(N)=N)C(O)=O,LUCWYYXUZVULSK-WCCKRBBISA-N,CC1=CC=C(C2CCCN2C(=O)NCCC[C@H](N)C(=O)O)O1,ENAMINE-REAL : PV-006882593473,consensus,0.3333333333333333,enamine-real
OC(=O)C1CSC(N1)C(O)=O.N[C@@H](CCCNC(N)=N)C(O)=O,LUCWYYXUZVULSK-WCCKRBBISA-N,CO[C@@H]1C[C@H]2CN(C(=O)NCCC[C@H](N)C(=O)O)CCN2C1,ENAMINE-REAL : PV-006801937587,consensus,0.3333333333333333,enamine-real
OC(=O)C1CSC(N1)C(O)=O.N[C@@H](CCCNC(N)=N)C(O)=O,LUCWYYXUZVULSK-WCCKRBBISA-N,CC1(C)CC(C2=CC=CC=C2)CN1C(=O)NCCC[C@H](N)C(=O)O,ENAMINE-REAL : Z5359033065,consensus,0.3333333333333333,enamine-real
OC(=O)C1CSC(N1)C(O)=O.N[C@@H](CCCNC(N)=N)C(O)=O,LUCWYYXUZVULSK-WCCKRBBISA-N,CC1=CC=C(C2CCN(C(=O)NCCC[C@H](N)C(=O)O)C2)C(C)=C1,ENAMINE-REAL : Z5359031845,consensus,0.3333333333333333,enamine-real
OC(=O)C1CSC(N1)C(O)=O.N[C@@H](CCCNC(N)=N)C(O)=O,LUCWYYXUZVULSK-WCCKRBBISA-N,CC1=NOC(C(=O)NCCC[C@H](N)C(=O)O)=C1,ENAMINE-REAL : PV-004708842215,consensus,0.3333333333333333,enamine-real
OC(=O)C1CSC(N1)C(O)=O.N[C@@H](CCCNC(N)=N)C(O)=O,LUCWYYXUZVULSK-WCCKRBBISA-N,CC1=CC=C(CC2CCCN(C(=O)NCCC[C@H](N)C(=O)O)C2)C=C1,ENAMINE-REAL : Z5359030142,consensus,0.3333333333333333,enamine-real
OC(=O)C1CSC(N1)C(O)=O.N[C@@H](CCCNC(N)=N)C(O)=O,LUCWYYXUZVULSK-WCCKRBBISA-N,CC(C)C1=CC=C(C2CCCCN2C(=O)NCCC[C@H](N)C(=O)O)C=C1,ENAMINE-REAL : Z5359031243,consensus,0.3333333333333333,enamine-real
OC(=O)C1CSC(N1)C(O)=O.N[C@@H](CCCNC(N)=N)C(O)=O,LUCWYYXUZVULSK-WCCKRBBISA-N,CCC1C2=C(CCN1C(=O)NCCC[C@H](N)C(=O)O)SC=C2,ENAMINE-REAL : Z5359029860,consensus,0.3333333333333333,enamine-real
OC(=O)C1CSC(N1)C(O)=O.N[C@@H](CCCNC(N)=N)C(O)=O,LUCWYYXUZVULSK-WCCKRBBISA-N,CC1=COC(C(=O)NCCC[C@H](N)C(=O)O)=N1,ENAMINE-REAL : PV-006396860464,consensus,0.3333333333333333,enamine-real
OC(=O)C1CSC(N1)C(O)=O.N[C@@H](CCCNC(N)=N)C(O)=O,LUCWYYXUZVULSK-WCCKRBBISA-N,CO[C@H]1C[C@H]2CN(C(=O)NCCC[C@H](N)C(=O)O)CCN2C1,ENAMINE-REAL : PV-006801937586,consensus,0.3333333333333333,enamine-real
OC(=O)C1CSC(N1)C(O)=O.N[C@@H](CCCNC(N)=N)C(O)=O,LUCWYYXUZVULSK-WCCKRBBISA-N,CC1=CC=C(C2CN(C(=O)NCCC[C@H](N)C(=O)O)CCO2)S1,ENAMINE-REAL : PV-006938624371,consensus,0.3333333333333333,enamine-real
OC(=O)C1CSC(N1)C(O)=O.N[C@@H](CCCNC(N)=N)C(O)=O,LUCWYYXUZVULSK-WCCKRBBISA-N,CN1C=C(C2CSCCCN2C(=O)NCCC[C@H](N)C(=O)O)C=N1,ENAMINE-REAL : PV-007013786451,consensus,0.3287671232876712,enamine-real
OC(=O)C1CSC(N1)C(O)=O.N[C@@H](CCCNC(N)=N)C(O)=O,LUCWYYXUZVULSK-WCCKRBBISA-N,CC1=CC=CC(C2CCCN2C(=O)NCCC[C@H](N)C(=O)O)=C1C,ENAMINE-REAL : Z5359030682,consensus,0.32857142857142857,enamine-real
OC(=O)C1CSC(N1)C(O)=O.N[C@@H](CCCNC(N)=N)C(O)=O,LUCWYYXUZVULSK-WCCKRBBISA-N,CC1=CC=CC=C1CC1CCCN1C(=O)NCCC[C@H](N)C(=O)O,ENAMINE-REAL : Z5359033394,consensus,0.32857142857142857,enamine-real
OC(=O)C1CSC(N1)C(O)=O.N[C@@H](CCCNC(N)=N)C(O)=O,LUCWYYXUZVULSK-WCCKRBBISA-N,CC1=CC=C(C)C(C2CCCN2C(=O)NCCC[C@H](N)C(=O)O)=C1,ENAMINE-REAL : Z5359031068,consensus,0.32857142857142857,enamine-real
OC(=O)C1CSC(N1)C(O)=O.N[C@@H](CCCNC(N)=N)C(O)=O,LUCWYYXUZVULSK-WCCKRBBISA-N,CN1CCN(C(=O)NCCC[C@H](N)C(=O)O)CC1C1=CC=CS1,ENAMINE-REAL : PV-007075724514,consensus,0.32857142857142857,enamine-real
OC(=O)C1CSC(N1)C(O)=O.N[C@@H](CCCNC(N)=N)C(O)=O,LUCWYYXUZVULSK-WCCKRBBISA-N,CCC1=CC=C(CN2CCN(C(=O)NCCC[C@H](N)C(=O)O)CC2)S1,ENAMINE-REAL : Z5359030612,consensus,0.3283582089552239,enamine-real
OC(=O)C1CSC(N1)C(O)=O.N[C@@H](CCCNC(N)=N)C(O)=O,LUCWYYXUZVULSK-WCCKRBBISA-N,CC1(C)CC(C2=CC=CC=C2)N(C(=O)NCCC[C@H](N)C(=O)O)C1,ENAMINE-REAL : Z5359033298,consensus,0.3283582089552239,enamine-real
OC(=O)C1CSC(N1)C(O)=O.N[C@@H](CCCNC(N)=N)C(O)=O,LUCWYYXUZVULSK-WCCKRBBISA-N,CN(CC1=CC(Br)=CS1)C(=O)NCCC[C@H](N)C(=O)O,ENAMINE-REAL : Z5359029858,consensus,0.328125,enamine-real
OC(=O)C1CSC(N1)C(O)=O.N[C@@H](CCCNC(N)=N)C(O)=O,LUCWYYXUZVULSK-WCCKRBBISA-N,CC1=CC(CCCC(=O)NCCC[C@H](N)C(=O)O)=C(C)S1,ENAMINE-REAL : Z2764438594,consensus,0.328125,enamine-real
OC(=O)C1CSC(N1)C(O)=O.N[C@@H](CCCNC(N)=N)C(O)=O,LUCWYYXUZVULSK-WCCKRBBISA-N,CC1(C2=CC=CC=C2)CCN(C(=O)NCCC[C@H](N)C(=O)O)CC1,ENAMINE-REAL : Z5359031175,consensus,0.328125,enamine-real
OC(=O)C1CSC(N1)C(O)=O.N[C@@H](CCCNC(N)=N)C(O)=O,LUCWYYXUZVULSK-WCCKRBBISA-N,CN1CC(C)(C(=O)NCCC[C@H](N)C(=O)O)CCC1=O,ENAMINE-REAL : PV-004440149496,consensus,0.328125,enamine-real
OC(=O)C1CSC(N1)C(O)=O.N[C@@H](CCCNC(N)=N)C(O)=O,LUCWYYXUZVULSK-WCCKRBBISA-N,CC1=CC=C(SCC(=O)NCCC[C@H](N)C(=O)O)C=C1,ENAMINE-REAL : Z2764416891,consensus,0.32786885245901637,enamine-real
OC(=O)C1CSC(N1)C(O)=O.N[C@@H](CCCNC(N)=N)C(O)=O,LUCWYYXUZVULSK-WCCKRBBISA-N,CC1=C(C2CCCN2C(=O)NCCC[C@H](N)C(=O)O)C=NN1C,ENAMINE-REAL : PV-006757094556,consensus,0.323943661971831,enamine-real
OC(=O)C1CSC(N1)C(O)=O.N[C@@H](CCCNC(N)=N)C(O)=O,LUCWYYXUZVULSK-WCCKRBBISA-N,CN1C=CN=C1C1CCCCN1C(=O)NCCC[C@H](N)C(=O)O,ENAMINE-REAL : PV-007076303319,consensus,0.323943661971831,enamine-real
OC(=O)C1CSC(N1)C(O)=O.N[C@@H](CCCNC(N)=N)C(O)=O,LUCWYYXUZVULSK-WCCKRBBISA-N,CC1=CC=C([C@H]2C[C@H](C)CCN2C(=O)NCCC[C@H](N)C(=O)O)O1,ENAMINE-REAL : PV-006718292668,consensus,0.323943661971831,enamine-real
OC(=O)C1CSC(N1)C(O)=O.N[C@@H](CCCNC(N)=N)C(O)=O,LUCWYYXUZVULSK-WCCKRBBISA-N,CC1=CC=CC(C2CCCCN2C(=O)NCCC[C@H](N)C(=O)O)=C1,ENAMINE-REAL : Z5359034248,consensus,0.323943661971831,enamine-real
OC(=O)C1CSC(N1)C(O)=O.N[C@@H](CCCNC(N)=N)C(O)=O,LUCWYYXUZVULSK-WCCKRBBISA-N,CC1=CC=C(N(C)C2CCCN(C(=O)NCCC[C@H](N)C(=O)O)C2)C=C1,ENAMINE-REAL : Z5359031431,consensus,0.323943661971831,enamine-real
OC(=O)C1CSC(N1)C(O)=O.N[C@@H](CCCNC(N)=N)C(O)=O,LUCWYYXUZVULSK-WCCKRBBISA-N,CC1=CC=C(C2CCCCCN2C(=O)NCCC[C@H](N)C(=O)O)O1,ENAMINE-REAL : PV-006946929017,consensus,0.323943661971831,enamine-real
OC(=O)C1CSC(N1)C(O)=O.N[C@@H](CCCNC(N)=N)C(O)=O,LUCWYYXUZVULSK-WCCKRBBISA-N,CC1=NN(C)C=C1C1CCCN1C(=O)NCCC[C@H](N)C(=O)O,ENAMINE-REAL : PV-007074632068,consensus,0.323943661971831,enamine-real
OC(=O)C1CSC(N1)C(O)=O.N[C@@H](CCCNC(N)=N)C(O)=O,LUCWYYXUZVULSK-WCCKRBBISA-N,CC1CN(C2=CC=NC=C2)CCN1C(=O)NCCC[C@H](N)C(=O)O,ENAMINE-REAL : PV-006847443356,consensus,0.3235294117647059,enamine-real
OC(=O)C1CSC(N1)C(O)=O.N[C@@H](CCCNC(N)=N)C(O)=O,LUCWYYXUZVULSK-WCCKRBBISA-N,CCC1CN(C2=CC=CC=C2)CCN1C(=O)NCCC[C@H](N)C(=O)O,ENAMINE-REAL : Z5359031463,consensus,0.3235294117647059,enamine-real
OC(=O)C1CSC(N1)C(O)=O.N[C@@H](CCCNC(N)=N)C(O)=O,LUCWYYXUZVULSK-WCCKRBBISA-N,CN1CCN(C(=O)NCCC[C@H](N)C(=O)O)CC1CC1=CC=CC=C1,ENAMINE-REAL : Z5359032029,consensus,0.3235294117647059,enamine-real
OC(=O)C1CSC(N1)C(O)=O.N[C@@H](CCCNC(N)=N)C(O)=O,LUCWYYXUZVULSK-WCCKRBBISA-N,CC1=CC(C)=CC(C2(C(=O)N[C@H](CCCNC(=N)N)C(=O)O)CCC2)=C1,ENAMINE-REAL : Z4322527290,consensus,0.3235294117647059,enamine-real
OC(=O)C1CSC(N1)C(O)=O.N[C@@H](CCCNC(N)=N)C(O)=O,LUCWYYXUZVULSK-WCCKRBBISA-N,CC1=CC(C)=CC(C2(C(=O)NC(CCCNC(=N)N)C(=O)O)CCC2)=C1,ENAMINE-REAL : Z4322527220,consensus,0.3235294117647059,enamine-real
OC(=O)C1CSC(N1)C(O)=O.N[C@@H](CCCNC(N)=N)C(O)=O,LUCWYYXUZVULSK-WCCKRBBISA-N,CN1CCC2=C(C1)SC(C(=O)NCCC[C@H](N)C(=O)O)=N2,ENAMINE-REAL : PV-005085829099,consensus,0.3235294117647059,enamine-real
OC(=O)C1CSC(N1)C(O)=O.N[C@@H](CCCNC(N)=N)C(O)=O,LUCWYYXUZVULSK-WCCKRBBISA-N,CC1CN(CC2=CC=CC=C2)CCN(C(=O)NCCC[C@H](N)C(=O)O)C1,ENAMINE-REAL : Z5359032345,consensus,0.3235294117647059,enamine-real
OC(=O)C1CSC(N1)C(O)=O.N[C@@H](CCCNC(N)=N)C(O)=O,LUCWYYXUZVULSK-WCCKRBBISA-N,CN(CC1=CC=C(Br)S1)C(=O)NCCC[C@H](N)C(=O)O,ENAMINE-REAL : Z5359029585,consensus,0.3230769230769231,enamine-real
OC(=O)C1CSC(N1)C(O)=O.N[C@@H](CCCNC(N)=N)C(O)=O,LUCWYYXUZVULSK-WCCKRBBISA-N,CN(CC1=CSC=C1Br)C(=O)NCCC[C@H](N)C(=O)O,ENAMINE-REAL : Z5359032955,consensus,0.3230769230769231,enamine-real
OC(=O)C1CSC(N1)C(O)=O.N[C@@H](CCCNC(N)=N)C(O)=O,LUCWYYXUZVULSK-WCCKRBBISA-N,CC1=CC=C(CN2CCN(C(=O)NCCC[C@H](N)C(=O)O)CC2)C=C1,ENAMINE-REAL : Z5359034022,consensus,0.3230769230769231,enamine-real
OC(=O)C1CSC(N1)C(O)=O.N[C@@H](CCCNC(N)=N)C(O)=O,LUCWYYXUZVULSK-WCCKRBBISA-N,CN(C(=O)NCCC[C@H](N)C(=O)O)C1CCSC1,ENAMINE-REAL : PV-007060320623,morgan,0.45614035087719296,enamine-real
OC(=O)C1CSC(N1)C(O)=O.N[C@@H](CCCNC(N)=N)C(O)=O,LUCWYYXUZVULSK-WCCKRBBISA-N,CN(C(=O)C(=O)NCCC[C@H](N)C(=O)O)C1CCSC1,ENAMINE-REAL : PV-006829493742,morgan,0.4482758620689655,enamine-real
OC(=O)C1CSC(N1)C(O)=O.N[C@@H](CCCNC(N)=N)C(O)=O,LUCWYYXUZVULSK-WCCKRBBISA-N,N[C@@H](CCCNC(=O)N1CCSC(C(F)(F)F)C1)C(=O)O,ENAMINE-REAL : Z5359033018,morgan,0.4,enamine-real
OC(=O)C1CSC(N1)C(O)=O.N[C@@H](CCCNC(N)=N)C(O)=O,LUCWYYXUZVULSK-WCCKRBBISA-N,N[C@@H](CCCNC(=O)C1CNCC1(F)F)C(=O)O,ENAMINE-REAL : PV-006752878826,morgan,0.39655172413793105,enamine-real
OC(=O)C1CSC(N1)C(O)=O.N[C@@H](CCCNC(N)=N)C(O)=O,LUCWYYXUZVULSK-WCCKRBBISA-N,N[C@@H](CCCNC(=O)C1=CC=C(C2SCCCS2)C=C1)C(=O)O,ENAMINE-REAL : Z2764435073,morgan,0.39344262295081966,enamine-real
OC(=O)C1CSC(N1)C(O)=O.N[C@@H](CCCNC(N)=N)C(O)=O,LUCWYYXUZVULSK-WCCKRBBISA-N,NC1=C(C(=O)NCCC[C@H](N)C(=O)O)SC=C1,ENAMINE-REAL : PV-007002172139,morgan,0.3684210526315789,enamine-real
OC(=O)C1CSC(N1)C(O)=O.N[C@@H](CCCNC(N)=N)C(O)=O,LUCWYYXUZVULSK-WCCKRBBISA-N,CC1=NOC(C(=O)NCCC[C@H](N)C(=O)O)C1,ENAMINE-REAL : PV-004151508885,morgan,0.36666666666666664,enamine-real
OC(=O)C1CSC(N1)C(O)=O.N[C@@H](CCCNC(N)=N)C(O)=O,LUCWYYXUZVULSK-WCCKRBBISA-N,N[C@@H](CCCNC(=O)C1=C(Br)SC(Br)=N1)C(=O)O,ENAMINE-REAL : PV-008626176868,morgan,0.3620689655172414,enamine-real
OC(=O)C1CSC(N1)C(O)=O.N[C@@H](CCCNC(N)=N)C(O)=O,LUCWYYXUZVULSK-WCCKRBBISA-N,N[C@@H](CCCNC(=O)[C@@H]1C[C@H]1C1=CSC(Br)=C1)C(=O)O,ENAMINE-REAL : Z3600588391,morgan,0.35384615384615387,enamine-real
OC(=O)C1CSC(N1)C(O)=O.N[C@@H](CCCNC(N)=N)C(O)=O,LUCWYYXUZVULSK-WCCKRBBISA-N,CC1=NSC(C(=O)NCCC[C@H](N)C(=O)O)=C1,ENAMINE-REAL : PV-005624578998,morgan,0.35,enamine-real
OC(=O)C1CSC(N1)C(O)=O.N[C@@H](CCCNC(N)=N)C(O)=O,LUCWYYXUZVULSK-WCCKRBBISA-N,CC1=NO[C@H](C(=O)NCCC[C@H](N)C(=O)O)[C@H]1C,ENAMINE-REAL : PV-004980800160,morgan,0.3442622950819672,enamine-real
OC(=O)C1CSC(N1)C(O)=O.N[C@@H](CCCNC(N)=N)C(O)=O,LUCWYYXUZVULSK-WCCKRBBISA-N,CC1=C(Br)SC(C(=O)NCCC[C@H](N)C(=O)O)=N1,ENAMINE-REAL : PV-006007076179,morgan,0.3442622950819672,enamine-real
OC(=O)C1CSC(N1)C(O)=O.N[C@@H](CCCNC(N)=N)C(O)=O,LUCWYYXUZVULSK-WCCKRBBISA-N,CC1=NSC(C(=O)NCCC[C@H](N)C(=O)O)=C1Br,ENAMINE-REAL : PV-008065945929,morgan,0.3442622950819672,enamine-real
OC(=O)C1CSC(N1)C(O)=O.N[C@@H](CCCNC(N)=N)C(O)=O,LUCWYYXUZVULSK-WCCKRBBISA-N,N[C@@H](CCCNC(=O)N1CCC(C2=NC(C(F)(F)F)=CS2)CC1)C(=O)O,ENAMINE-REAL : PV-006921226875,morgan,0.3380281690140845,enamine-real
OC(=O)C1CSC(N1)C(O)=O.N[C@@H](CCCNC(N)=N)C(O)=O,LUCWYYXUZVULSK-WCCKRBBISA-N,CC1=COC(C(=O)NCCC[C@H](N)C(=O)O)=N1,ENAMINE-REAL : PV-006396860464,morgan,0.3333333333333333,enamine-real
OC(=O)C1CSC(N1)C(O)=O.N[C@@H](CCCNC(N)=N)C(O)=O,LUCWYYXUZVULSK-WCCKRBBISA-N,CC1=NOC(C(=O)NCCC[C@H](N)C(=O)O)=C1,ENAMINE-REAL : PV-004708842215,morgan,0.3333333333333333,enamine-real
OC(=O)C1CSC(N1)C(O)=O.N[C@@H](CCCNC(N)=N)C(O)=O,LUCWYYXUZVULSK-WCCKRBBISA-N,NC1=CC(C(=O)NCCC[C@H](N)C(=O)O)=CC(F)=C1Br,ENAMINE-REAL : PV-007663193850,morgan,0.3225806451612903,enamine-real
OC(=O)C1CSC(N1)C(O)=O.N[C@@H](CCCNC(N)=N)C(O)=O,LUCWYYXUZVULSK-WCCKRBBISA-N,CN1C=C(Br)C(C(=O)NCCC[C@H](N)C(=O)O)=N1,ENAMINE-REAL : PV-004816183602,morgan,0.31746031746031744,enamine-real
OC(=O)C1CSC(N1)C(O)=O.N[C@@H](CCCNC(N)=N)C(O)=O,LUCWYYXUZVULSK-WCCKRBBISA-N,N=C(N)NCCCCC(=O)N[C@H](C(F)F)C1CC(F)(F)C1,ENAMINE-REAL : Z6382286895,morgan,0.296875,enamine-real
OC(=O)C1CSC(N1)C(O)=O.N[C@@H](CCCNC(N)=N)C(O)=O,LUCWYYXUZVULSK-WCCKRBBISA-N,N=C(N)NCCCCC(=O)N[C@@H](C(F)F)C1CC(F)(F)C1,ENAMINE-REAL : Z6458611651,morgan,0.296875,enamine-real
OC(=O)C1CSC(N1)C(O)=O.N[C@@H](CCCNC(N)=N)C(O)=O,LUCWYYXUZVULSK-WCCKRBBISA-N,O=C(NCCCC[C@H](O)C(=O)O)C1CSCCS1,ENAMINE-REAL : Z6223582767,morgan,0.29508196721311475,enamine-real
OC(=O)C1CSC(N1)C(O)=O.N[C@@H](CCCNC(N)=N)C(O)=O,LUCWYYXUZVULSK-WCCKRBBISA-N,O=C(NCCCC(O)C(=O)O)C1=CC=C(C2SCCS2)C=C1,ENAMINE-REAL : Z5396600737,morgan,0.28125,enamine-real
OC(=O)C1CSC(N1)C(O)=O.N[C@@H](CCCNC(N)=N)C(O)=O,LUCWYYXUZVULSK-WCCKRBBISA-N,O=C(NCCCC(O)C(=O)O)C1=CSC(=O)N1,ENAMINE-REAL : PV-006815156104,morgan,0.2786885245901639,enamine-real
OC(=O)C1CSC(N1)C(O)=O.N[C@@H](CCCNC(N)=N)C(O)=O,LUCWYYXUZVULSK-WCCKRBBISA-N,O=C(NCCCC(O)C(=O)O)C1=CSC(C2CC2)=N1,ENAMINE-REAL : Z5112005734,morgan,0.2727272727272727,enamine-real
OC(=O)C1CSC(N1)C(O)=O.N[C@@H](CCCNC(N)=N)C(O)=O,LUCWYYXUZVULSK-WCCKRBBISA-N,O=C(NCCCC(O)C(=O)O)C1=CN=C(C2CC2)S1,ENAMINE-REAL : Z5396599470,morgan,0.2727272727272727,enamine-real
OC(=O)C1CSC(N1)C(O)=O.N[C@@H](CCCNC(N)=N)C(O)=O,LUCWYYXUZVULSK-WCCKRBBISA-N,O=C(NCCCC(O)C(=O)O)C1=CC=C(C2SCCCS2)C=C1,ENAMINE-REAL : Z5396602872,morgan,0.2727272727272727,enamine-real
OC(=O)C1CSC(N1)C(O)=O.N[C@@H](CCCNC(N)=N)C(O)=O,LUCWYYXUZVULSK-WCCKRBBISA-N,NC(=[NH2+])NCCC[C@@H](N)C(=O)N1CCC[C@H]1C(=O)N1CCC[C@@H]1C(=O)N[C@@H](CCCNC(N)=[NH2+])C(=O)[O-],ZINC15 : ZINC000005706436,morgan,0.2702702702702703,zinc15
OC(=O)C1CSC(N1)C(O)=O.N[C@@H](CCCNC(N)=N)C(O)=O,LUCWYYXUZVULSK-WCCKRBBISA-N,O=C(NCCCC(O)C(=O)O)C1=C(Br)SC(C2CC2)=N1,ENAMINE-REAL : Z5396606830,morgan,0.26865671641791045,enamine-real
OC(=O)C1CSC(N1)C(O)=O.N[C@@H](CCCNC(N)=N)C(O)=O,LUCWYYXUZVULSK-WCCKRBBISA-N,CN[C@H](CCCNC(=O)C1=C(C2CC2)SC(Br)=N1)C(=O)O,ENAMINE-REAL : Z6223652255,morgan,0.2647058823529412,enamine-real
OC(=O)C1CSC(N1)C(O)=O.N[C@@H](CCCNC(N)=N)C(O)=O,LUCWYYXUZVULSK-WCCKRBBISA-N,CC1=C(C(=O)NCCCC(O)C(=O)O)SC(C2CCCC2)=N1,ENAMINE-REAL : Z5396602759,morgan,0.2608695652173913,enamine-real
OC(=O)C1CSC(N1)C(O)=O.N[C@@H](CCCNC(N)=N)C(O)=O,LUCWYYXUZVULSK-WCCKRBBISA-N,O=C(NCCCC(O)C(=O)O)C1=CCCS1,ENAMINE-REAL : PV-008831311432,morgan,0.25806451612903225,enamine-real
OC(=O)C1CSC(N1)C(O)=O.N[C@@H](CCCNC(N)=N)C(O)=O,LUCWYYXUZVULSK-WCCKRBBISA-N,CC(C)C(=O)NCCC[C@@H](C)NC(=O)[C@H]1CCS(=O)(=O)N1,ZINC15 : ZINC001510030212,morgan,0.25757575757575757,zinc15
OC(=O)C1CSC(N1)C(O)=O.N[C@@H](CCCNC(N)=N)C(O)=O,LUCWYYXUZVULSK-WCCKRBBISA-N,CC(C)C(=O)NCCC[C@@H](C)NC(=O)[C@@H]1CCS(=O)(=O)N1,ZINC15 : ZINC001510030216,morgan,0.25757575757575757,zinc15
OC(=O)C1CSC(N1)C(O)=O.N[C@@H](CCCNC(N)=N)C(O)=O,LUCWYYXUZVULSK-WCCKRBBISA-N,CC(C)C(=O)NCCC[C@H](C)NC(=O)[C@H]1CCS(=O)(=O)N1,ZINC15 : ZINC001510030223,morgan,0.25757575757575757,zinc15
OC(=O)C1CSC(N1)C(O)=O.N[C@@H](CCCNC(N)=N)C(O)=O,LUCWYYXUZVULSK-WCCKRBBISA-N,CC(C)C(=O)NCCC[C@H](C)NC(=O)[C@@H]1CCS(=O)(=O)N1,ZINC15 : ZINC001510030221,morgan,0.25757575757575757,zinc15
OC(=O)C1CSC(N1)C(O)=O.N[C@@H](CCCNC(N)=N)C(O)=O,LUCWYYXUZVULSK-WCCKRBBISA-N,C[C@H](CCCNC(=O)C(F)F)NC(=O)[C@H]1CC[C@@H](C(N)=O)O1,ZINC15 : ZINC001280872312,morgan,0.2537313432835821,zinc15
OC(=O)C1CSC(N1)C(O)=O.N[C@@H](CCCNC(N)=N)C(O)=O,LUCWYYXUZVULSK-WCCKRBBISA-N,C[C@@H](CCCNC(=O)C(F)F)NC(=O)[C@H]1CC[C@@H](C(N)=O)O1,ZINC15 : ZINC001280872314,morgan,0.2537313432835821,zinc15
OC(=O)C1CSC(N1)C(O)=O.N[C@@H](CCCNC(N)=N)C(O)=O,LUCWYYXUZVULSK-WCCKRBBISA-N,CCCC(=O)NCCC[C@H](C)NC(=O)[C@H]1CC[C@@H](C(N)=O)O1,ZINC15 : ZINC001287330463,morgan,0.25,zinc15
OC(=O)C1CSC(N1)C(O)=O.N[C@@H](CCCNC(N)=N)C(O)=O,LUCWYYXUZVULSK-WCCKRBBISA-N,CCC(=O)N1CC[C@H](C(=O)NCCC[C@H](C)NC(=O)C(N)=O)C1,ZINC15 : ZINC001280864825,morgan,0.25,zinc15
OC(=O)C1CSC(N1)C(O)=O.N[C@@H](CCCNC(N)=N)C(O)=O,LUCWYYXUZVULSK-WCCKRBBISA-N,CCC(=O)N1CC[C@@H](C(=O)NCCC[C@@H](C)NC(=O)C(N)=O)C1,ZINC15 : ZINC001280864823,morgan,0.25,zinc15
OC(=O)C1CSC(N1)C(O)=O.N[C@@H](CCCNC(N)=N)C(O)=O,LUCWYYXUZVULSK-WCCKRBBISA-N,CCCC(=O)NCCC[C@@H](C)NC(=O)[C@H]1CC[C@@H](C(N)=O)O1,ZINC15 : ZINC001287330461,morgan,0.25,zinc15
OC(=O)C1CSC(N1)C(O)=O.N[C@@H](CCCNC(N)=N)C(O)=O,LUCWYYXUZVULSK-WCCKRBBISA-N,O=C(NCCCC[C@H](O)C(=O)O)C1=CN=C(C2CC2)S1,ENAMINE-REAL : Z6223583786,morgan,0.25,enamine-real
OC(=O)C1CSC(N1)C(O)=O.N[C@@H](CCCNC(N)=N)C(O)=O,LUCWYYXUZVULSK-WCCKRBBISA-N,CCC(=O)N1CC[C@@H](C(=O)NCCC[C@H](C)NC(=O)C(N)=O)C1,ZINC15 : ZINC001280864826,morgan,0.25,zinc15
OC(=O)C1CSC(N1)C(O)=O.N[C@@H](CCCNC(N)=N)C(O)=O,LUCWYYXUZVULSK-WCCKRBBISA-N,CCC(=O)N1CC[C@H](C(=O)NCCC[C@@H](C)NC(=O)C(N)=O)C1,ZINC15 : ZINC001280864824,morgan,0.25,zinc15
OC(=O)C1CSC(N1)C(O)=O.N[C@@H](CCCNC(N)=N)C(O)=O,LUCWYYXUZVULSK-WCCKRBBISA-N,O=C(NCCCC[C@H](O)C(=O)O)C1=C(C2CC2)SC(Br)=N1,ENAMINE-REAL : Z6223584485,morgan,0.25,enamine-real
OC(=O)C1CSC(N1)C(O)=O.N[C@@H](CCCNC(N)=N)C(O)=O,LUCWYYXUZVULSK-WCCKRBBISA-N,CCCC(=O)NCCC[C@@H](C)NC(=O)[C@@H]1CCS(=O)(=O)N1,ZINC15 : ZINC001510023447,morgan,0.2463768115942029,zinc15
OC(=O)C1CSC(N1)C(O)=O.N[C@@H](CCCNC(N)=N)C(O)=O,LUCWYYXUZVULSK-WCCKRBBISA-N,CCCC(=O)NCCC[C@H](C)NC(=O)[C@H]1CCS(=O)(=O)N1,ZINC15 : ZINC001510023451,morgan,0.2463768115942029,zinc15
OC(=O)C1CSC(N1)C(O)=O.N[C@@H](CCCNC(N)=N)C(O)=O,LUCWYYXUZVULSK-WCCKRBBISA-N,CCCC(=O)NCCC[C@H](C)NC(=O)[C@@H]1CCS(=O)(=O)N1,ZINC15 : ZINC001510023449,morgan,0.2463768115942029,zinc15
OC(=O)C1CSC(N1)C(O)=O.N[C@@H](CCCNC(N)=N)C(O)=O,LUCWYYXUZVULSK-WCCKRBBISA-N,CCCC(=O)NCCC[C@@H](C)NC(=O)[C@H]1CCS(=O)(=O)N1,ZINC15 : ZINC001510023445,morgan,0.2463768115942029,zinc15
OC(=O)C1CSC(N1)C(O)=O.N[C@@H](CCCNC(N)=N)C(O)=O,LUCWYYXUZVULSK-WCCKRBBISA-N,CC1=NOC(C(=O)NCCCC(O)C(=O)O)C1,ENAMINE-REAL : PV-006999481267,morgan,0.24615384615384617,enamine-real
OC(=O)C1CSC(N1)C(O)=O.N[C@@H](CCCNC(N)=N)C(O)=O,LUCWYYXUZVULSK-WCCKRBBISA-N,C=CC(N)C(=O)NCCCC(C)N,ENAMINE-REAL : Z4115424386,morgan,0.24561403508771928,enamine-real
OC(=O)C1CSC(N1)C(O)=O.N[C@@H](CCCNC(N)=N)C(O)=O,LUCWYYXUZVULSK-WCCKRBBISA-N,C[C@@H]([NH2+]CCCNC(=O)[C@H]1CCS(=O)(=O)N1)C(=O)NC(N)=O,ZINC15 : ZINC001176287234,morgan,0.24285714285714285,zinc15
OC(=O)C1CSC(N1)C(O)=O.N[C@@H](CCCNC(N)=N)C(O)=O,LUCWYYXUZVULSK-WCCKRBBISA-N,C[C@H]([NH2+]CCCNC(=O)[C@@H]1CCS(=O)(=O)N1)C(=O)NC(N)=O,ZINC15 : ZINC001176287243,morgan,0.24285714285714285,zinc15
OC(=O)C1CSC(N1)C(O)=O.N[C@@H](CCCNC(N)=N)C(O)=O,LUCWYYXUZVULSK-WCCKRBBISA-N,C[C@H]([NH2+]CCCNC(=O)[C@H]1CCS(=O)(=O)N1)C(=O)NC(N)=O,ZINC15 : ZINC001176287240,morgan,0.24285714285714285,zinc15
OC(=O)C1CSC(N1)C(O)=O.N[C@@H](CCCNC(N)=N)C(O)=O,LUCWYYXUZVULSK-WCCKRBBISA-N,C[C@@H]([NH2+]CCCNC(=O)[C@@H]1CCS(=O)(=O)N1)C(=O)NC(N)=O,ZINC15 : ZINC001176287242,morgan,0.24285714285714285,zinc15
OC(=O)C1CSC(N1)C(O)=O.N[C@@H](CCCNC(N)=N)C(O)=O,LUCWYYXUZVULSK-WCCKRBBISA-N,CC(=O)C1=CC=C(CC(=O)NCCCC(C)C(=O)O)S1,ENAMINE-REAL : Z4581335029,morgan,0.24242424242424243,enamine-real
OC(=O)C1CSC(N1)C(O)=O.N[C@@H](CCCNC(N)=N)C(O)=O,LUCWYYXUZVULSK-WCCKRBBISA-N,O=C(NCCCC(O)C(=O)O)C1=CC=CS1,ENAMINE-REAL : Z5111996131,morgan,0.24193548387096775,enamine-real
OC(=O)C1CSC(N1)C(O)=O.N[C@@H](CCCNC(N)=N)C(O)=O,LUCWYYXUZVULSK-WCCKRBBISA-N,NC(=O)C1=CC=C(C(=O)NCCC(F)C(=O)O)S1,ENAMINE-REAL : PV-002746744644,morgan,0.24193548387096775,enamine-real
OC(=O)C1CSC(N1)C(O)=O.N[C@@H](CCCNC(N)=N)C(O)=O,LUCWYYXUZVULSK-WCCKRBBISA-N,CC1=C(C(=O)NCCCC[C@H](O)C(=O)O)SC(C2CCCC2)=N1,ENAMINE-REAL : Z6223586214,morgan,0.23943661971830985,enamine-real
OC(=O)C1CSC(N1)C(O)=O.N[C@@H](CCCNC(N)=N)C(O)=O,LUCWYYXUZVULSK-WCCKRBBISA-N,O=C(NCCCC(O)C(=O)O)C1=CC(Br)=CS1,ENAMINE-REAL : Z5112001488,morgan,0.23809523809523808,enamine-real
OC(=O)C1CSC(N1)C(O)=O.N[C@@H](CCCNC(N)=N)C(O)=O,LUCWYYXUZVULSK-WCCKRBBISA-N,O=C(NCCCC(O)C(=O)O)C1=C(Br)C(Br)=CS1,ENAMINE-REAL : PV-008043421562,morgan,0.23809523809523808,enamine-real
OC(=O)C1CSC(N1)C(O)=O.N[C@@H](CCCNC(N)=N)C(O)=O,LUCWYYXUZVULSK-WCCKRBBISA-N,O=C(NCCCC(C(=O)O)C(F)(F)F)C1=CSC(C2CCCO2)=N1,ENAMINE-REAL : Z4573716607,morgan,0.23684210526315788,enamine-real
OC(=O)C1CSC(N1)C(O)=O.N[C@@H](CCCNC(N)=N)C(O)=O,LUCWYYXUZVULSK-WCCKRBBISA-N,NC(=O)[C@@H]1CC(C(=O)NCCCC(F)F)=NN1c1ccccc1,ZINC15 : ZINC001333626773,morgan,0.2361111111111111,zinc15
OC(=O)C1CSC(N1)C(O)=O.N[C@@H](CCCNC(N)=N)C(O)=O,LUCWYYXUZVULSK-WCCKRBBISA-N,NC(=O)[C@H]1CC(C(=O)NCCCC(F)F)=NN1c1ccccc1,ZINC15 : ZINC001333626772,morgan,0.2361111111111111,zinc15
OC(=O)C1CSC(N1)C(O)=O.N[C@@H](CCCNC(N)=N)C(O)=O,LUCWYYXUZVULSK-WCCKRBBISA-N,CCC(=O)NCCCC[C@H](C)NC(=O)[C@H]1CC[C@@H](C(N)=O)O1,ZINC15 : ZINC001489154799,morgan,0.23529411764705882,zinc15
OC(=O)C1CSC(N1)C(O)=O.N[C@@H](CCCNC(N)=N)C(O)=O,LUCWYYXUZVULSK-WCCKRBBISA-N,CCC(=O)NCCCC[C@@H](C)NC(=O)[C@H]1CC[C@@H](C(N)=O)O1,ZINC15 : ZINC001489154795,morgan,0.23529411764705882,zinc15
OC(=O)C1CSC(N1)C(O)=O.N[C@@H](CCCNC(N)=N)C(O)=O,LUCWYYXUZVULSK-WCCKRBBISA-N,O=C(NCCCC(O)C(=O)O)C1=C(Br)C=CS1,ENAMINE-REAL : Z5111996461,morgan,0.234375,enamine-real
OC(=O)C1CSC(N1)C(O)=O.N[C@@H](CCCNC(N)=N)C(O)=O,LUCWYYXUZVULSK-WCCKRBBISA-N,O=C(NCCCC(O)C(=O)O)C1=C(Br)SC(Br)=C1,ENAMINE-REAL : PV-008614193432,morgan,0.234375,enamine-real
OC(=O)C1CSC(N1)C(O)=O.N[C@@H](CCCNC(N)=N)C(O)=O,LUCWYYXUZVULSK-WCCKRBBISA-N,O=C(NCCCC(O)C(=O)O)C1=CC(Br)=C(Br)S1,ENAMINE-REAL : PV-007550993112,morgan,0.234375,enamine-real
OC(=O)C1CSC(N1)C(O)=O.N[C@@H](CCCNC(N)=N)C(O)=O,LUCWYYXUZVULSK-WCCKRBBISA-N,O=C(NCCCC(O)C(=O)O)C1=CSC(Br)=C1Br,ENAMINE-REAL : PV-008785841221,morgan,0.234375,enamine-real
OC(=O)C1CSC(N1)C(O)=O.N[C@@H](CCCNC(N)=N)C(O)=O,LUCWYYXUZVULSK-WCCKRBBISA-N,CC1=NSC(C(=O)NCCCC(O)C(=O)O)=N1,ENAMINE-REAL : PV-008107000600,morgan,0.234375,enamine-real
OC(=O)C1CSC(N1)C(O)=O.N[C@@H](CCCNC(N)=N)C(O)=O,LUCWYYXUZVULSK-WCCKRBBISA-N,C[C@@H](CCCNC(=O)[C@@H]1C[C@H]1c1ccsc1)NC(=O)C(N)=O,ZINC15 : ZINC001679462321,morgan,0.2328767123287671,zinc15
OC(=O)C1CSC(N1)C(O)=O.N[C@@H](CCCNC(N)=N)C(O)=O,LUCWYYXUZVULSK-WCCKRBBISA-N,C[C@H](CCCNC(=O)[C@@H]1C[C@H]1c1ccsc1)NC(=O)C(N)=O,ZINC15 : ZINC001679462320,morgan,0.2328767123287671,zinc15
OC(=O)C1CSC(N1)C(O)=O.N[C@@H](CCCNC(N)=N)C(O)=O,LUCWYYXUZVULSK-WCCKRBBISA-N,CN(C)[C@@H](CCCCNC(=O)C(=O)C1=CC=C(Br)S1)C(=O)O,ENAMINE-REAL : Z5074626129,morgan,0.2318840579710145,enamine-real
OC(=O)C1CSC(N1)C(O)=O.N[C@@H](CCCNC(N)=N)C(O)=O,LUCWYYXUZVULSK-WCCKRBBISA-N,O=C(NCCC(C(=O)O)C1=CC=C(F)C=C1)C1CCCS1,ENAMINE-REAL : Z4574637268,morgan,0.2318840579710145,enamine-real
OC(=O)C1CSC(N1)C(O)=O.N[C@@H](CCCNC(N)=N)C(O)=O,LUCWYYXUZVULSK-WCCKRBBISA-N,CC(N)CCCNC(=O)C1=CSC(C(C)N)=N1,ENAMINE-REAL : Z3522932983,morgan,0.23076923076923078,enamine-real
OC(=O)C1CSC(N1)C(O)=O.N[C@@H](CCCNC(N)=N)C(O)=O,LUCWYYXUZVULSK-WCCKRBBISA-N,O=C(NCCCC(O)C(=O)O)C1=C(Cl)C(Br)=CS1,ENAMINE-REAL : PV-008322978514,morgan,0.23076923076923078,enamine-real
OC(=O)C1CSC(N1)C(O)=O.N[C@@H](CCCNC(N)=N)C(O)=O,LUCWYYXUZVULSK-WCCKRBBISA-N,CC(C)CCCNC(=O)C1=CSC(C(N)=O)=N1,ENAMINE-REAL : Z5042953904,morgan,0.23076923076923078,enamine-real
OC(=O)C1CSC(N1)C(O)=O.N[C@@H](CCCNC(N)=N)C(O)=O,LUCWYYXUZVULSK-WCCKRBBISA-N,CC(N)CCCNC(=O)C1=CSC(C(C)C)=N1,ENAMINE-REAL : Z3522929475,morgan,0.23076923076923078,enamine-real
OC(=O)C1CSC(N1)C(O)=O.N[C@@H](CCCNC(N)=N)C(O)=O,LUCWYYXUZVULSK-WCCKRBBISA-N,O=C(NCCC(C(=O)O)C1=CC=C(F)C=C1)C1CSCCS1,ENAMINE-REAL : Z4574637688,morgan,0.22857142857142856,enamine-real
OC(=O)C1CSC(N1)C(O)=O.N[C@@H](CCCNC(N)=N)C(O)=O,LUCWYYXUZVULSK-WCCKRBBISA-N,O=C(NCCC(C(=O)O)C1=CC=C(F)C=C1)C1SCCS1,ENAMINE-REAL : Z4574637172,morgan,0.22727272727272727,enamine-real
OC(=O)C1CSC(N1)C(O)=O.N[C@@H](CCCNC(N)=N)C(O)=O,LUCWYYXUZVULSK-WCCKRBBISA-N,CC[C@@H](O)CCCNC(=O)N[C@@H]1CC[C@H](C(=O)[O-])C1,ZINC15 : ZINC000646175671,morgan,0.22727272727272727,zinc15
OC(=O)C1CSC(N1)C(O)=O.N[C@@H](CCCNC(N)=N)C(O)=O,LUCWYYXUZVULSK-WCCKRBBISA-N,O=C(NCCCC(O)C(=O)O)C1=CSC(Br)=C1Cl,ENAMINE-REAL : PV-008795443813,morgan,0.22727272727272727,enamine-real
OC(=O)C1CSC(N1)C(O)=O.N[C@@H](CCCNC(N)=N)C(O)=O,LUCWYYXUZVULSK-WCCKRBBISA-N,CC[C@H](O)CCCNC(=O)N[C@@H]1CC[C@H](C(=O)[O-])C1,ZINC15 : ZINC000646175670,morgan,0.22727272727272727,zinc15
OC(=O)C1CSC(N1)C(O)=O.N[C@@H](CCCNC(N)=N)C(O)=O,LUCWYYXUZVULSK-WCCKRBBISA-N,O=C(NCCCC(O)C(=O)O)C1=CC(Cl)=C(Br)S1,ENAMINE-REAL : PV-007522674348,morgan,0.22727272727272727,enamine-real
OC(=O)C1CSC(N1)C(O)=O.N[C@@H](CCCNC(N)=N)C(O)=O,LUCWYYXUZVULSK-WCCKRBBISA-N,CC1=C(C(=O)NCCCC(C)C(=O)O)SC(C(C)C)=N1,ENAMINE-REAL : Z4322799676,morgan,0.22727272727272727,enamine-real
OC(=O)C1CSC(N1)C(O)=O.N[C@@H](CCCNC(N)=N)C(O)=O,LUCWYYXUZVULSK-WCCKRBBISA-N,CC1=NOC(C(C)C)=C1C(=O)NCCCC(C)C(=O)O,ENAMINE-REAL : Z1685807435,morgan,0.22727272727272727,enamine-real
OC(=O)C1CSC(N1)C(O)=O.N[C@@H](CCCNC(N)=N)C(O)=O,LUCWYYXUZVULSK-WCCKRBBISA-N,CC[C@@H](O)CCCNC(=O)C1=NN(c2ccccc2)[C@@H](C(N)=O)C1,ZINC15 : ZINC000746011766,morgan,0.22666666666666666,zinc15
OC(=O)C1CSC(N1)C(O)=O.N[C@@H](CCCNC(N)=N)C(O)=O,LUCWYYXUZVULSK-WCCKRBBISA-N,CC[C@@H](O)CCCNC(=O)C1=NN(c2ccccc2)[C@H](C(N)=O)C1,ZINC15 : ZINC000746011765,morgan,0.22666666666666666,zinc15
OC(=O)C1CSC(N1)C(O)=O.N[C@@H](CCCNC(N)=N)C(O)=O,LUCWYYXUZVULSK-WCCKRBBISA-N,CC[C@H](O)CCCNC(=O)C1=NN(c2ccccc2)[C@H](C(N)=O)C1,ZINC15 : ZINC000746011767,morgan,0.22666666666666666,zinc15
OC(=O)C1CSC(N1)C(O)=O.N[C@@H](CCCNC(N)=N)C(O)=O,LUCWYYXUZVULSK-WCCKRBBISA-N,CC[C@H](O)CCCNC(=O)C1=NN(c2ccccc2)[C@@H](C(N)=O)C1,ZINC15 : ZINC000746011764,morgan,0.22666666666666666,zinc15
OC(=O)C1CSC(N1)C(O)=O.N[C@@H](CCCNC(N)=N)C(O)=O,LUCWYYXUZVULSK-WCCKRBBISA-N,CC(=O)C1=NC(C(=O)NCCCC(C)C(=O)O)=CS1,ENAMINE-REAL : Z4581024771,morgan,0.22388059701492538,enamine-real
OC(=O)C1CSC(N1)C(O)=O.N[C@@H](CCCNC(N)=N)C(O)=O,LUCWYYXUZVULSK-WCCKRBBISA-N,CC(CCCNC(=O)C1=C(C(C)C)SC(Cl)=N1)C(=O)O,ENAMINE-REAL : Z4581335288,morgan,0.22388059701492538,enamine-real
OC(=O)C1CSC(N1)C(O)=O.N[C@@H](CCCNC(N)=N)C(O)=O,LUCWYYXUZVULSK-WCCKRBBISA-N,CC(C)C1=NC(C(=O)NCCCC(O)C(=O)O)=CS1,ENAMINE-REAL : Z5112005732,morgan,0.22388059701492538,enamine-real
OC(=O)C1CSC(N1)C(O)=O.N[C@@H](CCCNC(N)=N)C(O)=O,LUCWYYXUZVULSK-WCCKRBBISA-N,CC1=C(C(=O)NCCCC(O)C(=O)O)SC(C(C)C)=N1,ENAMINE-REAL : Z5396599651,morgan,0.22388059701492538,enamine-real
OC(=O)C1CSC(N1)C(O)=O.N[C@@H](CCCNC(N)=N)C(O)=O,LUCWYYXUZVULSK-WCCKRBBISA-N,O=C(NCCC(C(=O)O)C1=CNN=C1C(F)(F)F)C1CCSC1,ENAMINE-REAL : Z4247416886,morgan,0.2236842105263158,enamine-real
OC(=O)C1CSC(N1)C(O)=O.N[C@@H](CCCNC(N)=N)C(O)=O,LUCWYYXUZVULSK-WCCKRBBISA-N,O=C(NCCC(C(=O)O)C1=CNN=C1C(F)(F)F)C1CCCS1,ENAMINE-REAL : Z4247417096,morgan,0.2236842105263158,enamine-real
OC(=O)C1CSC(N1)C(O)=O.N[C@@H](CCCNC(N)=N)C(O)=O,LUCWYYXUZVULSK-WCCKRBBISA-N,O=C(NCCC(F)C(=O)O)C1=CSC(=O)N1,ENAMINE-REAL : Z4247775592,morgan,0.2222222222222222,enamine-real
OC(=O)C1CSC(N1)C(O)=O.N[C@@H](CCCNC(N)=N)C(O)=O,LUCWYYXUZVULSK-WCCKRBBISA-N,O=C(NCCC(C(=O)O)C1=CNN=C1C(F)(F)F)C1CCCCS1,ENAMINE-REAL : Z4247417233,morgan,0.22077922077922077,enamine-real
OC(=O)C1CSC(N1)C(O)=O.N[C@@H](CCCNC(N)=N)C(O)=O,LUCWYYXUZVULSK-WCCKRBBISA-N,O=C(NCCC(C(=O)O)C1=CNN=C1C(F)(F)F)C1CSCCS1,ENAMINE-REAL : Z4247415932,morgan,0.22077922077922077,enamine-real
OC(=O)C1CSC(N1)C(O)=O.N[C@@H](CCCNC(N)=N)C(O)=O,LUCWYYXUZVULSK-WCCKRBBISA-N,NC(=[NH2+])NCCC[C@@H](N)C(=O)NO,ZINC15 : 4507477,espsim_electrostatic,0.32075471698113206,zinc15
OC(=O)C1CSC(N1)C(O)=O.N[C@@H](CCCNC(N)=N)C(O)=O,LUCWYYXUZVULSK-WCCKRBBISA-N,O=C(O)C(CCCNC(C1=CC=CC=C1)C1CC1)C(=O)O,ENAMINE-REAL : Z4314474650,espsim_electrostatic,0.26666666666666666,enamine-real
OC(=O)C1CSC(N1)C(O)=O.N[C@@H](CCCNC(N)=N)C(O)=O,LUCWYYXUZVULSK-WCCKRBBISA-N,CC1CCCC(C)C1NCCCC(C(=O)O)C(=O)O,ENAMINE-REAL : Z4314474834,espsim_electrostatic,0.2631578947368421,enamine-real
OC(=O)C1CSC(N1)C(O)=O.N[C@@H](CCCNC(N)=N)C(O)=O,LUCWYYXUZVULSK-WCCKRBBISA-N,CC(=O)N1CCC[C@@H](NC(=[NH2+])NCCC[C@H](N)C(=O)N[C@@H](Cc2ccccc2)C(N)=O)C1,ZINC15 : ZINC001169598515,espsim_electrostatic,0.25609756097560976,zinc15
OC(=O)C1CSC(N1)C(O)=O.N[C@@H](CCCNC(N)=N)C(O)=O,LUCWYYXUZVULSK-WCCKRBBISA-N,CC(=O)N1CCC[C@H](NC(=[NH2+])NCCC[C@H](N)C(=O)N[C@@H](Cc2ccccc2)C(N)=O)C1,ZINC15 : ZINC001169598514,espsim_electrostatic,0.25609756097560976,zinc15
OC(=O)C1CSC(N1)C(O)=O.N[C@@H](CCCNC(N)=N)C(O)=O,LUCWYYXUZVULSK-WCCKRBBISA-N,O=C(O)C(CCCNC(C1=CC=C(Cl)C=C1)C1CC1)C(=O)O,ENAMINE-REAL : Z4314473443,espsim_electrostatic,0.25396825396825395,enamine-real
OC(=O)C1CSC(N1)C(O)=O.N[C@@H](CCCNC(N)=N)C(O)=O,LUCWYYXUZVULSK-WCCKRBBISA-N,O=C(O)C(CCCNC(C1=CC=C(Br)C=C1)C1CC1)C(=O)O,ENAMINE-REAL : Z5355736053,espsim_electrostatic,0.25396825396825395,enamine-real
OC(=O)C1CSC(N1)C(O)=O.N[C@@H](CCCNC(N)=N)C(O)=O,LUCWYYXUZVULSK-WCCKRBBISA-N,CC1=CN=C(C(NCCCC(C(=O)O)C(=O)O)C2CC2)S1,ENAMINE-REAL : Z4314479981,espsim_electrostatic,0.2537313432835821,enamine-real
OC(=O)C1CSC(N1)C(O)=O.N[C@@H](CCCNC(N)=N)C(O)=O,LUCWYYXUZVULSK-WCCKRBBISA-N,COC(=O)[C@@H](N)CCCNC(=[NH2+])N[C@@H]1CCCN(C(=O)OC(C)(C)C)C1,ZINC15 : ZINC001255898632,espsim_electrostatic,0.25333333333333335,zinc15
OC(=O)C1CSC(N1)C(O)=O.N[C@@H](CCCNC(N)=N)C(O)=O,LUCWYYXUZVULSK-WCCKRBBISA-N,COC(=O)[C@@H](N)CCCNC(=[NH2+])N[C@H]1CCCN(C(=O)OC(C)(C)C)C1,ZINC15 : ZINC001255898637,espsim_electrostatic,0.25333333333333335,zinc15
OC(=O)C1CSC(N1)C(O)=O.N[C@@H](CCCNC(N)=N)C(O)=O,LUCWYYXUZVULSK-WCCKRBBISA-N,COC(=O)[C@H]1CCC[C@@H](NC(=[NH2+])NCCC[C@H](N)C(=O)N[C@@H](Cc2ccccc2)C(N)=O)C1,ZINC15 : ZINC001172610861,espsim_electrostatic,0.25301204819277107,zinc15
OC(=O)C1CSC(N1)C(O)=O.N[C@@H](CCCNC(N)=N)C(O)=O,LUCWYYXUZVULSK-WCCKRBBISA-N,COC(=O)[C@@H]1CCC[C@H](NC(=[NH2+])NCCC[C@H](N)C(=O)N[C@@H](Cc2ccccc2)C(N)=O)C1,ZINC15 : ZINC001172610863,espsim_electrostatic,0.25301204819277107,zinc15
OC(=O)C1CSC(N1)C(O)=O.N[C@@H](CCCNC(N)=N)C(O)=O,LUCWYYXUZVULSK-WCCKRBBISA-N,COC(=O)[C@@H]1CCC[C@@H](NC(=[NH2+])NCCC[C@H](N)C(=O)N[C@@H](Cc2ccccc2)C(N)=O)C1,ZINC15 : ZINC001172610864,espsim_electrostatic,0.25301204819277107,zinc15
OC(=O)C1CSC(N1)C(O)=O.N[C@@H](CCCNC(N)=N)C(O)=O,LUCWYYXUZVULSK-WCCKRBBISA-N,COC(=O)[C@H]1CCC[C@H](NC(=[NH2+])NCCC[C@H](N)C(=O)N[C@@H](Cc2ccccc2)C(N)=O)C1,ZINC15 : ZINC001172610862,espsim_electrostatic,0.25301204819277107,zinc15
OC(=O)C1CSC(N1)C(O)=O.N[C@@H](CCCNC(N)=N)C(O)=O,LUCWYYXUZVULSK-WCCKRBBISA-N,COC(=O)[C@@H](N)CCCC[NH2+][C@H]1CC[C@@H](C(=O)OC)NC1,ZINC15 : ZINC001246202594,espsim_electrostatic,0.25,zinc15
OC(=O)C1CSC(N1)C(O)=O.N[C@@H](CCCNC(N)=N)C(O)=O,LUCWYYXUZVULSK-WCCKRBBISA-N,COC(=O)[C@@H](N)CCCC[NH2+][C@@H]1CC[C@@H](C(=O)OC)NC1,ZINC15 : ZINC001246202596,espsim_electrostatic,0.25,zinc15
OC(=O)C1CSC(N1)C(O)=O.N[C@@H](CCCNC(N)=N)C(O)=O,LUCWYYXUZVULSK-WCCKRBBISA-N,COC(=O)[C@@H]1CCC[C@H](NC(=[NH2+])NCCC[C@H](N)C(=O)N[C@@H](Cc2ccccc2)C(N)=O)CC1,ZINC15 : ZINC001172778032,espsim_electrostatic,0.25,zinc15
OC(=O)C1CSC(N1)C(O)=O.N[C@@H](CCCNC(N)=N)C(O)=O,LUCWYYXUZVULSK-WCCKRBBISA-N,COC(=O)[C@H]1CCC[C@H](NC(=[NH2+])NCCC[C@H](N)C(=O)N[C@@H](Cc2ccccc2)C(N)=O)CC1,ZINC15 : ZINC001172778033,espsim_electrostatic,0.25,zinc15
OC(=O)C1CSC(N1)C(O)=O.N[C@@H](CCCNC(N)=N)C(O)=O,LUCWYYXUZVULSK-WCCKRBBISA-N,CCC1CCCCC1CNCCCC(C(=O)O)C(=O)O,ENAMINE-REAL : Z3838780814,espsim_electrostatic,0.25,enamine-real
OC(=O)C1CSC(N1)C(O)=O.N[C@@H](CCCNC(N)=N)C(O)=O,LUCWYYXUZVULSK-WCCKRBBISA-N,CC1(C)CCCC1NCCCC(C(=O)O)C(=O)O,ENAMINE-REAL : Z4314478430,espsim_electrostatic,0.25,enamine-real
OC(=O)C1CSC(N1)C(O)=O.N[C@@H](CCCNC(N)=N)C(O)=O,LUCWYYXUZVULSK-WCCKRBBISA-N,COC(=O)[C@@H]1CCC[C@@H](NC(=[NH2+])NCCC[C@H](N)C(=O)N[C@@H](Cc2ccccc2)C(N)=O)CC1,ZINC15 : ZINC001172778035,espsim_electrostatic,0.25,zinc15
OC(=O)C1CSC(N1)C(O)=O.N[C@@H](CCCNC(N)=N)C(O)=O,LUCWYYXUZVULSK-WCCKRBBISA-N,COC(=O)[C@H]1CCC[C@@H](NC(=[NH2+])NCCC[C@H](N)C(=O)N[C@@H](Cc2ccccc2)C(N)=O)CC1,ZINC15 : ZINC001172778034,espsim_electrostatic,0.25,zinc15
OC(=O)C1CSC(N1)C(O)=O.N[C@@H](CCCNC(N)=N)C(O)=O,LUCWYYXUZVULSK-WCCKRBBISA-N,O=C(O)C(CCCNC(C1=CC=C(F)C=C1)C1CCC1)C(=O)O,ENAMINE-REAL : Z4314476539,espsim_electrostatic,0.24615384615384617,enamine-real
OC(=O)C1CSC(N1)C(O)=O.N[C@@H](CCCNC(N)=N)C(O)=O,LUCWYYXUZVULSK-WCCKRBBISA-N,CC(C)(CC1CCCCCC1)NCCCC(C(=O)O)C(=O)O,ENAMINE-REAL : Z4314480745,espsim_electrostatic,0.2459016393442623,enamine-real
OC(=O)C1CSC(N1)C(O)=O.N[C@@H](CCCNC(N)=N)C(O)=O,LUCWYYXUZVULSK-WCCKRBBISA-N,NC(=[NH2+])NCCC[C@@H]([NH3+])C(=O)NO,ZINC15 : 4507477,espsim_electrostatic,0.24561403508771928,zinc15
OC(=O)C1CSC(N1)C(O)=O.N[C@@H](CCCNC(N)=N)C(O)=O,LUCWYYXUZVULSK-WCCKRBBISA-N,CC1(C)C[C@H](NC(=[NH2+])NCCC[C@H](N)C(=O)N[C@@H](Cc2ccccc2)C(N)=O)CO1,ZINC15 : ZINC001172279460,espsim_electrostatic,0.24390243902439024,zinc15
OC(=O)C1CSC(N1)C(O)=O.N[C@@H](CCCNC(N)=N)C(O)=O,LUCWYYXUZVULSK-WCCKRBBISA-N,CC1(C)C[C@@H](NC(=[NH2+])NCCC[C@H](N)C(=O)N[C@@H](Cc2ccccc2)C(N)=O)CO1,ZINC15 : ZINC001172279458,espsim_electrostatic,0.24390243902439024,zinc15
OC(=O)C1CSC(N1)C(O)=O.N[C@@H](CCCNC(N)=N)C(O)=O,LUCWYYXUZVULSK-WCCKRBBISA-N,CCOC(=O)C[C@H]1CC[C@H](NC(=[NH2+])NCCC[C@H](N)C(=O)N[C@@H](Cc2ccccc2)C(N)=O)C1,ZINC15 : ZINC001173650504,espsim_electrostatic,0.2413793103448276,zinc15
OC(=O)C1CSC(N1)C(O)=O.N[C@@H](CCCNC(N)=N)C(O)=O,LUCWYYXUZVULSK-WCCKRBBISA-N,CC1CC(C)CC(CNCCCC(C(=O)O)C(=O)O)C1,ENAMINE-REAL : Z3838780628,espsim_electrostatic,0.2413793103448276,enamine-real
OC(=O)C1CSC(N1)C(O)=O.N[C@@H](CCCNC(N)=N)C(O)=O,LUCWYYXUZVULSK-WCCKRBBISA-N,CCOC(=O)C[C@@H]1CC[C@H](NC(=[NH2+])NCCC[C@H](N)C(=O)N[C@@H](Cc2ccccc2)C(N)=O)C1,ZINC15 : ZINC001173650499,espsim_electrostatic,0.2413793103448276,zinc15
OC(=O)C1CSC(N1)C(O)=O.N[C@@H](CCCNC(N)=N)C(O)=O,LUCWYYXUZVULSK-WCCKRBBISA-N,CCOC(=O)C[C@H]1CC[C@@H](NC(=[NH2+])NCCC[C@H](N)C(=O)N[C@@H](Cc2ccccc2)C(N)=O)C1,ZINC15 : ZINC001173650508,espsim_electrostatic,0.2413793103448276,zinc15
OC(=O)C1CSC(N1)C(O)=O.N[C@@H](CCCNC(N)=N)C(O)=O,LUCWYYXUZVULSK-WCCKRBBISA-N,CCOC(=O)C[C@@H]1CC[C@@H](NC(=[NH2+])NCCC[C@H](N)C(=O)N[C@@H](Cc2ccccc2)C(N)=O)C1,ZINC15 : ZINC001173650513,espsim_electrostatic,0.2413793103448276,zinc15
OC(=O)C1CSC(N1)C(O)=O.N[C@@H](CCCNC(N)=N)C(O)=O,LUCWYYXUZVULSK-WCCKRBBISA-N,NC(NCCC[C@H]([NH3+])C(=O)[O-])=[NH+]O,ZINC15 : 4096974,espsim_electrostatic,0.2413793103448276,zinc15
OC(=O)C1CSC(N1)C(O)=O.N[C@@H](CCCNC(N)=N)C(O)=O,LUCWYYXUZVULSK-WCCKRBBISA-N,NC(=O)CC[C@@H](NCC1=CC=C(CC2CC2)S1)C(=O)O,ENAMINE-REAL : Z3255944231,espsim_electrostatic,0.23880597014925373,enamine-real
OC(=O)C1CSC(N1)C(O)=O.N[C@@H](CCCNC(N)=N)C(O)=O,LUCWYYXUZVULSK-WCCKRBBISA-N,NC(=O)CC[C@H](NCC1=CC=C(CC2CC2)S1)C(=O)O,ENAMINE-REAL : Z3255942757,espsim_electrostatic,0.23880597014925373,enamine-real
OC(=O)C1CSC(N1)C(O)=O.N[C@@H](CCCNC(N)=N)C(O)=O,LUCWYYXUZVULSK-WCCKRBBISA-N,COC(=O)[C@@H]([NH3+])CCCNC(=[NH2+])N[C@H]1CC[C@@H](C(=O)OC)NC1,ZINC15 : ZINC001246207450,espsim_electrostatic,0.2361111111111111,zinc15
OC(=O)C1CSC(N1)C(O)=O.N[C@@H](CCCNC(N)=N)C(O)=O,LUCWYYXUZVULSK-WCCKRBBISA-N,COC(=O)[C@@H]([NH3+])CCCNC(=[NH2+])N[C@@H]1CC[C@@H](C(=O)OC)NC1,ZINC15 : ZINC001246207452,espsim_electrostatic,0.2361111111111111,zinc15
OC(=O)C1CSC(N1)C(O)=O.N[C@@H](CCCNC(N)=N)C(O)=O,LUCWYYXUZVULSK-WCCKRBBISA-N,O=C(O)C(CCCNC(C1=CC=CC=N1)C1CCC1)C(=O)O,ENAMINE-REAL : Z4314483713,espsim_electrostatic,0.23529411764705882,enamine-real
OC(=O)C1CSC(N1)C(O)=O.N[C@@H](CCCNC(N)=N)C(O)=O,LUCWYYXUZVULSK-WCCKRBBISA-N,CC[C@H](C)[C@@H](C)NCCCC(C(=O)O)C(=O)O,ENAMINE-REAL : Z4341848663,espsim_electrostatic,0.23214285714285715,enamine-real
OC(=O)C1CSC(N1)C(O)=O.N[C@@H](CCCNC(N)=N)C(O)=O,LUCWYYXUZVULSK-WCCKRBBISA-N,CCC(C)C(C)NCCCC(C(=O)O)C(=O)O,ENAMINE-REAL : Z4314479131,espsim_electrostatic,0.23214285714285715,enamine-real
OC(=O)C1CSC(N1)C(O)=O.N[C@@H](CCCNC(N)=N)C(O)=O,LUCWYYXUZVULSK-WCCKRBBISA-N,CC(C)C1=CN=C(CNCCCC(C(=O)O)C(=O)O)S1,ENAMINE-REAL : Z3496404770,espsim_electrostatic,0.23076923076923078,enamine-real
OC(=O)C1CSC(N1)C(O)=O.N[C@@H](CCCNC(N)=N)C(O)=O,LUCWYYXUZVULSK-WCCKRBBISA-N,CC(C)CCCNCCCC(C(=O)O)C(=O)O,ENAMINE-REAL : Z3838781174,espsim_electrostatic,0.22641509433962265,enamine-real
OC(=O)C1CSC(N1)C(O)=O.N[C@@H](CCCNC(N)=N)C(O)=O,LUCWYYXUZVULSK-WCCKRBBISA-N,CC(C)C(O)C(NCCCC1CCC1)C(=O)O,ENAMINE-REAL : Z6224312734,espsim_electrostatic,0.22580645161290322,enamine-real
OC(=O)C1CSC(N1)C(O)=O.N[C@@H](CCCNC(N)=N)C(O)=O,LUCWYYXUZVULSK-WCCKRBBISA-N,CC(C)C(O)C(NCCCC1CCCC1)C(=O)O,ENAMINE-REAL : Z6224311860,espsim_electrostatic,0.22580645161290322,enamine-real
OC(=O)C1CSC(N1)C(O)=O.N[C@@H](CCCNC(N)=N)C(O)=O,LUCWYYXUZVULSK-WCCKRBBISA-N,CC(C)OC(=O)CC[C@@H](C)NC(=[NH2+])NCCC[C@H](N)C(=O)N[C@@H](Cc1ccccc1)C(N)=O,ZINC15 : ZINC001172751004,espsim_electrostatic,0.2222222222222222,zinc15
OC(=O)C1CSC(N1)C(O)=O.N[C@@H](CCCNC(N)=N)C(O)=O,LUCWYYXUZVULSK-WCCKRBBISA-N,C[C@@H](Cc1ccc(C#N)cc1)NC(=[NH2+])NCCC[C@H](N)C(=O)N[C@@H](Cc1ccccc1)C(N)=O,ZINC15 : ZINC001172310037,espsim_electrostatic,0.2222222222222222,zinc15
OC(=O)C1CSC(N1)C(O)=O.N[C@@H](CCCNC(N)=N)C(O)=O,LUCWYYXUZVULSK-WCCKRBBISA-N,C[C@H](Cc1ccc(C#N)cc1)NC(=[NH2+])NCCC[C@H](N)C(=O)N[C@@H](Cc1ccccc1)C(N)=O,ZINC15 : ZINC001172310042,espsim_electrostatic,0.2222222222222222,zinc15
OC(=O)C1CSC(N1)C(O)=O.N[C@@H](CCCNC(N)=N)C(O)=O,LUCWYYXUZVULSK-WCCKRBBISA-N,CC(C)OC(=O)CC[C@H](C)NC(=[NH2+])NCCC[C@H](N)C(=O)N[C@@H](Cc1ccccc1)C(N)=O,ZINC15 : ZINC001172751005,espsim_electrostatic,0.2222222222222222,zinc15
OC(=O)C1CSC(N1)C(O)=O.N[C@@H](CCCNC(N)=N)C(O)=O,LUCWYYXUZVULSK-WCCKRBBISA-N,COC(=O)c1ccc(C[C@H](C)NC(=[NH2+])NCCC[C@H](N)C(=O)N[C@@H](Cc2ccccc2)C(N)=O)cc1,ZINC15 : ZINC001173724907,espsim_electrostatic,0.2222222222222222,zinc15
OC(=O)C1CSC(N1)C(O)=O.N[C@@H](CCCNC(N)=N)C(O)=O,LUCWYYXUZVULSK-WCCKRBBISA-N,COC(=O)c1ccc(C[C@@H](C)NC(=[NH2+])NCCC[C@H](N)C(=O)N[C@@H](Cc2ccccc2)C(N)=O)cc1,ZINC15 : ZINC001173724910,espsim_electrostatic,0.2222222222222222,zinc15
OC(=O)C1CSC(N1)C(O)=O.N[C@@H](CCCNC(N)=N)C(O)=O,LUCWYYXUZVULSK-WCCKRBBISA-N,O=C(O)CCC[C@@H](NCC1=CC=C(CC2CC2)S1)C(=O)O,ENAMINE-REAL : Z3255945401,espsim_electrostatic,0.22058823529411764,enamine-real
OC(=O)C1CSC(N1)C(O)=O.N[C@@H](CCCNC(N)=N)C(O)=O,LUCWYYXUZVULSK-WCCKRBBISA-N,CC(C)CCCCN[C@H](CC1CC1(F)F)C(=O)O,ENAMINE-REAL : Z6228911790,espsim_electrostatic,0.21875,enamine-real
OC(=O)C1CSC(N1)C(O)=O.N[C@@H](CCCNC(N)=N)C(O)=O,LUCWYYXUZVULSK-WCCKRBBISA-N,CC(C)CCCCN[C@@H](CC1CC1(F)F)C(=O)O,ENAMINE-REAL : Z6228693590,espsim_electrostatic,0.21875,enamine-real
OC(=O)C1CSC(N1)C(O)=O.N[C@@H](CCCNC(N)=N)C(O)=O,LUCWYYXUZVULSK-WCCKRBBISA-N,CC(C)(C)CNCCCC(C(=O)O)C(=O)O,ENAMINE-REAL : Z3496404545,espsim_electrostatic,0.21818181818181817,enamine-real
OC(=O)C1CSC(N1)C(O)=O.N[C@@H](CCCNC(N)=N)C(O)=O,LUCWYYXUZVULSK-WCCKRBBISA-N,O=C(O)CCC[C@@H](NCC1=CN=C(C2CC2)S1)C(=O)O,ENAMINE-REAL : Z2899448489,espsim_electrostatic,0.21428571428571427,enamine-real
OC(=O)C1CSC(N1)C(O)=O.N[C@@H](CCCNC(N)=N)C(O)=O,LUCWYYXUZVULSK-WCCKRBBISA-N,O=C(O)CCC[C@@H](NCC1=C(C2CC2)N=CS1)C(=O)O,ENAMINE-REAL : Z2899448503,espsim_electrostatic,0.21428571428571427,enamine-real
OC(=O)C1CSC(N1)C(O)=O.N[C@@H](CCCNC(N)=N)C(O)=O,LUCWYYXUZVULSK-WCCKRBBISA-N,CC(C)CCCC(C)NC(CC1CC1)C(=O)O,ENAMINE-REAL : Z2897439952,espsim_electrostatic,0.21311475409836064,enamine-real
OC(=O)C1CSC(N1)C(O)=O.N[C@@H](CCCNC(N)=N)C(O)=O,LUCWYYXUZVULSK-WCCKRBBISA-N,CC(C)CCCC(C)N[C@H](CC1CC1)C(=O)O,ENAMINE-REAL : Z3800381748,espsim_electrostatic,0.21311475409836064,enamine-real
OC(=O)C1CSC(N1)C(O)=O.N[C@@H](CCCNC(N)=N)C(O)=O,LUCWYYXUZVULSK-WCCKRBBISA-N,CC1CCN(CCCC(C(=O)O)C(=O)O)CC1O,ENAMINE-REAL : PV-004763748918,espsim_electrostatic,0.21311475409836064,enamine-real
OC(=O)C1CSC(N1)C(O)=O.N[C@@H](CCCNC(N)=N)C(O)=O,LUCWYYXUZVULSK-WCCKRBBISA-N,CCC1=CN=C(CNCCCC(C(=O)O)C(=O)O)S1,ENAMINE-REAL : Z3496404742,espsim_electrostatic,0.21212121212121213,enamine-real
OC(=O)C1CSC(N1)C(O)=O.N[C@@H](CCCNC(N)=N)C(O)=O,LUCWYYXUZVULSK-WCCKRBBISA-N,CCCCC(NCC1CCC(C)(C)CC1)C(O)C(=O)O,ENAMINE-REAL : Z2899452804,espsim_electrostatic,0.21212121212121213,enamine-real
OC(=O)C1CSC(N1)C(O)=O.N[C@@H](CCCNC(N)=N)C(O)=O,LUCWYYXUZVULSK-WCCKRBBISA-N,CC1(C2CC2)CN(CCCC(C(=O)O)C(=O)O)CCO1,ENAMINE-REAL : Z4314461410,espsim_electrostatic,0.21212121212121213,enamine-real
OC(=O)C1CSC(N1)C(O)=O.N[C@@H](CCCNC(N)=N)C(O)=O,LUCWYYXUZVULSK-WCCKRBBISA-N,NC(=O)NCCC[C@@H]([NH3+])C(=O)N1CCC[C@](F)(C[NH3+])CC1,ZINC15 : ZINC001157741104,espsim_electrostatic,0.2112676056338028,zinc15
OC(=O)C1CSC(N1)C(O)=O.N[C@@H](CCCNC(N)=N)C(O)=O,LUCWYYXUZVULSK-WCCKRBBISA-N,NC(=O)NCCC[C@H]([NH3+])C(=O)N1CCC[C@](F)(C[NH3+])CC1,ZINC15 : ZINC001157741101,espsim_electrostatic,0.2112676056338028,zinc15
OC(=O)C1CSC(N1)C(O)=O.N[C@@H](CCCNC(N)=N)C(O)=O,LUCWYYXUZVULSK-WCCKRBBISA-N,COC(=O)C1C[C@@H]2CC([NH2+]CCCC[C@H]([NH3+])C(N)=O)C[C@H](C1)N2,ZINC15 : ZINC001246413036,espsim_electrostatic,0.2112676056338028,zinc15
OC(=O)C1CSC(N1)C(O)=O.N[C@@H](CCCNC(N)=N)C(O)=O,LUCWYYXUZVULSK-WCCKRBBISA-N,NC(=O)NCCC[C@H]([NH3+])C(=O)N1CCC[C@@](F)(C[NH3+])CC1,ZINC15 : ZINC001157741098,espsim_electrostatic,0.2112676056338028,zinc15
OC(=O)C1CSC(N1)C(O)=O.N[C@@H](CCCNC(N)=N)C(O)=O,LUCWYYXUZVULSK-WCCKRBBISA-N,NC(=O)NCCC[C@@H]([NH3+])C(=O)N1CCC[C@@](F)(C[NH3+])CC1,ZINC15 : ZINC001157741102,espsim_electrostatic,0.2112676056338028,zinc15
OC(=O)C1CSC(N1)C(O)=O.N[C@@H](CCCNC(N)=N)C(O)=O,LUCWYYXUZVULSK-WCCKRBBISA-N,COC(=O)[C@@H]1CC[C@H]([NH2+]CCCC[C@H]([NH3+])C(N)=O)CN1,ZINC15 : ZINC001246402875,espsim_electrostatic,0.2112676056338028,zinc15
OC(=O)C1CSC(N1)C(O)=O.N[C@@H](CCCNC(N)=N)C(O)=O,LUCWYYXUZVULSK-WCCKRBBISA-N,COC(=O)[C@@H]1CC[C@@H]([NH2+]CCCC[C@H]([NH3+])C(N)=O)CN1,ZINC15 : ZINC001246402886,espsim_electrostatic,0.2112676056338028,zinc15
OC(=O)C1CSC(N1)C(O)=O.N[C@@H](CCCNC(N)=N)C(O)=O,LUCWYYXUZVULSK-WCCKRBBISA-N,O=C(O)C(CCCNCC1=CC=CC(OC2CC2)=C1F)C(=O)O,ENAMINE-REAL : Z3496404803,espsim_electrostatic,0.2112676056338028,enamine-real
OC(=O)C1CSC(N1)C(O)=O.N[C@@H](CCCNC(N)=N)C(O)=O,LUCWYYXUZVULSK-WCCKRBBISA-N,O=C(O)CC[C@H](NCC1=CC=C(CC2CC2)S1)C(=O)O,ENAMINE-REAL : Z3255942525,espsim_electrostatic,0.208955223880597,enamine-real
OC(=O)C1CSC(N1)C(O)=O.N[C@@H](CCCNC(N)=N)C(O)=O,LUCWYYXUZVULSK-WCCKRBBISA-N,O=C(O)CC[C@@H](NCC1=CC=C(CC2CC2)S1)C(=O)O,ENAMINE-REAL : Z3255943153,espsim_electrostatic,0.208955223880597,enamine-real
OC(=O)C1CSC(N1)C(O)=O.N[C@@H](CCCNC(N)=N)C(O)=O,LUCWYYXUZVULSK-WCCKRBBISA-N,O=C(O)CCC[C@@H](NCC1=CN=C(C2CCC2)S1)C(=O)O,ENAMINE-REAL : Z2899448496,espsim_electrostatic,0.20833333333333334,enamine-real
OC(=O)C1CSC(N1)C(O)=O.N[C@@H](CCCNC(N)=N)C(O)=O,LUCWYYXUZVULSK-WCCKRBBISA-N,COC(=O)[C@@H]1C[C@@H]([NH2+]CCCC[C@H]([NH3+])C(N)=O)CCN1,ZINC15 : ZINC001246420086,espsim_electrostatic,0.20833333333333334,zinc15
OC(=O)C1CSC(N1)C(O)=O.N[C@@H](CCCNC(N)=N)C(O)=O,LUCWYYXUZVULSK-WCCKRBBISA-N,CN[C@H](CCCNCC1=C(C2CC2)OC=N1)C(=O)O,ENAMINE-REAL : Z6229089523,espsim_electrostatic,0.20833333333333334,enamine-real
OC(=O)C1CSC(N1)C(O)=O.N[C@@H](CCCNC(N)=N)C(O)=O,LUCWYYXUZVULSK-WCCKRBBISA-N,COC(=O)[C@@H]1C[C@H]([NH2+]CCCC[C@H]([NH3+])C(N)=O)CCN1,ZINC15 : ZINC001246420087,espsim_electrostatic,0.20833333333333334,zinc15
OC(=O)C1CSC(N1)C(O)=O.N[C@@H](CCCNC(N)=N)C(O)=O,LUCWYYXUZVULSK-WCCKRBBISA-N,CC(C)CC(C)CNCCCC(C(=O)O)C(=O)O,ENAMINE-REAL : Z3838781084,espsim_electrostatic,0.20689655172413793,enamine-real
OC(=O)C1CSC(N1)C(O)=O.N[C@@H](CCCNC(N)=N)C(O)=O,LUCWYYXUZVULSK-WCCKRBBISA-N,CC(C)(C)CNC(CC1CC1)C(=O)O,ENAMINE-REAL : Z2899394402,espsim_electrostatic,0.20689655172413793,enamine-real
OC(=O)C1CSC(N1)C(O)=O.N[C@@H](CCCNC(N)=N)C(O)=O,LUCWYYXUZVULSK-WCCKRBBISA-N,CC(C)(C)CN[C@H](CC1CC1)C(=O)O,ENAMINE-REAL : Z3800381730,espsim_electrostatic,0.20689655172413793,enamine-real
OC(=O)C1CSC(N1)C(O)=O.N[C@@H](CCCNC(N)=N)C(O)=O,LUCWYYXUZVULSK-WCCKRBBISA-N,CC(C)(C)CN[C@@H](CC1CC1)C(=O)O,ENAMINE-REAL : Z2899390857,espsim_electrostatic,0.20689655172413793,enamine-real
OC(=O)C1CSC(N1)C(O)=O.N[C@@H](CCCNC(N)=N)C(O)=O,LUCWYYXUZVULSK-WCCKRBBISA-N,CCCCC1CCN(CCCC(C(=O)O)C(=O)O)C1,ENAMINE-REAL : Z4610837382,espsim_electrostatic,0.20634920634920634,enamine-real
OC(=O)C1CSC(N1)C(O)=O.N[C@@H](CCCNC(N)=N)C(O)=O,LUCWYYXUZVULSK-WCCKRBBISA-N,O=C(O)C(CCCN1CCC(N2C=CC=C2)C1)C(=O)O,ENAMINE-REAL : Z5467401307,espsim_electrostatic,0.20634920634920634,enamine-real
OC(=O)C1CSC(N1)C(O)=O.N[C@@H](CCCNC(N)=N)C(O)=O,LUCWYYXUZVULSK-WCCKRBBISA-N,CC(C)C1CCCN(CCCC(C(=O)O)C(=O)O)CC1,ENAMINE-REAL : Z4314456467,espsim_electrostatic,0.20634920634920634,enamine-real
OC(=O)C1CSC(N1)C(O)=O.N[C@@H](CCCNC(N)=N)C(O)=O,LUCWYYXUZVULSK-WCCKRBBISA-N,CC(C)O[C@@H]1CCN(CCCC(C(=O)O)C(=O)O)C1,ENAMINE-REAL : Z4314479850,espsim_electrostatic,0.20634920634920634,enamine-real
OC(=O)C1CSC(N1)C(O)=O.N[C@@H](CCCNC(N)=N)C(O)=O,LUCWYYXUZVULSK-WCCKRBBISA-N,O=C(O)C(CCCN1CCC(C2=CC=CC=C2)C1)C(=O)O,ENAMINE-REAL : Z4314453456,espsim_electrostatic,0.20634920634920634,enamine-real
OC(=O)C1CSC(N1)C(O)=O.N[C@@H](CCCNC(N)=N)C(O)=O,LUCWYYXUZVULSK-WCCKRBBISA-N,CC(C)C1CC(NCCCC/C=C/C(=O)O)CS1,ENAMINE-REAL : Z6224522241,espsim_electrostatic,0.20588235294117646,enamine-real
OC(=O)C1CSC(N1)C(O)=O.N[C@@H](CCCNC(N)=N)C(O)=O,LUCWYYXUZVULSK-WCCKRBBISA-N,CN(CCCC(C(=O)O)C(=O)O)CCC1CC1,ENAMINE-REAL : Z4314459617,espsim_electrostatic,0.2033898305084746,enamine-real
OC(=O)C1CSC(N1)C(O)=O.N[C@@H](CCCNC(N)=N)C(O)=O,LUCWYYXUZVULSK-WCCKRBBISA-N,CC(C)(C)C1CN(CCCC(C(=O)O)C(=O)O)CCO1,ENAMINE-REAL : Z4314484477,espsim_electrostatic,0.203125,enamine-real
OC(=O)C1CSC(N1)C(O)=O.N[C@@H](CCCNC(N)=N)C(O)=O,LUCWYYXUZVULSK-WCCKRBBISA-N,CC(C)CC(NCCCC(O)C(=O)O)C1=CC=CS1,ENAMINE-REAL : Z4387447705,espsim_electrostatic,0.2028985507246377,enamine-real
OC(=O)C1CSC(N1)C(O)=O.N[C@@H](CCCNC(N)=N)C(O)=O,LUCWYYXUZVULSK-WCCKRBBISA-N,COCCC[NH+]1CCC(NC(=[NH2+])NCCC[C@H]([NH3+])C(=O)OC)CC1,ZINC15 : ZINC001172244644,espsim_electrostatic,0.20270270270270271,zinc15
OC(=O)C1CSC(N1)C(O)=O.N[C@@H](CCCNC(N)=N)C(O)=O,LUCWYYXUZVULSK-WCCKRBBISA-N,CCC1=CN=C(CNCCC[C@@H](NC)C(=O)O)S1,ENAMINE-REAL : Z6229086004,espsim_electrostatic,0.2,enamine-real
OC(=O)C1CSC(N1)C(O)=O.N[C@@H](CCCNC(N)=N)C(O)=O,LUCWYYXUZVULSK-WCCKRBBISA-N,COC(=O)[C@H]1C[C@H]([NH2+]CCCC[C@H]([NH3+])C(N)=O)CN1,ZINC15 : ZINC001246420177,espsim_electrostatic,0.2,zinc15
OC(=O)C1CSC(N1)C(O)=O.N[C@@H](CCCNC(N)=N)C(O)=O,LUCWYYXUZVULSK-WCCKRBBISA-N,CC(C)OC1CCCN(CCCC(C(=O)O)C(=O)O)C1,ENAMINE-REAL : Z4314481045,espsim_electrostatic,0.2,enamine-real
OC(=O)C1CSC(N1)C(O)=O.N[C@@H](CCCNC(N)=N)C(O)=O,LUCWYYXUZVULSK-WCCKRBBISA-N,COC(=O)[C@@H]1C[C@@H]([NH2+]CCCC[C@H]([NH3+])C(N)=O)CN1,ZINC15 : ZINC001246420178,espsim_electrostatic,0.2,zinc15
OC(=O)C1CSC(N1)C(O)=O.N[C@@H](CCCNC(N)=N)C(O)=O,LUCWYYXUZVULSK-WCCKRBBISA-N,COC(=O)[C@@H]1C[C@H]([NH2+]CCCC[C@H]([NH3+])C(N)=O)CN1,ZINC15 : ZINC001246420170,espsim_electrostatic,0.2,zinc15
OC(=O)C1CSC(N1)C(O)=O.N[C@@H](CCCNC(N)=N)C(O)=O,LUCWYYXUZVULSK-WCCKRBBISA-N,COC(=O)[C@H]1C[C@@H]([NH2+]CCCC[C@H]([NH3+])C(N)=O)CN1,ZINC15 : ZINC001246420175,espsim_electrostatic,0.2,zinc15
OC(=O)C1CSC(N1)C(O)=O.N[C@@H](CCCNC(N)=N)C(O)=O,LUCWYYXUZVULSK-WCCKRBBISA-N,CCN(CCCC(C(=O)O)C(=O)O)CC1CC1,ENAMINE-REAL : Z4314456306,espsim_electrostatic,0.2,enamine-real
OC(=O)C1CSC(N1)C(O)=O.N[C@@H](CCCNC(N)=N)C(O)=O,LUCWYYXUZVULSK-WCCKRBBISA-N,CC1(C)[C@@H]2CC[C@@]1(C)CN(CCCC(C(=O)O)C(=O)O)C2,ENAMINE-REAL : Z4314467356,espsim_electrostatic,0.2,enamine-real
OC(=O)C1CSC(N1)C(O)=O.N[C@@H](CCCNC(N)=N)C(O)=O,LUCWYYXUZVULSK-WCCKRBBISA-N,CC(C)CCC1CCCN(CCCC(C(=O)O)C(=O)O)C1,ENAMINE-REAL : Z4314459524,espsim_electrostatic,0.2,enamine-real
OC(=O)C1CSC(N1)C(O)=O.N[C@@H](CCCNC(N)=N)C(O)=O,LUCWYYXUZVULSK-WCCKRBBISA-N,CCOC(=O)N1CCC[C@@H](NC(=[NH2+])NCCC[C@H]([NH3+])C(=O)N[C@@H](Cc2ccccc2)C(N)=O)CC1,ZINC15 : ZINC001169678318,espsim_electrostatic,0.1978021978021978,zinc15
OC(=O)C1CSC(N1)C(O)=O.N[C@@H](CCCNC(N)=N)C(O)=O,LUCWYYXUZVULSK-WCCKRBBISA-N,CC1=CC(C(=O)NCCC[C@H](N)C(=O)O)=CC(C)=C1O,ENAMINE-REAL : PV-005352544207,espsim_shape,0.3448275862068966,enamine-real
OC(=O)C1CSC(N1)C(O)=O.N[C@@H](CCCNC(N)=N)C(O)=O,LUCWYYXUZVULSK-WCCKRBBISA-N,N=C(N)NCCCCC(=O)N1CCC(C2CCNC2)C1,ENAMINE-REAL : PV-007397693706,espsim_shape,0.3230769230769231,enamine-real
OC(=O)C1CSC(N1)C(O)=O.N[C@@H](CCCNC(N)=N)C(O)=O,LUCWYYXUZVULSK-WCCKRBBISA-N,CN1C=C(Br)C(C(=O)NCCC[C@H](N)C(=O)O)=CC1=O,ENAMINE-REAL : PV-004186350637,espsim_shape,0.3076923076923077,enamine-real
OC(=O)C1CSC(N1)C(O)=O.N[C@@H](CCCNC(N)=N)C(O)=O,LUCWYYXUZVULSK-WCCKRBBISA-N,N=C(N)NCCCCC(=O)N1CCC(N2C=NC=N2)C1,ENAMINE-REAL : PV-005289431517,espsim_shape,0.2898550724637681,enamine-real
OC(=O)C1CSC(N1)C(O)=O.N[C@@H](CCCNC(N)=N)C(O)=O,LUCWYYXUZVULSK-WCCKRBBISA-N,N=C(N)NCCCCC(=O)N1CC[C@@H](N2C=CN=N2)C1,ENAMINE-REAL : PV-008602754262,espsim_shape,0.2898550724637681,enamine-real
OC(=O)C1CSC(N1)C(O)=O.N[C@@H](CCCNC(N)=N)C(O)=O,LUCWYYXUZVULSK-WCCKRBBISA-N,N=C(N)NCCCCC(=O)N1CC[C@H](N2C=CN=N2)C1,ENAMINE-REAL : PV-008602754261,espsim_shape,0.2898550724637681,enamine-real
OC(=O)C1CSC(N1)C(O)=O.N[C@@H](CCCNC(N)=N)C(O)=O,LUCWYYXUZVULSK-WCCKRBBISA-N,N=C(N)NCCCCC(=O)N1CCC2(CCC(O)C2)C1,ENAMINE-REAL : PV-008732018420,espsim_shape,0.2835820895522388,enamine-real
OC(=O)C1CSC(N1)C(O)=O.N[C@@H](CCCNC(N)=N)C(O)=O,LUCWYYXUZVULSK-WCCKRBBISA-N,N=C(N)NCCCCC(=O)N1CC(N2N=CC(Br)=N2)C1,ENAMINE-REAL : PV-008910685618,espsim_shape,0.2753623188405797,enamine-real
OC(=O)C1CSC(N1)C(O)=O.N[C@@H](CCCNC(N)=N)C(O)=O,LUCWYYXUZVULSK-WCCKRBBISA-N,N=C(N)NCCCCCC(=O)N1CCOC2(CNC2)C1,ENAMINE-REAL : PV-005021866567,espsim_shape,0.2647058823529412,enamine-real
OC(=O)C1CSC(N1)C(O)=O.N[C@@H](CCCNC(N)=N)C(O)=O,LUCWYYXUZVULSK-WCCKRBBISA-N,N=C(N)NCCCCC(=O)N1CCC2=C(C=C(Br)S2)C1,ENAMINE-REAL : Z4447774203,espsim_shape,0.2571428571428571,enamine-real
OC(=O)C1CSC(N1)C(O)=O.N[C@@H](CCCNC(N)=N)C(O)=O,LUCWYYXUZVULSK-WCCKRBBISA-N,N=C(N)NCCCCC(=O)N1CCC2=C(C=C(Cl)S2)C1,ENAMINE-REAL : Z4447735914,espsim_shape,0.2571428571428571,enamine-real
OC(=O)C1CSC(N1)C(O)=O.N[C@@H](CCCNC(N)=N)C(O)=O,LUCWYYXUZVULSK-WCCKRBBISA-N,N=C(N)NCCCCC(=O)N1CC2=CC=CC(Br)=C2C1,ENAMINE-REAL : Z4448270627,espsim_shape,0.25,enamine-real
OC(=O)C1CSC(N1)C(O)=O.N[C@@H](CCCNC(N)=N)C(O)=O,LUCWYYXUZVULSK-WCCKRBBISA-N,O=C(NCCCC(O)C(=O)O)C1=CN=C2SCCN12,ENAMINE-REAL : PV-008333250941,espsim_shape,0.25,enamine-real
OC(=O)C1CSC(N1)C(O)=O.N[C@@H](CCCNC(N)=N)C(O)=O,LUCWYYXUZVULSK-WCCKRBBISA-N,N=C(N)NCCCCC(=O)N1CCN2N=C(Br)N=C2C1,ENAMINE-REAL : PV-004695134939,espsim_shape,0.24285714285714285,enamine-real
OC(=O)C1CSC(N1)C(O)=O.N[C@@H](CCCNC(N)=N)C(O)=O,LUCWYYXUZVULSK-WCCKRBBISA-N,N=C(N)NCCCCC(=O)N1CCN2C(Br)=CN=C2C1,ENAMINE-REAL : PV-004713125078,espsim_shape,0.23943661971830985,enamine-real
OC(=O)C1CSC(N1)C(O)=O.N[C@@H](CCCNC(N)=N)C(O)=O,LUCWYYXUZVULSK-WCCKRBBISA-N,N=C(N)NCCCCCC(=O)N1CCC2=CC=C(O)N=C21,ENAMINE-REAL : PV-008316077941,espsim_shape,0.23943661971830985,enamine-real
OC(=O)C1CSC(N1)C(O)=O.N[C@@H](CCCNC(N)=N)C(O)=O,LUCWYYXUZVULSK-WCCKRBBISA-N,O=C(NCCCC(O)C(=O)O)C1=NN2CCCOC2=C1Br,ENAMINE-REAL : PV-008774016596,espsim_shape,0.2361111111111111,enamine-real
OC(=O)C1CSC(N1)C(O)=O.N[C@@H](CCCNC(N)=N)C(O)=O,LUCWYYXUZVULSK-WCCKRBBISA-N,N=C(N)NCCCCC(=O)N1CCC2=CC=C(O)C(Br)=C2C1,ENAMINE-REAL : PV-008586543833,espsim_shape,0.2328767123287671,enamine-real
OC(=O)C1CSC(N1)C(O)=O.N[C@@H](CCCNC(N)=N)C(O)=O,LUCWYYXUZVULSK-WCCKRBBISA-N,N=C(N)NCCCCC(=O)N1CCC2=CC=C(Cl)C(F)=C2C1,ENAMINE-REAL : Z4447930248,espsim_shape,0.22972972972972974,enamine-real
OC(=O)C1CSC(N1)C(O)=O.N[C@@H](CCCNC(N)=N)C(O)=O,LUCWYYXUZVULSK-WCCKRBBISA-N,O=C(NCCCC(O)C(=O)O)C1=C(Br)N=C2CCCCN21,ENAMINE-REAL : PV-008834098694,espsim_shape,0.22535211267605634,enamine-real
OC(=O)C1CSC(N1)C(O)=O.N[C@@H](CCCNC(N)=N)C(O)=O,LUCWYYXUZVULSK-WCCKRBBISA-N,CCCCCNC(=O)[C@H](C)O[NH+]=C(N)C1CCCC1,ZINC15 : ZINC000178139295,espsim_shape,0.22388059701492538,zinc15
OC(=O)C1CSC(N1)C(O)=O.N[C@@H](CCCNC(N)=N)C(O)=O,LUCWYYXUZVULSK-WCCKRBBISA-N,CCCCCNC(=O)[C@@H](C)ON=C(N)C1CCCC1,ZINC15 : ZINC000178139282,espsim_shape,0.22388059701492538,zinc15
OC(=O)C1CSC(N1)C(O)=O.N[C@@H](CCCNC(N)=N)C(O)=O,LUCWYYXUZVULSK-WCCKRBBISA-N,CCCCCNC(=O)[C@H](C)ON=C(N)C1CCCC1,ZINC15 : ZINC000178139295,espsim_shape,0.22388059701492538,zinc15
OC(=O)C1CSC(N1)C(O)=O.N[C@@H](CCCNC(N)=N)C(O)=O,LUCWYYXUZVULSK-WCCKRBBISA-N,CCCCCNC(=O)[C@@H](C)O[NH+]=C(N)C1CCCC1,ZINC15 : ZINC000178139282,espsim_shape,0.22388059701492538,zinc15
OC(=O)C1CSC(N1)C(O)=O.N[C@@H](CCCNC(N)=N)C(O)=O,LUCWYYXUZVULSK-WCCKRBBISA-N,CC1COC2=C(C(=O)NCCCC(O)C(=O)O)C=NN2C1,ENAMINE-REAL : PV-007113232590,espsim_shape,0.21621621621621623,enamine-real
OC(=O)C1CSC(N1)C(O)=O.N[C@@H](CCCNC(N)=N)C(O)=O,LUCWYYXUZVULSK-WCCKRBBISA-N,O=C(NCCCC(O)C(=O)O)C1=C2SC=CN2C(Br)=N1,ENAMINE-REAL : PV-008233280287,espsim_shape,0.20833333333333334,enamine-real
OC(=O)C1CSC(N1)C(O)=O.N[C@@H](CCCNC(N)=N)C(O)=O,LUCWYYXUZVULSK-WCCKRBBISA-N,CN1N=C(C(=O)NCCCC(O)C(=O)O)C(I)=C1Cl,ENAMINE-REAL : PV-007253424428,espsim_shape,0.20588235294117646,enamine-real
OC(=O)C1CSC(N1)C(O)=O.N[C@@H](CCCNC(N)=N)C(O)=O,LUCWYYXUZVULSK-WCCKRBBISA-N,CCC1=CC=C(Br)C=C1C(=O)NCCCC(O)C(=O)O,ENAMINE-REAL : Z5396604452,espsim_shape,0.20588235294117646,enamine-real
OC(=O)C1CSC(N1)C(O)=O.N[C@@H](CCCNC(N)=N)C(O)=O,LUCWYYXUZVULSK-WCCKRBBISA-N,CCC1=CC=C(F)C=C1C(=O)NCCCC(O)C(=O)O,ENAMINE-REAL : Z5396604230,espsim_shape,0.20588235294117646,enamine-real
OC(=O)C1CSC(N1)C(O)=O.N[C@@H](CCCNC(N)=N)C(O)=O,LUCWYYXUZVULSK-WCCKRBBISA-N,COC1=C(C(=O)NCCCC[C@H](O)C(=O)O)C=CS1,ENAMINE-REAL : Z6223588991,espsim_shape,0.2028985507246377,enamine-real
OC(=O)C1CSC(N1)C(O)=O.N[C@@H](CCCNC(N)=N)C(O)=O,LUCWYYXUZVULSK-WCCKRBBISA-N,CN1N=C(C(=O)NCCCC(O)C(=O)O)C(Br)=C1Cl,ENAMINE-REAL : PV-007863905828,espsim_shape,0.2028985507246377,enamine-real
OC(=O)C1CSC(N1)C(O)=O.N[C@@H](CCCNC(N)=N)C(O)=O,LUCWYYXUZVULSK-WCCKRBBISA-N,CN1C(=S)N=NC1CCCNC(=O)[C@H]1CSC(=O)N1,ZINC15 : ZINC000294119381,espsim_shape,0.20270270270270271,zinc15
OC(=O)C1CSC(N1)C(O)=O.N[C@@H](CCCNC(N)=N)C(O)=O,LUCWYYXUZVULSK-WCCKRBBISA-N,CN1C(=S)N=NC1CCCNC(=O)[C@@H]1CSC(=O)N1,ZINC15 : ZINC000294119376,espsim_shape,0.20270270270270271,zinc15
OC(=O)C1CSC(N1)C(O)=O.N[C@@H](CCCNC(N)=N)C(O)=O,LUCWYYXUZVULSK-WCCKRBBISA-N,CC1=C(C(=O)NCCCC(O)C(=O)O)N=C(C(F)(F)F)O1,ENAMINE-REAL : PV-006914341096,espsim_shape,0.2,enamine-real
OC(=O)C1CSC(N1)C(O)=O.N[C@@H](CCCNC(N)=N)C(O)=O,LUCWYYXUZVULSK-WCCKRBBISA-N,CN1C=C(Br)C(C(=O)NCCCC(O)C(=O)O)=CC1=O,ENAMINE-REAL : PV-007983808037,espsim_shape,0.2,enamine-real
OC(=O)C1CSC(N1)C(O)=O.N[C@@H](CCCNC(N)=N)C(O)=O,LUCWYYXUZVULSK-WCCKRBBISA-N,N#CCCCCC(N)C(=O)N1CCC(C2=NN=CS2)C1,ENAMINE-REAL : Z4438467111,espsim_shape,0.2,enamine-real
OC(=O)C1CSC(N1)C(O)=O.N[C@@H](CCCNC(N)=N)C(O)=O,LUCWYYXUZVULSK-WCCKRBBISA-N,COC1=CC=C(F)C=C1C(=O)NCCCC(O)C(=O)O,ENAMINE-REAL : Z5396601636,espsim_shape,0.2,enamine-real
OC(=O)C1CSC(N1)C(O)=O.N[C@@H](CCCNC(N)=N)C(O)=O,LUCWYYXUZVULSK-WCCKRBBISA-N,C=CCCCC(N)C(=O)NCC1=C(C)NN=N1,ENAMINE-REAL : Z5632330926,espsim_shape,0.2,enamine-real
OC(=O)C1CSC(N1)C(O)=O.N[C@@H](CCCNC(N)=N)C(O)=O,LUCWYYXUZVULSK-WCCKRBBISA-N,N#CCCCCC(N)C(=O)N1CCC(C2=CN=NN2)C1,ENAMINE-REAL : PV-004352457254,espsim_shape,0.2,enamine-real
OC(=O)C1CSC(N1)C(O)=O.N[C@@H](CCCNC(N)=N)C(O)=O,LUCWYYXUZVULSK-WCCKRBBISA-N,N#CCCCCC(N)C(=O)N1CCC(C2=NN=CN2)C1,ENAMINE-REAL : PV-005624712909,espsim_shape,0.2,enamine-real
OC(=O)C1CSC(N1)C(O)=O.N[C@@H](CCCNC(N)=N)C(O)=O,LUCWYYXUZVULSK-WCCKRBBISA-N,CN1N=NN=C1CCCNC(=O)C12CCC(CC1)N2,ENAMINE-REAL : Z3137438048,espsim_shape,0.19444444444444445,enamine-real
OC(=O)C1CSC(N1)C(O)=O.N[C@@H](CCCNC(N)=N)C(O)=O,LUCWYYXUZVULSK-WCCKRBBISA-N,CC(=O)NCSC[C@H](N)C(=O)N1C[C@@H]2CC[C@@H]([NH3+])[C@@H]2C1,ZINC15 : ZINC001161411853,espsim_shape,0.19444444444444445,zinc15
OC(=O)C1CSC(N1)C(O)=O.N[C@@H](CCCNC(N)=N)C(O)=O,LUCWYYXUZVULSK-WCCKRBBISA-N,CC(=O)NCSC[C@H](N)C(=O)N1C[C@@H]2CC[C@H]([NH3+])[C@H]2C1,ZINC15 : ZINC001161411852,espsim_shape,0.19444444444444445,zinc15
OC(=O)C1CSC(N1)C(O)=O.N[C@@H](CCCNC(N)=N)C(O)=O,LUCWYYXUZVULSK-WCCKRBBISA-N,CC(=O)NCSC[C@H](N)C(=O)N1C[C@@H]2CC[C@@H]([NH3+])[C@H]2C1,ZINC15 : ZINC001161411855,espsim_shape,0.19444444444444445,zinc15
OC(=O)C1CSC(N1)C(O)=O.N[C@@H](CCCNC(N)=N)C(O)=O,LUCWYYXUZVULSK-WCCKRBBISA-N,CC(=O)NCSC[C@H](N)C(=O)N1C[C@@H]2CC[C@H]([NH3+])[C@@H]2C1,ZINC15 : ZINC001161411854,espsim_shape,0.19444444444444445,zinc15
OC(=O)C1CSC(N1)C(O)=O.N[C@@H](CCCNC(N)=N)C(O)=O,LUCWYYXUZVULSK-WCCKRBBISA-N,N#CCCCCC(N)C(=O)N1CCC(N2C=CN=C2)C1,ENAMINE-REAL : Z6370985956,espsim_shape,0.1891891891891892,enamine-real
OC(=O)C1CSC(N1)C(O)=O.N[C@@H](CCCNC(N)=N)C(O)=O,LUCWYYXUZVULSK-WCCKRBBISA-N,N#CCCCCC(N)C(=O)N1CC[C@@H](N2C=CN=N2)C1,ENAMINE-REAL : PV-008122600551,espsim_shape,0.1891891891891892,enamine-real
OC(=O)C1CSC(N1)C(O)=O.N[C@@H](CCCNC(N)=N)C(O)=O,LUCWYYXUZVULSK-WCCKRBBISA-N,N#CCCCCC(N)C(=O)N1CC[C@H](N2C=CN=N2)C1,ENAMINE-REAL : PV-008122600552,espsim_shape,0.1891891891891892,enamine-real
OC(=O)C1CSC(N1)C(O)=O.N[C@@H](CCCNC(N)=N)C(O)=O,LUCWYYXUZVULSK-WCCKRBBISA-N,C=CCCCC(N)C(=O)N1CC(C2=NNC(=O)N2C)C1,ENAMINE-REAL : Z6436617184,espsim_shape,0.1891891891891892,enamine-real
OC(=O)C1CSC(N1)C(O)=O.N[C@@H](CCCNC(N)=N)C(O)=O,LUCWYYXUZVULSK-WCCKRBBISA-N,CN1C(=S)N=NC1CCCNC(=O)[C@@H]1CCC[C@@H](C(N)=O)C1,ZINC15 : ZINC000818199026,espsim_shape,0.18666666666666668,zinc15
OC(=O)C1CSC(N1)C(O)=O.N[C@@H](CCCNC(N)=N)C(O)=O,LUCWYYXUZVULSK-WCCKRBBISA-N,CN1C(=S)N=NC1CCCNC(=O)[C@@H]1CCC[C@H](C(N)=O)C1,ZINC15 : ZINC000818199030,espsim_shape,0.18666666666666668,zinc15
OC(=O)C1CSC(N1)C(O)=O.N[C@@H](CCCNC(N)=N)C(O)=O,LUCWYYXUZVULSK-WCCKRBBISA-N,N#CCCCCC(N)C(=O)N1CCC(C2=NOCC2)C1,ENAMINE-REAL : Z6436193900,espsim_shape,0.18666666666666668,enamine-real
OC(=O)C1CSC(N1)C(O)=O.N[C@@H](CCCNC(N)=N)C(O)=O,LUCWYYXUZVULSK-WCCKRBBISA-N,CC(C)N1C(=S)N=NC1CCNC(=O)[C@H]1CN(C)C(=O)N1,ZINC15 : ZINC000826962955,espsim_shape,0.18666666666666668,zinc15
OC(=O)C1CSC(N1)C(O)=O.N[C@@H](CCCNC(N)=N)C(O)=O,LUCWYYXUZVULSK-WCCKRBBISA-N,CN1C(=S)N=NC1CCCNC(=O)[C@H]1CCC[C@H](C(N)=O)C1,ZINC15 : ZINC000818199028,espsim_shape,0.18666666666666668,zinc15
OC(=O)C1CSC(N1)C(O)=O.N[C@@H](CCCNC(N)=N)C(O)=O,LUCWYYXUZVULSK-WCCKRBBISA-N,CN1C(=S)N=NC1CCCNC(=O)[C@H]1CCC[C@@H](C(N)=O)C1,ZINC15 : ZINC000818199032,espsim_shape,0.18666666666666668,zinc15
OC(=O)C1CSC(N1)C(O)=O.N[C@@H](CCCNC(N)=N)C(O)=O,LUCWYYXUZVULSK-WCCKRBBISA-N,CC(C)N1C(=S)N=NC1CCNC(=O)[C@@H]1CN(C)C(=O)N1,ZINC15 : ZINC000826963056,espsim_shape,0.18666666666666668,zinc15
OC(=O)C1CSC(N1)C(O)=O.N[C@@H](CCCNC(N)=N)C(O)=O,LUCWYYXUZVULSK-WCCKRBBISA-N,NCCCC[C@H](N)C(=O)N1CCC2=C(SC=C2)C1C1=CSC=N1,ENAMINE-REAL : Z6389765991,espsim_shape,0.18518518518518517,enamine-real
OC(=O)C1CSC(N1)C(O)=O.N[C@@H](CCCNC(N)=N)C(O)=O,LUCWYYXUZVULSK-WCCKRBBISA-N,CN1N=NN=C1CCCNC(=O)C1CC2CCC1CNC2,ENAMINE-REAL : Z3807439786,espsim_shape,0.18421052631578946,enamine-real
OC(=O)C1CSC(N1)C(O)=O.N[C@@H](CCCNC(N)=N)C(O)=O,LUCWYYXUZVULSK-WCCKRBBISA-N,N#CCCCCC(N)C(=O)N1CCC(C2=NOC=N2)C1,ENAMINE-REAL : PV-005128526382,espsim_shape,0.18421052631578946,enamine-real
OC(=O)C1CSC(N1)C(O)=O.N[C@@H](CCCNC(N)=N)C(O)=O,LUCWYYXUZVULSK-WCCKRBBISA-N,C=CCCCC(N)C(=O)N1CCC(C2=NOC(C)=N2)C1,ENAMINE-REAL : Z3134611321,espsim_shape,0.18181818181818182,enamine-real
OC(=O)C1CSC(N1)C(O)=O.N[C@@H](CCCNC(N)=N)C(O)=O,LUCWYYXUZVULSK-WCCKRBBISA-N,CC(=O)NCSC[C@H](N)C(=O)N1CC[C@@H]2[NH2+]CC[C@H]21,ZINC15 : ZINC001158208807,espsim_shape,0.18055555555555555,zinc15
OC(=O)C1CSC(N1)C(O)=O.N[C@@H](CCCNC(N)=N)C(O)=O,LUCWYYXUZVULSK-WCCKRBBISA-N,CN1N=NN=C1CCCNC(=O)C12CCC(CC1)O2,ENAMINE-REAL : Z4106800461,espsim_shape,0.18055555555555555,enamine-real
OC(=O)C1CSC(N1)C(O)=O.N[C@@H](CCCNC(N)=N)C(O)=O,LUCWYYXUZVULSK-WCCKRBBISA-N,COC1=CC=C(Br)C=C1C(=O)NCCCC[C@H](O)C(=O)O,ENAMINE-REAL : Z6223586068,espsim_shape,0.18055555555555555,enamine-real
OC(=O)C1CSC(N1)C(O)=O.N[C@@H](CCCNC(N)=N)C(O)=O,LUCWYYXUZVULSK-WCCKRBBISA-N,O=C(O)C1CCC2(CCC2)N1C(=O)CSCC1=CC=C(Br)C=C1,ENAMINE-REAL : PV-008119291926,espsim_shape,0.1780821917808219,enamine-real
OC(=O)C1CSC(N1)C(O)=O.N[C@@H](CCCNC(N)=N)C(O)=O,LUCWYYXUZVULSK-WCCKRBBISA-N,CN1N=CC=C1C(N)C(=O)NOCCCCC1CC1,ENAMINE-REAL : Z5029398545,espsim_shape,0.17567567567567569,enamine-real
OC(=O)C1CSC(N1)C(O)=O.N[C@@H](CCCNC(N)=N)C(O)=O,LUCWYYXUZVULSK-WCCKRBBISA-N,N#CCCCCC(N)C(=O)NCC1=CC=C(C(F)F)N=C1,ENAMINE-REAL : Z4422079053,espsim_shape,0.17567567567567569,enamine-real
OC(=O)C1CSC(N1)C(O)=O.N[C@@H](CCCNC(N)=N)C(O)=O,LUCWYYXUZVULSK-WCCKRBBISA-N,CC1=CSC(C(C)C(=O)NCCCCC2=NNN=N2)=N1,ENAMINE-REAL : Z4390019723,espsim_shape,0.17333333333333334,enamine-real
OC(=O)C1CSC(N1)C(O)=O.N[C@@H](CCCNC(N)=N)C(O)=O,LUCWYYXUZVULSK-WCCKRBBISA-N,CNC(C(=O)NCCCC1=NC(C2CC2)=NN1)C1=CN(C)N=C1,ENAMINE-REAL : Z2437368782,espsim_shape,0.1728395061728395,enamine-real
OC(=O)C1CSC(N1)C(O)=O.N[C@@H](CCCNC(N)=N)C(O)=O,LUCWYYXUZVULSK-WCCKRBBISA-N,CC1(CCCNC(=O)C(C2CC2)N2C=C(Br)C=N2)N=N1,ENAMINE-REAL : Z6122439292,espsim_shape,0.17105263157894737,enamine-real
OC(=O)C1CSC(N1)C(O)=O.N[C@@H](CCCNC(N)=N)C(O)=O,LUCWYYXUZVULSK-WCCKRBBISA-N,CC(C)OCCC(N)C(=O)N1CCC(C2=CN=NN2)C1,ENAMINE-REAL : Z3519113610,espsim_shape,0.17105263157894737,enamine-real
OC(=O)C1CSC(N1)C(O)=O.N[C@@H](CCCNC(N)=N)C(O)=O,LUCWYYXUZVULSK-WCCKRBBISA-N,CSCC[C@@H](N)C(=O)N1CCC2=C(N=CN2)C1C1=CC=C(F)C=C1,ENAMINE-REAL : Z6377711141,espsim_shape,0.17073170731707318,enamine-real
OC(=O)C1CSC(N1)C(O)=O.N[C@@H](CCCNC(N)=N)C(O)=O,LUCWYYXUZVULSK-WCCKRBBISA-N,N#CCCCCC(N)C(=O)NN1C=C(Br)C=N1,ENAMINE-REAL : Z6450263815,espsim_shape,0.16901408450704225,enamine-real
OC(=O)C1CSC(N1)C(O)=O.N[C@@H](CCCNC(N)=N)C(O)=O,LUCWYYXUZVULSK-WCCKRBBISA-N,CCN1CCOC(C(=O)NO[C@H](C)C2=NNC=N2)C1,ENAMINE-REAL : Z6095036105,espsim_shape,0.16666666666666666,enamine-real
OC(=O)C1CSC(N1)C(O)=O.N[C@@H](CCCNC(N)=N)C(O)=O,LUCWYYXUZVULSK-WCCKRBBISA-N,CCN1CCOC(C(=O)NO[C@@H](C)C2=NNC=N2)C1,ENAMINE-REAL : Z4479075423,espsim_shape,0.16666666666666666,enamine-real
OC(=O)C1CSC(N1)C(O)=O.N[C@@H](CCCNC(N)=N)C(O)=O,LUCWYYXUZVULSK-WCCKRBBISA-N,CC(=O)NCSC[C@H](N)C(=O)N[C@H]1CO[C@@]2(C1)CCC[NH2+]C2,ZINC15 : ZINC001220315927,espsim_shape,0.16666666666666666,zinc15
OC(=O)C1CSC(N1)C(O)=O.N[C@@H](CCCNC(N)=N)C(O)=O,LUCWYYXUZVULSK-WCCKRBBISA-N,COC(=O)CCCCON=C(N)C1CCC(=O)NC1,ENAMINE-REAL : Z2721898892,espsim_shape,0.16666666666666666,enamine-real
OC(=O)C1CSC(N1)C(O)=O.N[C@@H](CCCNC(N)=N)C(O)=O,LUCWYYXUZVULSK-WCCKRBBISA-N,C=CCCO[C@@H](C)C(=O)NC[C@@H]1CSCCS1,ZINC15 : ZINC000176674073,espsim_shape,0.16666666666666666,zinc15
OC(=O)C1CSC(N1)C(O)=O.N[C@@H](CCCNC(N)=N)C(O)=O,LUCWYYXUZVULSK-WCCKRBBISA-N,CC(=O)NCSC[C@H](N)C(=O)N[C@H]1CO[C@]2(C1)CCC[NH2+]C2,ZINC15 : ZINC001220315926,espsim_shape,0.16666666666666666,zinc15
OC(=O)C1CSC(N1)C(O)=O.N[C@@H](CCCNC(N)=N)C(O)=O,LUCWYYXUZVULSK-WCCKRBBISA-N,CC(=O)NCSC[C@H](N)C(=O)NC1CC2(C1)CC[NH2+]CC2,ZINC15 : ZINC001219775575,espsim_shape,0.16666666666666666,zinc15
OC(=O)C1CSC(N1)C(O)=O.N[C@@H](CCCNC(N)=N)C(O)=O,LUCWYYXUZVULSK-WCCKRBBISA-N,CC(=O)NCSC[C@H](N)C(=O)N[C@@H]1CO[C@@]2(C1)CCC[NH2+]C2,ZINC15 : ZINC001220315929,espsim_shape,0.16666666666666666,zinc15
OC(=O)C1CSC(N1)C(O)=O.N[C@@H](CCCNC(N)=N)C(O)=O,LUCWYYXUZVULSK-WCCKRBBISA-N,C=CCCO[C@H](C)C(=O)NC[C@H]1CSCCS1,ZINC15 : ZINC000176674112,espsim_shape,0.16666666666666666,zinc15
OC(=O)C1CSC(N1)C(O)=O.N[C@@H](CCCNC(N)=N)C(O)=O,LUCWYYXUZVULSK-WCCKRBBISA-N,CC(=O)NCSC[C@H](N)C(=O)N[C@@H]1CO[C@]2(C1)CCC[NH2+]C2,ZINC15 : ZINC001220315928,espsim_shape,0.16666666666666666,zinc15
OC(=O)C1CSC(N1)C(O)=O.N[C@@H](CCCNC(N)=N)C(O)=O,LUCWYYXUZVULSK-WCCKRBBISA-N,CCCCCCO[C@H](C)C(=O)N1CC[C@H]2CSC[C@@H]2C1,ZINC15 : ZINC000827104040,espsim_shape,0.16666666666666666,zinc15
OC(=O)C1CSC(N1)C(O)=O.N[C@@H](CCCNC(N)=N)C(O)=O,LUCWYYXUZVULSK-WCCKRBBISA-N,C=CCCO[C@@H](C)C(=O)NC[C@H]1CSCCS1,ZINC15 : ZINC000176674103,espsim_shape,0.16666666666666666,zinc15
OC(=O)C1CSC(N1)C(O)=O.N[C@@H](CCCNC(N)=N)C(O)=O,LUCWYYXUZVULSK-WCCKRBBISA-N,C=CCCO[C@H](C)C(=O)NC[C@@H]1CSCCS1,ZINC15 : ZINC000176674088,espsim_shape,0.16666666666666666,zinc15
OC(=O)C1CSC(N1)C(O)=O.N[C@@H](CCCNC(N)=N)C(O)=O,LUCWYYXUZVULSK-WCCKRBBISA-N,CCCCCCO[C@H](C)C(=O)N1CC[C@H]2CSC[C@H]2C1,ZINC15 : ZINC000827104042,espsim_shape,0.16666666666666666,zinc15
OC(=O)C1CSC(N1)C(O)=O.N[C@@H](CCCNC(N)=N)C(O)=O,LUCWYYXUZVULSK-WCCKRBBISA-N,CCCCCCO[C@H](C)C(=O)N1CC[C@@H]2CSC[C@H]2C1,ZINC15 : ZINC000827104043,espsim_shape,0.16666666666666666,zinc15
OC(=O)C1CSC(N1)C(O)=O.N[C@@H](CCCNC(N)=N)C(O)=O,LUCWYYXUZVULSK-WCCKRBBISA-N,COC(=O)CCCON=C(N)C1CCC(=O)NC1,ENAMINE-REAL : Z2475654074,espsim_shape,0.16666666666666666,enamine-real
OC(=O)C1CSC(N1)C(O)=O.N[C@@H](CCCNC(N)=N)C(O)=O,LUCWYYXUZVULSK-WCCKRBBISA-N,CCCCCCO[C@H](C)C(=O)N1CC[C@@H]2CSC[C@@H]2C1,ZINC15 : ZINC000827104041,espsim_shape,0.16666666666666666,zinc15
OC(=O)C1CSC(N1)C(O)=O.N[C@@H](CCCNC(N)=N)C(O)=O,LUCWYYXUZVULSK-WCCKRBBISA-N,COC(=O)C1=CC(CON=C(N)C2CC3CCC(C2)N3C)=C(C)S1,ENAMINE-REAL : Z2789361090,espsim_shape,0.16455696202531644,enamine-real
OC(=O)C1CSC(N1)C(O)=O.N[C@@H](CCCNC(N)=N)C(O)=O,LUCWYYXUZVULSK-WCCKRBBISA-N,CCOC1CC2CCC(C1)N2C(=O)NCCCC1=C(C)N=CS1,ENAMINE-REAL : Z3579862043,espsim_shape,0.16455696202531644,enamine-real
OC(=O)C1CSC(N1)C(O)=O.N[C@@H](CCCNC(N)=N)C(O)=O,LUCWYYXUZVULSK-WCCKRBBISA-N,CCOC(=O)[C@H](N)C(=O)NCCC1N=NC(=S)N1C,ZINC15 : ZINC001327600978,espsim_shape,0.1643835616438356,zinc15
OC(=O)C1CSC(N1)C(O)=O.N[C@@H](CCCNC(N)=N)C(O)=O,LUCWYYXUZVULSK-WCCKRBBISA-N,CCOC(=O)[C@@H](N)C(=O)NCCC1N=NC(=S)N1C,ZINC15 : ZINC001327600979,espsim_shape,0.1643835616438356,zinc15
OC(=O)C1CSC(N1)C(O)=O.N[C@@H](CCCNC(N)=N)C(O)=O,LUCWYYXUZVULSK-WCCKRBBISA-N,CCOCCC(N)C(=O)N1CCC2=C(N=CN2)C1C1=CC=NN1C,ENAMINE-REAL : PV-004587861229,espsim_shape,0.16279069767441862,enamine-real
OC(=O)C1CSC(N1)C(O)=O.N[C@@H](CCCNC(N)=N)C(O)=O,LUCWYYXUZVULSK-WCCKRBBISA-N,COC(=O)C1=CC(CON=C(N)C2CC3CCC(C2)N3C)=C(Cl)S1,ENAMINE-REAL : Z3339612436,espsim_shape,0.1625,enamine-real
OC(=O)C1CSC(N1)C(O)=O.N[C@@H](CCCNC(N)=N)C(O)=O,LUCWYYXUZVULSK-WCCKRBBISA-N,CCOCCO[C@H](C)C(=O)N1C[C@@H]2CCC[C@H]2[C@@H]1C(N)=O,ZINC15 : ZINC000346869097,espsim_shape,0.16216216216216217,zinc15
OC(=O)C1CSC(N1)C(O)=O.N[C@@H](CCCNC(N)=N)C(O)=O,LUCWYYXUZVULSK-WCCKRBBISA-N,CCOCCO[C@H](C)C(=O)N1C[C@@H]2CCC[C@@H]2[C@@H]1C(N)=O,ZINC15 : ZINC000346869094,espsim_shape,0.16216216216216217,zinc15
OC(=O)C1CSC(N1)C(O)=O.N[C@@H](CCCNC(N)=N)C(O)=O,LUCWYYXUZVULSK-WCCKRBBISA-N,CCOCCO[C@H](C)C(=O)N1C[C@@H]2CCC[C@H]2[C@H]1C(N)=O,ZINC15 : ZINC000346869096,espsim_shape,0.16216216216216217,zinc15
OC(=O)C1CSC(N1)C(O)=O.N[C@@H](CCCNC(N)=N)C(O)=O,LUCWYYXUZVULSK-WCCKRBBISA-N,CCOCCO[C@H](C)C(=O)N1C[C@@H]2CCC[C@@H]2[C@H]1C(N)=O,ZINC15 : ZINC000346869095,espsim_shape,0.16216216216216217,zinc15
OC(=O)C1CSC(N1)C(O)=O.N[C@@H](CCCNC(N)=N)C(O)=O,LUCWYYXUZVULSK-WCCKRBBISA-N,[N-]=[N+]=NCCCOCC(=O)N1C2CCC1CSC2,ENAMINE-REAL : Z5091740212,espsim_shape,0.16176470588235295,enamine-real
