query_smiles,query_inchikey,smiles,identifier,search_type,score,database
CN(C)C1=CC2=C(C=C1)[N+](C)=C(\C=C\C1=C(C)N(C(C)=C1)C1=CC=CC=C1)C=C2,QMHSXPLYMTVAMK-UHFFFAOYSA-N,Cc1cc(/C=C/c2ccc3cc(N(C)C)ccc3[n+]2C)c(C)n1-c1ccccc1,ZINC15 : ZINC000003831401,consensus,1.0,zinc15
CN(C)C1=CC2=C(C=C1)[N+](C)=C(\C=C\C1=C(C)N(C(C)=C1)C1=CC=CC=C1)C=C2,QMHSXPLYMTVAMK-UHFFFAOYSA-N,Cc1cc(/C=C/c2ccc3cc(-c4ccccc4)ccc3[n+]2C)c(C)n1-c1ccccc1,ZINC15 : ZINC000095918023,consensus,0.7307692307692307,zinc15
CN(C)C1=CC2=C(C=C1)[N+](C)=C(\C=C\C1=C(C)N(C(C)=C1)C1=CC=CC=C1)C=C2,QMHSXPLYMTVAMK-UHFFFAOYSA-N,Cc1cc(/C=C\c2cccc[n+]2C)c(C)n1-c1ccccc1,ZINC15 : ZINC000008581490,consensus,0.5471698113207547,zinc15
CN(C)C1=CC2=C(C=C1)[N+](C)=C(\C=C\C1=C(C)N(C(C)=C1)C1=CC=CC=C1)C=C2,QMHSXPLYMTVAMK-UHFFFAOYSA-N,Cc1cc(/C=C/c2ccc3cc(C)ccc3[n+]2CCO)c(C)n1-c1ccccc1,ZINC15 : ZINC000004366807,consensus,0.5409836065573771,zinc15
CN(C)C1=CC2=C(C=C1)[N+](C)=C(\C=C\C1=C(C)N(C(C)=C1)C1=CC=CC=C1)C=C2,QMHSXPLYMTVAMK-UHFFFAOYSA-N,CN(C)c1ccc(/C=C/c2ccc3ccccc3[n+]2C)c(Cl)c1,ZINC15 : ZINC000004361501,consensus,0.5357142857142857,zinc15
CN(C)C1=CC2=C(C=C1)[N+](C)=C(\C=C\C1=C(C)N(C(C)=C1)C1=CC=CC=C1)C=C2,QMHSXPLYMTVAMK-UHFFFAOYSA-N,Cc1ccc2c(ccc(/C=C/c3ccc(N(C)C)cc3)[n+]2C)c1,ZINC15 : ZINC000004123269,consensus,0.5185185185185185,zinc15
CN(C)C1=CC2=C(C=C1)[N+](C)=C(\C=C\C1=C(C)N(C(C)=C1)C1=CC=CC=C1)C=C2,QMHSXPLYMTVAMK-UHFFFAOYSA-N,COc1ccc(/C=C/c2ccc3cc(N(C)C)ccc3[n+]2C)cc1,ZINC15 : ZINC000020070254,consensus,0.5178571428571429,zinc15
CN(C)C1=CC2=C(C=C1)[N+](C)=C(\C=C\C1=C(C)N(C(C)=C1)C1=CC=CC=C1)C=C2,QMHSXPLYMTVAMK-UHFFFAOYSA-N,CN(C)c1ccc(/C=C\c2ccc3ccccc3[n+]2C)cc1,ZINC15 : ZINC000003845700,consensus,0.5094339622641509,zinc15
CN(C)C1=CC2=C(C=C1)[N+](C)=C(\C=C\C1=C(C)N(C(C)=C1)C1=CC=CC=C1)C=C2,QMHSXPLYMTVAMK-UHFFFAOYSA-N,Cc1cc(/C=N/c2ccc(N(C)C)cc2)c(C)n1-c1ccccc1,ZINC15 : ZINC000408737956,consensus,0.5,zinc15
CN(C)C1=CC2=C(C=C1)[N+](C)=C(\C=C\C1=C(C)N(C(C)=C1)C1=CC=CC=C1)C=C2,QMHSXPLYMTVAMK-UHFFFAOYSA-N,Cc1cc(/C=N/c2ccccc2)c(C)n1-c1ccc(N(C)C)cc1,ZINC15 : ZINC000408743029,consensus,0.47368421052631576,zinc15
CN(C)C1=CC2=C(C=C1)[N+](C)=C(\C=C\C1=C(C)N(C(C)=C1)C1=CC=CC=C1)C=C2,QMHSXPLYMTVAMK-UHFFFAOYSA-N,COc1ccc2c(ccc(/C=C/c3ccc(N(C)C)cc3)[n+]2C)c1,ZINC15 : ZINC000020058573,consensus,0.47368421052631576,zinc15
CN(C)C1=CC2=C(C=C1)[N+](C)=C(\C=C\C1=C(C)N(C(C)=C1)C1=CC=CC=C1)C=C2,QMHSXPLYMTVAMK-UHFFFAOYSA-N,Cc1ccc2ccc(/C=C/c3ccc(N(C)C)cc3)[n+](C)c2c1,ZINC15 : ZINC000005027450,consensus,0.4642857142857143,zinc15
CN(C)C1=CC2=C(C=C1)[N+](C)=C(\C=C\C1=C(C)N(C(C)=C1)C1=CC=CC=C1)C=C2,QMHSXPLYMTVAMK-UHFFFAOYSA-N,Cc1cc(/C=N/c2ccc3ccccc3c2)c(C)n1-c1ccc(N(C)C)cc1,ZINC15 : ZINC000408741085,consensus,0.45901639344262296,zinc15
CN(C)C1=CC2=C(C=C1)[N+](C)=C(\C=C\C1=C(C)N(C(C)=C1)C1=CC=CC=C1)C=C2,QMHSXPLYMTVAMK-UHFFFAOYSA-N,Cc1cc(/C=N/O)c(C)n1-c1ccc(N(C)C)cc1,ZINC15 : ZINC000000176949,consensus,0.45454545454545453,zinc15
CN(C)C1=CC2=C(C=C1)[N+](C)=C(\C=C\C1=C(C)N(C(C)=C1)C1=CC=CC=C1)C=C2,QMHSXPLYMTVAMK-UHFFFAOYSA-N,Cc1cc(/C=C2/C(=O)N(c3ccccc3)N=C2C)c(C)n1-c1ccc(N(C)C)cc1,ZINC15 : ZINC000013119748,consensus,0.453125,zinc15
CN(C)C1=CC2=C(C=C1)[N+](C)=C(\C=C\C1=C(C)N(C(C)=C1)C1=CC=CC=C1)C=C2,QMHSXPLYMTVAMK-UHFFFAOYSA-N,Cc1cc(/C=C2\C(=O)N(c3ccccc3)N=C2C)c(C)n1-c1ccc(N(C)C)cc1,ZINC15 : ZINC000004499405,consensus,0.453125,zinc15
CN(C)C1=CC2=C(C=C1)[N+](C)=C(\C=C\C1=C(C)N(C(C)=C1)C1=CC=CC=C1)C=C2,QMHSXPLYMTVAMK-UHFFFAOYSA-N,Cc1cc(C=O)c(C)n1-c1ccc(N(C)C)cc1,ZINC15 : ZINC000000308839,consensus,0.4528301886792453,zinc15
CN(C)C1=CC2=C(C=C1)[N+](C)=C(\C=C\C1=C(C)N(C(C)=C1)C1=CC=CC=C1)C=C2,QMHSXPLYMTVAMK-UHFFFAOYSA-N,Cc1cc(C=C2C(=O)N(c3ccccc3)C(=O)N(c3ccccc3)C2=O)c(C)n1-c1ccc(N(C)C)cc1,ZINC15 : ZINC000408741534,consensus,0.45161290322580644,zinc15
CN(C)C1=CC2=C(C=C1)[N+](C)=C(\C=C\C1=C(C)N(C(C)=C1)C1=CC=CC=C1)C=C2,QMHSXPLYMTVAMK-UHFFFAOYSA-N,Cc1ccc2cc3c(ccc(/C=C/c4ccc(N(C)C)cc4)[n+]3C)cc2n1,ZINC15 : ZINC000005337733,consensus,0.45,zinc15
CN(C)C1=CC2=C(C=C1)[N+](C)=C(\C=C\C1=C(C)N(C(C)=C1)C1=CC=CC=C1)C=C2,QMHSXPLYMTVAMK-UHFFFAOYSA-N,Cc1cc(/C=N/c2ccc(-c3ccccc3)cc2)c(C)n1-c1ccc(N(C)C)cc1,ZINC15 : ZINC000408740461,consensus,0.4426229508196721,zinc15
CN(C)C1=CC2=C(C=C1)[N+](C)=C(\C=C\C1=C(C)N(C(C)=C1)C1=CC=CC=C1)C=C2,QMHSXPLYMTVAMK-UHFFFAOYSA-N,Cc1cc(/C=C2/C(=O)[N-]N(c3ccccc3)C2=O)c(C)n1-c1ccc(N(C)C)cc1,ZINC15 : ZINC000108986069,consensus,0.4375,zinc15
CN(C)C1=CC2=C(C=C1)[N+](C)=C(\C=C\C1=C(C)N(C(C)=C1)C1=CC=CC=C1)C=C2,QMHSXPLYMTVAMK-UHFFFAOYSA-N,Cc1cc(/C=N/c2ccccc2C)c(C)n1-c1ccc(N(C)C)cc1,ZINC15 : ZINC000408741653,consensus,0.43333333333333335,zinc15
CN(C)C1=CC2=C(C=C1)[N+](C)=C(\C=C\C1=C(C)N(C(C)=C1)C1=CC=CC=C1)C=C2,QMHSXPLYMTVAMK-UHFFFAOYSA-N,Cc1cc(C=C2C(=O)c3ccccc3C2=O)c(C)n1-c1ccc(N(C)C)cc1,ZINC15 : ZINC000000665381,consensus,0.43333333333333335,zinc15
CN(C)C1=CC2=C(C=C1)[N+](C)=C(\C=C\C1=C(C)N(C(C)=C1)C1=CC=CC=C1)C=C2,QMHSXPLYMTVAMK-UHFFFAOYSA-N,Cc1cccc2ccc(/C=C/c3ccc(N(C)C)cc3)[n+](C)c12,ZINC15 : ZINC000004123258,consensus,0.43103448275862066,zinc15
CN(C)C1=CC2=C(C=C1)[N+](C)=C(\C=C\C1=C(C)N(C(C)=C1)C1=CC=CC=C1)C=C2,QMHSXPLYMTVAMK-UHFFFAOYSA-N,Cc1cc(/C=C2\SC(=O)N(c3ccccc3)C2=O)c(C)n1-c1ccc(N(C)C)cc1,ZINC15 : ZINC000144228879,consensus,0.4307692307692308,zinc15
CN(C)C1=CC2=C(C=C1)[N+](C)=C(\C=C\C1=C(C)N(C(C)=C1)C1=CC=CC=C1)C=C2,QMHSXPLYMTVAMK-UHFFFAOYSA-N,Cc1cc(/C=C/C(=O)[O-])c(C)n1-c1ccccc1,ZINC15 : ZINC000003888735,consensus,0.42857142857142855,zinc15
CN(C)C1=CC2=C(C=C1)[N+](C)=C(\C=C\C1=C(C)N(C(C)=C1)C1=CC=CC=C1)C=C2,QMHSXPLYMTVAMK-UHFFFAOYSA-N,Cc1cc(/C=N/c2cccc3ccccc32)c(C)n1-c1ccc(N(C)C)cc1,ZINC15 : ZINC000408739735,consensus,0.42857142857142855,zinc15
CN(C)C1=CC2=C(C=C1)[N+](C)=C(\C=C\C1=C(C)N(C(C)=C1)C1=CC=CC=C1)C=C2,QMHSXPLYMTVAMK-UHFFFAOYSA-N,Cc1cc(/C=N/N(c2ccccc2)c2ccccc2)c(C)n1-c1ccccc1,ZINC15 : ZINC000408779793,consensus,0.42857142857142855,zinc15
CN(C)C1=CC2=C(C=C1)[N+](C)=C(\C=C\C1=C(C)N(C(C)=C1)C1=CC=CC=C1)C=C2,QMHSXPLYMTVAMK-UHFFFAOYSA-N,COC(=O)c1ccc2c(ccc(/C=C/c3ccc(N(C)C)cc3)[n+]2C)c1,ZINC15 : ZINC000005173902,consensus,0.42857142857142855,zinc15
CN(C)C1=CC2=C(C=C1)[N+](C)=C(\C=C\C1=C(C)N(C(C)=C1)C1=CC=CC=C1)C=C2,QMHSXPLYMTVAMK-UHFFFAOYSA-N,Cc1cc(/C=C2\C(=O)N(C)C(=O)N(c3ccccc3)C2=O)c(C)n1-c1ccc(N(C)C)cc1,ZINC15 : ZINC000059138723,consensus,0.42424242424242425,zinc15
CN(C)C1=CC2=C(C=C1)[N+](C)=C(\C=C\C1=C(C)N(C(C)=C1)C1=CC=CC=C1)C=C2,QMHSXPLYMTVAMK-UHFFFAOYSA-N,C[n+]1c(/C=C/c2ccccc2)ccc2ccccc21,ZINC15 : ZINC000006824804,consensus,0.4230769230769231,zinc15
CN(C)C1=CC2=C(C=C1)[N+](C)=C(\C=C\C1=C(C)N(C(C)=C1)C1=CC=CC=C1)C=C2,QMHSXPLYMTVAMK-UHFFFAOYSA-N,Cc1cc(/C=C/C(=O)c2ccccc2)c(C)n1-c1ccccc1,ZINC15 : ZINC000408618167,consensus,0.42105263157894735,zinc15
CN(C)C1=CC2=C(C=C1)[N+](C)=C(\C=C\C1=C(C)N(C(C)=C1)C1=CC=CC=C1)C=C2,QMHSXPLYMTVAMK-UHFFFAOYSA-N,Cc1cc(/C=N/c2ccc(N(C)C)cc2)c(C)n1-c1ccc(N(C)C)cc1,ZINC15 : ZINC000408742618,consensus,0.42105263157894735,zinc15
CN(C)C1=CC2=C(C=C1)[N+](C)=C(\C=C\C1=C(C)N(C(C)=C1)C1=CC=CC=C1)C=C2,QMHSXPLYMTVAMK-UHFFFAOYSA-N,Cc1cc(/C=N/c2ccccc2O)c(C)n1-c1ccc(N(C)C)cc1,ZINC15 : ZINC000001091609,consensus,0.41935483870967744,zinc15
CN(C)C1=CC2=C(C=C1)[N+](C)=C(\C=C\C1=C(C)N(C(C)=C1)C1=CC=CC=C1)C=C2,QMHSXPLYMTVAMK-UHFFFAOYSA-N,Cc1cc(/C=C2/SC(=S)N(c3ccccc3)C2=O)c(C)n1-c1ccc(N(C)C)cc1,ZINC15 : ZINC000408902136,consensus,0.417910447761194,zinc15
CN(C)C1=CC2=C(C=C1)[N+](C)=C(\C=C\C1=C(C)N(C(C)=C1)C1=CC=CC=C1)C=C2,QMHSXPLYMTVAMK-UHFFFAOYSA-N,COc1ccc2ccc(/C=C/c3ccc(N(C)C)cc3)[n+](C)c2c1,ZINC15 : ZINC000020058575,consensus,0.4166666666666667,zinc15
CN(C)C1=CC2=C(C=C1)[N+](C)=C(\C=C\C1=C(C)N(C(C)=C1)C1=CC=CC=C1)C=C2,QMHSXPLYMTVAMK-UHFFFAOYSA-N,CN(C)c1ccc(/C=C/c2cccc3cc4ccccc4[n+](C)c23)cc1,ZINC15 : ZINC000075402886,consensus,0.4166666666666667,zinc15
CN(C)C1=CC2=C(C=C1)[N+](C)=C(\C=C\C1=C(C)N(C(C)=C1)C1=CC=CC=C1)C=C2,QMHSXPLYMTVAMK-UHFFFAOYSA-N,Cc1cc(/C=N/N2C(=O)c3ccccc3C2=O)c(C)n1-c1ccc(N(C)C)cc1,ZINC15 : ZINC000001105413,consensus,0.4126984126984127,zinc15
CN(C)C1=CC2=C(C=C1)[N+](C)=C(\C=C\C1=C(C)N(C(C)=C1)C1=CC=CC=C1)C=C2,QMHSXPLYMTVAMK-UHFFFAOYSA-N,CC1=CC(C=CC(=O)NC2=CC=CC=C2CN(C)C)=C(C)N1C1=CC=CC=C1,ENAMINE-REAL : Z404990748,consensus,0.4090909090909091,enamine-real
CN(C)C1=CC2=C(C=C1)[N+](C)=C(\C=C\C1=C(C)N(C(C)=C1)C1=CC=CC=C1)C=C2,QMHSXPLYMTVAMK-UHFFFAOYSA-N,CN(C)c1ccc(/C=C/c2ccc3c4ccc(/C=C/c5ccc(N(C)C)cc5)[n+](C)c4ccc3[n+]2C)cc1,ZINC15 : ZINC000016310748,consensus,0.4074074074074074,zinc15
CN(C)C1=CC2=C(C=C1)[N+](C)=C(\C=C\C1=C(C)N(C(C)=C1)C1=CC=CC=C1)C=C2,QMHSXPLYMTVAMK-UHFFFAOYSA-N,Cc1cc(/C=N/c2cccc(C)c2)c(C)n1-c1ccc(N(C)C)cc1,ZINC15 : ZINC000408742260,consensus,0.4032258064516129,zinc15
CN(C)C1=CC2=C(C=C1)[N+](C)=C(\C=C\C1=C(C)N(C(C)=C1)C1=CC=CC=C1)C=C2,QMHSXPLYMTVAMK-UHFFFAOYSA-N,CCN(CC)c1ccc(/N=C/c2cc(C)n(-c3ccccc3)c2C)cc1,ZINC15 : ZINC000408738067,consensus,0.4032258064516129,zinc15
CN(C)C1=CC2=C(C=C1)[N+](C)=C(\C=C\C1=C(C)N(C(C)=C1)C1=CC=CC=C1)C=C2,QMHSXPLYMTVAMK-UHFFFAOYSA-N,Cc1cc(/C=N/c2ccccc2)c(C)n1-c1ccccc1,ZINC15 : ZINC000003193572,consensus,0.4,zinc15
CN(C)C1=CC2=C(C=C1)[N+](C)=C(\C=C\C1=C(C)N(C(C)=C1)C1=CC=CC=C1)C=C2,QMHSXPLYMTVAMK-UHFFFAOYSA-N,Cc1cc(/C=N/c2ccc(C)cc2)c(C)n1-c1ccc(N(C)C)cc1,ZINC15 : ZINC000408741843,consensus,0.4,zinc15
CN(C)C1=CC2=C(C=C1)[N+](C)=C(\C=C\C1=C(C)N(C(C)=C1)C1=CC=CC=C1)C=C2,QMHSXPLYMTVAMK-UHFFFAOYSA-N,Cc1cc(/C=N/c2cc(C)cc(C)c2)c(C)n1-c1ccc(N(C)C)cc1,ZINC15 : ZINC000408741153,consensus,0.4,zinc15
CN(C)C1=CC2=C(C=C1)[N+](C)=C(\C=C\C1=C(C)N(C(C)=C1)C1=CC=CC=C1)C=C2,QMHSXPLYMTVAMK-UHFFFAOYSA-N,Cc1cc(/C=N/c2ccc(N(C)C)cc2)c(C)n1-c1ccc(C)cc1,ZINC15 : ZINC000003170395,consensus,0.4,zinc15
CN(C)C1=CC2=C(C=C1)[N+](C)=C(\C=C\C1=C(C)N(C(C)=C1)C1=CC=CC=C1)C=C2,QMHSXPLYMTVAMK-UHFFFAOYSA-N,Cc1ccc(/C=C/c2ccc3ccccc3[n+]2C)cc1,ZINC15 : ZINC000004377475,consensus,0.4,zinc15
CN(C)C1=CC2=C(C=C1)[N+](C)=C(\C=C\C1=C(C)N(C(C)=C1)C1=CC=CC=C1)C=C2,QMHSXPLYMTVAMK-UHFFFAOYSA-N,Cc1cc(/C=C/C(=O)N(C)CC2CC2)c(C)n1-c1ccccc1,ZINC15 : ZINC000058414720,consensus,0.4,zinc15
CN(C)C1=CC2=C(C=C1)[N+](C)=C(\C=C\C1=C(C)N(C(C)=C1)C1=CC=CC=C1)C=C2,QMHSXPLYMTVAMK-UHFFFAOYSA-N,Cc1cc(/C=N/c2ccc(/N=C/c3cc(C)n(-c4ccccc4)c3C)cc2)c(C)n1-c1ccccc1,ZINC15 : ZINC000102941358,consensus,0.4,zinc15
CN(C)C1=CC2=C(C=C1)[N+](C)=C(\C=C\C1=C(C)N(C(C)=C1)C1=CC=CC=C1)C=C2,QMHSXPLYMTVAMK-UHFFFAOYSA-N,Cc1cc(/C=C(/Sc2nc3ccccc3[nH]2)C(=O)[O-])c(C)n1-c1ccc(N(C)C)cc1,ZINC15 : ZINC000408631977,consensus,0.3972602739726027,zinc15
CN(C)C1=CC2=C(C=C1)[N+](C)=C(\C=C\C1=C(C)N(C(C)=C1)C1=CC=CC=C1)C=C2,QMHSXPLYMTVAMK-UHFFFAOYSA-N,Cc1cc(/C=N/c2cccc(C)c2C)c(C)n1-c1ccc(N(C)C)cc1,ZINC15 : ZINC000408741459,consensus,0.3968253968253968,zinc15
CN(C)C1=CC2=C(C=C1)[N+](C)=C(\C=C\C1=C(C)N(C(C)=C1)C1=CC=CC=C1)C=C2,QMHSXPLYMTVAMK-UHFFFAOYSA-N,CCc1ccc(/N=C/c2cc(C)n(-c3ccc(N(C)C)cc3)c2C)cc1,ZINC15 : ZINC000408740142,consensus,0.3968253968253968,zinc15
CN(C)C1=CC2=C(C=C1)[N+](C)=C(\C=C\C1=C(C)N(C(C)=C1)C1=CC=CC=C1)C=C2,QMHSXPLYMTVAMK-UHFFFAOYSA-N,Cc1cc(/C=C/c2cccc[n+]2C)c(C)n1-c1ccc2c(c1)OCO2,ZINC15 : ZINC000004932992,consensus,0.3939393939393939,zinc15
CN(C)C1=CC2=C(C=C1)[N+](C)=C(\C=C\C1=C(C)N(C(C)=C1)C1=CC=CC=C1)C=C2,QMHSXPLYMTVAMK-UHFFFAOYSA-N,C[n+]1c(/C=C/c2ccccc2Cl)ccc2ccccc21,ZINC15 : ZINC000008614629,consensus,0.39285714285714285,zinc15
CN(C)C1=CC2=C(C=C1)[N+](C)=C(\C=C\C1=C(C)N(C(C)=C1)C1=CC=CC=C1)C=C2,QMHSXPLYMTVAMK-UHFFFAOYSA-N,CC1=CC(C=CC(=O)N(C)C2CCCOC2)=C(C)N1C1=CC=CC=C1,ENAMINE-REAL : Z2087976525,consensus,0.391304347826087,enamine-real
CN(C)C1=CC2=C(C=C1)[N+](C)=C(\C=C\C1=C(C)N(C(C)=C1)C1=CC=CC=C1)C=C2,QMHSXPLYMTVAMK-UHFFFAOYSA-N,CC1=CC(C=CC(=O)NC2=CC=CC=C2CC(=O)N(C)C)=C(C)N1C1=CC=CC=C1,ENAMINE-REAL : Z811691470,consensus,0.391304347826087,enamine-real
CN(C)C1=CC2=C(C=C1)[N+](C)=C(\C=C\C1=C(C)N(C(C)=C1)C1=CC=CC=C1)C=C2,QMHSXPLYMTVAMK-UHFFFAOYSA-N,Cc1cc(/C=N/c2cccc(O)c2)c(C)n1-c1ccc(N(C)C)cc1,ZINC15 : ZINC000408739813,consensus,0.390625,zinc15
CN(C)C1=CC2=C(C=C1)[N+](C)=C(\C=C\C1=C(C)N(C(C)=C1)C1=CC=CC=C1)C=C2,QMHSXPLYMTVAMK-UHFFFAOYSA-N,Cc1cc(/C=N/c2cccc(Cl)c2)c(C)n1-c1ccc(N(C)C)cc1,ZINC15 : ZINC000408739998,consensus,0.390625,zinc15
CN(C)C1=CC2=C(C=C1)[N+](C)=C(\C=C\C1=C(C)N(C(C)=C1)C1=CC=CC=C1)C=C2,QMHSXPLYMTVAMK-UHFFFAOYSA-N,Cc1cc(/C=N/c2cccc(I)c2)c(C)n1-c1ccc(N(C)C)cc1,ZINC15 : ZINC000408740741,consensus,0.390625,zinc15
CN(C)C1=CC2=C(C=C1)[N+](C)=C(\C=C\C1=C(C)N(C(C)=C1)C1=CC=CC=C1)C=C2,QMHSXPLYMTVAMK-UHFFFAOYSA-N,CC1=CC(C=CC(=O)N(C)C2CCOCC2)=C(C)N1C1=CC=CC=C1,ENAMINE-REAL : Z1315993624,consensus,0.3880597014925373,enamine-real
CN(C)C1=CC2=C(C=C1)[N+](C)=C(\C=C\C1=C(C)N(C(C)=C1)C1=CC=CC=C1)C=C2,QMHSXPLYMTVAMK-UHFFFAOYSA-N,Cc1cc(/C=C/C(=O)N(C)C2CC[NH2+]CC2)c(C)n1-c1ccccc1,ZINC15 : ZINC000237096466,consensus,0.3880597014925373,zinc15
CN(C)C1=CC2=C(C=C1)[N+](C)=C(\C=C\C1=C(C)N(C(C)=C1)C1=CC=CC=C1)C=C2,QMHSXPLYMTVAMK-UHFFFAOYSA-N,CC1=CC(C=CC(=O)N(C)C2CCC(N)CC2)=C(C)N1C1=CC=CC=C1,ENAMINE-REAL : Z2392891064,consensus,0.3880597014925373,enamine-real
CN(C)C1=CC2=C(C=C1)[N+](C)=C(\C=C\C1=C(C)N(C(C)=C1)C1=CC=CC=C1)C=C2,QMHSXPLYMTVAMK-UHFFFAOYSA-N,CC1=CC(C=CC(=O)N(C)C2CCN(C)CC2)=C(C)N1C1=CC=CC=C1,ENAMINE-REAL : Z144342374,consensus,0.3880597014925373,enamine-real
CN(C)C1=CC2=C(C=C1)[N+](C)=C(\C=C\C1=C(C)N(C(C)=C1)C1=CC=CC=C1)C=C2,QMHSXPLYMTVAMK-UHFFFAOYSA-N,Cc1cc(/C=N/c2ccc(C)c(C)c2)c(C)n1-c1ccc(N(C)C)cc1,ZINC15 : ZINC000408742209,consensus,0.3870967741935484,zinc15
CN(C)C1=CC2=C(C=C1)[N+](C)=C(\C=C\C1=C(C)N(C(C)=C1)C1=CC=CC=C1)C=C2,QMHSXPLYMTVAMK-UHFFFAOYSA-N,Cc1cc(/C=N/c2ccc(N(C)C)cc2)c(C)n1-c1ccc(Br)cc1,ZINC15 : ZINC000408738926,consensus,0.3870967741935484,zinc15
CN(C)C1=CC2=C(C=C1)[N+](C)=C(\C=C\C1=C(C)N(C(C)=C1)C1=CC=CC=C1)C=C2,QMHSXPLYMTVAMK-UHFFFAOYSA-N,Cc1cc(/C=N/c2ccc(Cl)cc2)c(C)n1-c1ccc(N(C)C)cc1,ZINC15 : ZINC000408739612,consensus,0.3870967741935484,zinc15
CN(C)C1=CC2=C(C=C1)[N+](C)=C(\C=C\C1=C(C)N(C(C)=C1)C1=CC=CC=C1)C=C2,QMHSXPLYMTVAMK-UHFFFAOYSA-N,Cc1cc(/C=N/c2cc(Cl)cc(Cl)c2)c(C)n1-c1ccc(N(C)C)cc1,ZINC15 : ZINC000408739425,consensus,0.3870967741935484,zinc15
CN(C)C1=CC2=C(C=C1)[N+](C)=C(\C=C\C1=C(C)N(C(C)=C1)C1=CC=CC=C1)C=C2,QMHSXPLYMTVAMK-UHFFFAOYSA-N,Cc1cc(/C=N/c2ccc(F)cc2)c(C)n1-c1ccc(N(C)C)cc1,ZINC15 : ZINC000408740216,consensus,0.3870967741935484,zinc15
CN(C)C1=CC2=C(C=C1)[N+](C)=C(\C=C\C1=C(C)N(C(C)=C1)C1=CC=CC=C1)C=C2,QMHSXPLYMTVAMK-UHFFFAOYSA-N,Cc1cc(/C=N/c2ccc(N(C)C)cc2)c(C)n1-c1ccc(Cl)cc1,ZINC15 : ZINC000408737483,consensus,0.3870967741935484,zinc15
CN(C)C1=CC2=C(C=C1)[N+](C)=C(\C=C\C1=C(C)N(C(C)=C1)C1=CC=CC=C1)C=C2,QMHSXPLYMTVAMK-UHFFFAOYSA-N,Cc1cc(/C=N\c2ccc(N(C)C)cc2)c(C)n1-c1ccc(I)cc1,ZINC15 : ZINC000408776081,consensus,0.3870967741935484,zinc15
CN(C)C1=CC2=C(C=C1)[N+](C)=C(\C=C\C1=C(C)N(C(C)=C1)C1=CC=CC=C1)C=C2,QMHSXPLYMTVAMK-UHFFFAOYSA-N,Cc1cc(/C=N/c2ccc(Br)cc2)c(C)n1-c1ccc(N(C)C)cc1,ZINC15 : ZINC000408739275,consensus,0.3870967741935484,zinc15
CN(C)C1=CC2=C(C=C1)[N+](C)=C(\C=C\C1=C(C)N(C(C)=C1)C1=CC=CC=C1)C=C2,QMHSXPLYMTVAMK-UHFFFAOYSA-N,Cc1cc(/C=N/c2ccc(I)cc2)c(C)n1-c1ccc(N(C)C)cc1,ZINC15 : ZINC000408742072,consensus,0.3870967741935484,zinc15
CN(C)C1=CC2=C(C=C1)[N+](C)=C(\C=C\C1=C(C)N(C(C)=C1)C1=CC=CC=C1)C=C2,QMHSXPLYMTVAMK-UHFFFAOYSA-N,Cc1cc(/C=N/c2ccc(O)cc2)c(C)n1-c1ccc(N(C)C)cc1,ZINC15 : ZINC000408743197,consensus,0.3870967741935484,zinc15
CN(C)C1=CC2=C(C=C1)[N+](C)=C(\C=C\C1=C(C)N(C(C)=C1)C1=CC=CC=C1)C=C2,QMHSXPLYMTVAMK-UHFFFAOYSA-N,Cc1cc(/C=N/c2ccc(N(C)C)cc2)c(C)n1-c1ccc(F)cc1,ZINC15 : ZINC000408738395,consensus,0.3870967741935484,zinc15
CN(C)C1=CC2=C(C=C1)[N+](C)=C(\C=C\C1=C(C)N(C(C)=C1)C1=CC=CC=C1)C=C2,QMHSXPLYMTVAMK-UHFFFAOYSA-N,CN(C)c1ccc2nc(/C=C/c3ccccc3)ccc2c1,ZINC15 : ZINC000005423030,consensus,0.38596491228070173,zinc15
CN(C)C1=CC2=C(C=C1)[N+](C)=C(\C=C\C1=C(C)N(C(C)=C1)C1=CC=CC=C1)C=C2,QMHSXPLYMTVAMK-UHFFFAOYSA-N,COC(=O)c1c(/C=C/c2cc(C)n(-c3ccccc3)c2C)cccc1OC,ZINC15 : ZINC000035973551,consensus,0.38461538461538464,zinc15
CN(C)C1=CC2=C(C=C1)[N+](C)=C(\C=C\C1=C(C)N(C(C)=C1)C1=CC=CC=C1)C=C2,QMHSXPLYMTVAMK-UHFFFAOYSA-N,Cc1cc(/C=C/C(=O)N2CCC(C(=O)N(C)C)CC2)c(C)n1-c1ccccc1,ZINC15 : ZINC000052950300,consensus,0.38235294117647056,zinc15
CN(C)C1=CC2=C(C=C1)[N+](C)=C(\C=C\C1=C(C)N(C(C)=C1)C1=CC=CC=C1)C=C2,QMHSXPLYMTVAMK-UHFFFAOYSA-N,Cc1cc(/C=N\c2cccc3cccnc32)c(C)n1-c1ccc(N(C)C)cc1,ZINC15 : ZINC000408740176,consensus,0.38235294117647056,zinc15
CN(C)C1=CC2=C(C=C1)[N+](C)=C(\C=C\C1=C(C)N(C(C)=C1)C1=CC=CC=C1)C=C2,QMHSXPLYMTVAMK-UHFFFAOYSA-N,Cc1cc(C=C2C(=O)c3ccccc3C2=O)c(C)n1-c1ccccc1,ZINC15 : ZINC000000447422,consensus,0.3793103448275862,zinc15
CN(C)C1=CC2=C(C=C1)[N+](C)=C(\C=C\C1=C(C)N(C(C)=C1)C1=CC=CC=C1)C=C2,QMHSXPLYMTVAMK-UHFFFAOYSA-N,Cc1cc(/C=C2\CC/C(=C\c3cc(C)n(-c4ccccc4)c3C)C2=O)c(C)n1-c1ccccc1,ZINC15 : ZINC000004762428,consensus,0.3793103448275862,zinc15
CN(C)C1=CC2=C(C=C1)[N+](C)=C(\C=C\C1=C(C)N(C(C)=C1)C1=CC=CC=C1)C=C2,QMHSXPLYMTVAMK-UHFFFAOYSA-N,COc1cccc(/N=C/c2cc(C)n(-c3ccc(N(C)C)cc3)c2C)c1,ZINC15 : ZINC000408741328,consensus,0.3787878787878788,zinc15
CN(C)C1=CC2=C(C=C1)[N+](C)=C(\C=C\C1=C(C)N(C(C)=C1)C1=CC=CC=C1)C=C2,QMHSXPLYMTVAMK-UHFFFAOYSA-N,Cc1cc(/C=C/C(=O)c2ccccc2)c(C)n1-c1ccc(C)cc1,ZINC15 : ZINC000408625744,consensus,0.3770491803278688,zinc15
CN(C)C1=CC2=C(C=C1)[N+](C)=C(\C=C\C1=C(C)N(C(C)=C1)C1=CC=CC=C1)C=C2,QMHSXPLYMTVAMK-UHFFFAOYSA-N,Cc1cc(/C=C2/Sc3ccccc3NC2=O)c(C)n1-c1ccc(N(C)C)cc1,ZINC15 : ZINC000409097007,consensus,0.37681159420289856,zinc15
CN(C)C1=CC2=C(C=C1)[N+](C)=C(\C=C\C1=C(C)N(C(C)=C1)C1=CC=CC=C1)C=C2,QMHSXPLYMTVAMK-UHFFFAOYSA-N,COc1ccc(C(=O)/C=C/c2cc(C)n(-c3ccccc3)c2C)cc1,ZINC15 : ZINC000408646499,consensus,0.375,zinc15
CN(C)C1=CC2=C(C=C1)[N+](C)=C(\C=C\C1=C(C)N(C(C)=C1)C1=CC=CC=C1)C=C2,QMHSXPLYMTVAMK-UHFFFAOYSA-N,Cc1cc(/C=C2/C=C(c3ccc4cc(C)ccc4c3)OC2=O)c(C)n1-c1ccc(N(C)C)cc1,ZINC15 : ZINC000408754742,consensus,0.375,zinc15
CN(C)C1=CC2=C(C=C1)[N+](C)=C(\C=C\C1=C(C)N(C(C)=C1)C1=CC=CC=C1)C=C2,QMHSXPLYMTVAMK-UHFFFAOYSA-N,CCN(CC)c1ccc(/N=C/c2cc(C)n(-c3ccc(N(C)C)cc3)c2C)cc1,ZINC15 : ZINC000408741060,consensus,0.375,zinc15
CN(C)C1=CC2=C(C=C1)[N+](C)=C(\C=C\C1=C(C)N(C(C)=C1)C1=CC=CC=C1)C=C2,QMHSXPLYMTVAMK-UHFFFAOYSA-N,Cc1cc(/C=N/c2ccc(Cl)c(Cl)c2)c(C)n1-c1ccc(N(C)C)cc1,ZINC15 : ZINC000408741626,consensus,0.375,zinc15
CN(C)C1=CC2=C(C=C1)[N+](C)=C(\C=C\C1=C(C)N(C(C)=C1)C1=CC=CC=C1)C=C2,QMHSXPLYMTVAMK-UHFFFAOYSA-N,Cc1cc(/C=N\c2ccc(N(C)C)cc2)c(C)n1-c1ccc(C(C)(C)C)cc1,ZINC15 : ZINC000408967990,consensus,0.375,zinc15
CN(C)C1=CC2=C(C=C1)[N+](C)=C(\C=C\C1=C(C)N(C(C)=C1)C1=CC=CC=C1)C=C2,QMHSXPLYMTVAMK-UHFFFAOYSA-N,Cc1cc(/C=N/c2ccc(C(C)C)cc2)c(C)n1-c1ccc(N(C)C)cc1,ZINC15 : ZINC000408742757,consensus,0.375,zinc15
CN(C)C1=CC2=C(C=C1)[N+](C)=C(\C=C\C1=C(C)N(C(C)=C1)C1=CC=CC=C1)C=C2,QMHSXPLYMTVAMK-UHFFFAOYSA-N,COc1ccc(/N=C/c2cc(C)n(-c3ccc(N(C)C)cc3)c2C)cc1,ZINC15 : ZINC000005612856,consensus,0.375,zinc15
CN(C)C1=CC2=C(C=C1)[N+](C)=C(\C=C\C1=C(C)N(C(C)=C1)C1=CC=CC=C1)C=C2,QMHSXPLYMTVAMK-UHFFFAOYSA-N,Cc1cc(/C=C/C(=O)N2CCOCC2)c(C)n1-c1ccccc1,ZINC15 : ZINC000012533634,consensus,0.375,zinc15
CN(C)C1=CC2=C(C=C1)[N+](C)=C(\C=C\C1=C(C)N(C(C)=C1)C1=CC=CC=C1)C=C2,QMHSXPLYMTVAMK-UHFFFAOYSA-N,Cc1cc(/C=N/c2ccc(C(C)(C)C)cc2)c(C)n1-c1ccc(N(C)C)cc1,ZINC15 : ZINC000408740842,consensus,0.375,zinc15
CN(C)C1=CC2=C(C=C1)[N+](C)=C(\C=C\C1=C(C)N(C(C)=C1)C1=CC=CC=C1)C=C2,QMHSXPLYMTVAMK-UHFFFAOYSA-N,Cc1ccc2c(ccc(/C=C/c3ccc(O)c4ncccc34)[n+]2C)c1,ZINC15 : ZINC000004900201,consensus,0.373134328358209,zinc15
CN(C)C1=CC2=C(C=C1)[N+](C)=C(\C=C\C1=C(C)N(C(C)=C1)C1=CC=CC=C1)C=C2,QMHSXPLYMTVAMK-UHFFFAOYSA-N,Cc1cc(/C=N/c2ccc(-c3ccccc3)cc2)c(C)n1-c1ccccc1,ZINC15 : ZINC000408737926,consensus,0.3728813559322034,zinc15
CN(C)C1=CC2=C(C=C1)[N+](C)=C(\C=C\C1=C(C)N(C(C)=C1)C1=CC=CC=C1)C=C2,QMHSXPLYMTVAMK-UHFFFAOYSA-N,Cc1ccc(C)n1-c1ccc(/N=C\c2cc(C)n(-c3ccccc3)c2C)cc1,ZINC15 : ZINC000408790429,consensus,0.3728813559322034,zinc15
CN(C)C1=CC2=C(C=C1)[N+](C)=C(\C=C\C1=C(C)N(C(C)=C1)C1=CC=CC=C1)C=C2,QMHSXPLYMTVAMK-UHFFFAOYSA-N,Cc1cc(/C=C/C(=O)N(C)[C@H]2CCS(=O)(=O)C2)c(C)n1-c1ccccc1,ZINC15 : ZINC000198681858,consensus,0.37142857142857144,zinc15
CN(C)C1=CC2=C(C=C1)[N+](C)=C(\C=C\C1=C(C)N(C(C)=C1)C1=CC=CC=C1)C=C2,QMHSXPLYMTVAMK-UHFFFAOYSA-N,Cc1cc(/C=C/C(=O)N(C)[C@@H]2CCS(=O)(=O)C2)c(C)n1-c1ccccc1,ZINC15 : ZINC000198681842,consensus,0.37142857142857144,zinc15
CN(C)C1=CC2=C(C=C1)[N+](C)=C(\C=C\C1=C(C)N(C(C)=C1)C1=CC=CC=C1)C=C2,QMHSXPLYMTVAMK-UHFFFAOYSA-N,Cc1cc(/C=N/N(c2ccccc2)c2ccccc2)c(C)n1-c1ccc(I)cc1,ZINC15 : ZINC000408768605,consensus,0.3709677419354839,zinc15
CN(C)C1=CC2=C(C=C1)[N+](C)=C(\C=C\C1=C(C)N(C(C)=C1)C1=CC=CC=C1)C=C2,QMHSXPLYMTVAMK-UHFFFAOYSA-N,COc1ccc(OC)c(/C=C/c2ccc3ccccc3[n+]2C)c1,ZINC15 : ZINC000016998871,consensus,0.3709677419354839,zinc15
CN(C)C1=CC2=C(C=C1)[N+](C)=C(\C=C\C1=C(C)N(C(C)=C1)C1=CC=CC=C1)C=C2,QMHSXPLYMTVAMK-UHFFFAOYSA-N,CN(C)c1ccc(/C=C/c2cc(-c3ccccc3)[n+](C)c3ccccc23)cc1,ZINC15 : ZINC000685944544,consensus,0.3709677419354839,zinc15
CN(C)C1=CC2=C(C=C1)[N+](C)=C(\C=C\C1=C(C)N(C(C)=C1)C1=CC=CC=C1)C=C2,QMHSXPLYMTVAMK-UHFFFAOYSA-N,Cc1cc(/C=C/c2ccc3cc(N(C)C)ccc3[n+]2C)c(C)n1-c1ccccc1,ZINC15 : ZINC000003831401,morgan,1.0,zinc15
CN(C)C1=CC2=C(C=C1)[N+](C)=C(\C=C\C1=C(C)N(C(C)=C1)C1=CC=CC=C1)C=C2,QMHSXPLYMTVAMK-UHFFFAOYSA-N,Cc1cc(/C=C/c2ccc3cc(-c4ccccc4)ccc3[n+]2C)c(C)n1-c1ccccc1,ZINC15 : ZINC000095918023,morgan,0.7307692307692307,zinc15
CN(C)C1=CC2=C(C=C1)[N+](C)=C(\C=C\C1=C(C)N(C(C)=C1)C1=CC=CC=C1)C=C2,QMHSXPLYMTVAMK-UHFFFAOYSA-N,Cc1cc(/C=C\c2cccc[n+]2C)c(C)n1-c1ccccc1,ZINC15 : ZINC000008581490,morgan,0.5471698113207547,zinc15
CN(C)C1=CC2=C(C=C1)[N+](C)=C(\C=C\C1=C(C)N(C(C)=C1)C1=CC=CC=C1)C=C2,QMHSXPLYMTVAMK-UHFFFAOYSA-N,Cc1cc(/C=C/c2ccc3cc(C)ccc3[n+]2CCO)c(C)n1-c1ccccc1,ZINC15 : ZINC000004366807,morgan,0.5409836065573771,zinc15
CN(C)C1=CC2=C(C=C1)[N+](C)=C(\C=C\C1=C(C)N(C(C)=C1)C1=CC=CC=C1)C=C2,QMHSXPLYMTVAMK-UHFFFAOYSA-N,CN(C)c1ccc(/C=C/c2ccc3ccccc3[n+]2C)c(Cl)c1,ZINC15 : ZINC000004361501,morgan,0.5357142857142857,zinc15
CN(C)C1=CC2=C(C=C1)[N+](C)=C(\C=C\C1=C(C)N(C(C)=C1)C1=CC=CC=C1)C=C2,QMHSXPLYMTVAMK-UHFFFAOYSA-N,Cc1ccc2c(ccc(/C=C/c3ccc(N(C)C)cc3)[n+]2C)c1,ZINC15 : ZINC000004123269,morgan,0.5185185185185185,zinc15
CN(C)C1=CC2=C(C=C1)[N+](C)=C(\C=C\C1=C(C)N(C(C)=C1)C1=CC=CC=C1)C=C2,QMHSXPLYMTVAMK-UHFFFAOYSA-N,COc1ccc(/C=C/c2ccc3cc(N(C)C)ccc3[n+]2C)cc1,ZINC15 : ZINC000020070254,morgan,0.5178571428571429,zinc15
CN(C)C1=CC2=C(C=C1)[N+](C)=C(\C=C\C1=C(C)N(C(C)=C1)C1=CC=CC=C1)C=C2,QMHSXPLYMTVAMK-UHFFFAOYSA-N,CN(C)c1ccc(/C=C\c2ccc3ccccc3[n+]2C)cc1,ZINC15 : ZINC000003845700,morgan,0.5094339622641509,zinc15
CN(C)C1=CC2=C(C=C1)[N+](C)=C(\C=C\C1=C(C)N(C(C)=C1)C1=CC=CC=C1)C=C2,QMHSXPLYMTVAMK-UHFFFAOYSA-N,Cc1cc(/C=N/c2ccc(N(C)C)cc2)c(C)n1-c1ccccc1,ZINC15 : ZINC000408737956,morgan,0.5,zinc15
CN(C)C1=CC2=C(C=C1)[N+](C)=C(\C=C\C1=C(C)N(C(C)=C1)C1=CC=CC=C1)C=C2,QMHSXPLYMTVAMK-UHFFFAOYSA-N,Cc1cc(/C=N/c2ccccc2)c(C)n1-c1ccc(N(C)C)cc1,ZINC15 : ZINC000408743029,morgan,0.47368421052631576,zinc15
CN(C)C1=CC2=C(C=C1)[N+](C)=C(\C=C\C1=C(C)N(C(C)=C1)C1=CC=CC=C1)C=C2,QMHSXPLYMTVAMK-UHFFFAOYSA-N,Cc1ccc2ccc(/C=C/c3ccc(N(C)C)cc3)[n+](C)c2c1,ZINC15 : ZINC000005027450,morgan,0.4642857142857143,zinc15
CN(C)C1=CC2=C(C=C1)[N+](C)=C(\C=C\C1=C(C)N(C(C)=C1)C1=CC=CC=C1)C=C2,QMHSXPLYMTVAMK-UHFFFAOYSA-N,Cc1cc(/C=N/c2ccc3ccccc3c2)c(C)n1-c1ccc(N(C)C)cc1,ZINC15 : ZINC000408741085,morgan,0.45901639344262296,zinc15
CN(C)C1=CC2=C(C=C1)[N+](C)=C(\C=C\C1=C(C)N(C(C)=C1)C1=CC=CC=C1)C=C2,QMHSXPLYMTVAMK-UHFFFAOYSA-N,Cc1cc(/C=N/O)c(C)n1-c1ccc(N(C)C)cc1,ZINC15 : ZINC000000176949,morgan,0.45454545454545453,zinc15
CN(C)C1=CC2=C(C=C1)[N+](C)=C(\C=C\C1=C(C)N(C(C)=C1)C1=CC=CC=C1)C=C2,QMHSXPLYMTVAMK-UHFFFAOYSA-N,Cc1cc(/C=C2/C(=O)N(c3ccccc3)N=C2C)c(C)n1-c1ccc(N(C)C)cc1,ZINC15 : ZINC000013119748,morgan,0.453125,zinc15
CN(C)C1=CC2=C(C=C1)[N+](C)=C(\C=C\C1=C(C)N(C(C)=C1)C1=CC=CC=C1)C=C2,QMHSXPLYMTVAMK-UHFFFAOYSA-N,Cc1cc(/C=C2\C(=O)N(c3ccccc3)N=C2C)c(C)n1-c1ccc(N(C)C)cc1,ZINC15 : ZINC000004499405,morgan,0.453125,zinc15
CN(C)C1=CC2=C(C=C1)[N+](C)=C(\C=C\C1=C(C)N(C(C)=C1)C1=CC=CC=C1)C=C2,QMHSXPLYMTVAMK-UHFFFAOYSA-N,Cc1cc(C=O)c(C)n1-c1ccc(N(C)C)cc1,ZINC15 : ZINC000000308839,morgan,0.4528301886792453,zinc15
CN(C)C1=CC2=C(C=C1)[N+](C)=C(\C=C\C1=C(C)N(C(C)=C1)C1=CC=CC=C1)C=C2,QMHSXPLYMTVAMK-UHFFFAOYSA-N,Cc1cc(C=C2C(=O)N(c3ccccc3)C(=O)N(c3ccccc3)C2=O)c(C)n1-c1ccc(N(C)C)cc1,ZINC15 : ZINC000408741534,morgan,0.45161290322580644,zinc15
CN(C)C1=CC2=C(C=C1)[N+](C)=C(\C=C\C1=C(C)N(C(C)=C1)C1=CC=CC=C1)C=C2,QMHSXPLYMTVAMK-UHFFFAOYSA-N,Cc1cc(/C=N/c2ccc(-c3ccccc3)cc2)c(C)n1-c1ccc(N(C)C)cc1,ZINC15 : ZINC000408740461,morgan,0.4426229508196721,zinc15
CN(C)C1=CC2=C(C=C1)[N+](C)=C(\C=C\C1=C(C)N(C(C)=C1)C1=CC=CC=C1)C=C2,QMHSXPLYMTVAMK-UHFFFAOYSA-N,Cc1cc(/C=C2/C(=O)[N-]N(c3ccccc3)C2=O)c(C)n1-c1ccc(N(C)C)cc1,ZINC15 : ZINC000108986069,morgan,0.4375,zinc15
CN(C)C1=CC2=C(C=C1)[N+](C)=C(\C=C\C1=C(C)N(C(C)=C1)C1=CC=CC=C1)C=C2,QMHSXPLYMTVAMK-UHFFFAOYSA-N,Cc1cc(/C=N/c2ccccc2C)c(C)n1-c1ccc(N(C)C)cc1,ZINC15 : ZINC000408741653,morgan,0.43333333333333335,zinc15
CN(C)C1=CC2=C(C=C1)[N+](C)=C(\C=C\C1=C(C)N(C(C)=C1)C1=CC=CC=C1)C=C2,QMHSXPLYMTVAMK-UHFFFAOYSA-N,Cc1cc(C=C2C(=O)c3ccccc3C2=O)c(C)n1-c1ccc(N(C)C)cc1,ZINC15 : ZINC000000665381,morgan,0.43333333333333335,zinc15
CN(C)C1=CC2=C(C=C1)[N+](C)=C(\C=C\C1=C(C)N(C(C)=C1)C1=CC=CC=C1)C=C2,QMHSXPLYMTVAMK-UHFFFAOYSA-N,Cc1cccc2ccc(/C=C/c3ccc(N(C)C)cc3)[n+](C)c12,ZINC15 : ZINC000004123258,morgan,0.43103448275862066,zinc15
CN(C)C1=CC2=C(C=C1)[N+](C)=C(\C=C\C1=C(C)N(C(C)=C1)C1=CC=CC=C1)C=C2,QMHSXPLYMTVAMK-UHFFFAOYSA-N,Cc1cc(/C=C2\SC(=O)N(c3ccccc3)C2=O)c(C)n1-c1ccc(N(C)C)cc1,ZINC15 : ZINC000144228879,morgan,0.4307692307692308,zinc15
CN(C)C1=CC2=C(C=C1)[N+](C)=C(\C=C\C1=C(C)N(C(C)=C1)C1=CC=CC=C1)C=C2,QMHSXPLYMTVAMK-UHFFFAOYSA-N,Cc1cc(/C=C/C(=O)[O-])c(C)n1-c1ccccc1,ZINC15 : ZINC000003888735,morgan,0.42857142857142855,zinc15
CN(C)C1=CC2=C(C=C1)[N+](C)=C(\C=C\C1=C(C)N(C(C)=C1)C1=CC=CC=C1)C=C2,QMHSXPLYMTVAMK-UHFFFAOYSA-N,Cc1cc(/C=N/c2cccc3ccccc32)c(C)n1-c1ccc(N(C)C)cc1,ZINC15 : ZINC000408739735,morgan,0.42857142857142855,zinc15
CN(C)C1=CC2=C(C=C1)[N+](C)=C(\C=C\C1=C(C)N(C(C)=C1)C1=CC=CC=C1)C=C2,QMHSXPLYMTVAMK-UHFFFAOYSA-N,Cc1cc(/C=N/N(c2ccccc2)c2ccccc2)c(C)n1-c1ccccc1,ZINC15 : ZINC000408779793,morgan,0.42857142857142855,zinc15
CN(C)C1=CC2=C(C=C1)[N+](C)=C(\C=C\C1=C(C)N(C(C)=C1)C1=CC=CC=C1)C=C2,QMHSXPLYMTVAMK-UHFFFAOYSA-N,Cc1cc(/C=C2\C(=O)N(C)C(=O)N(c3ccccc3)C2=O)c(C)n1-c1ccc(N(C)C)cc1,ZINC15 : ZINC000059138723,morgan,0.42424242424242425,zinc15
CN(C)C1=CC2=C(C=C1)[N+](C)=C(\C=C\C1=C(C)N(C(C)=C1)C1=CC=CC=C1)C=C2,QMHSXPLYMTVAMK-UHFFFAOYSA-N,Cc1cc(/C=C/C(=O)c2ccccc2)c(C)n1-c1ccccc1,ZINC15 : ZINC000408618167,morgan,0.42105263157894735,zinc15
CN(C)C1=CC2=C(C=C1)[N+](C)=C(\C=C\C1=C(C)N(C(C)=C1)C1=CC=CC=C1)C=C2,QMHSXPLYMTVAMK-UHFFFAOYSA-N,Cc1cc(/C=N/c2ccc(N(C)C)cc2)c(C)n1-c1ccc(N(C)C)cc1,ZINC15 : ZINC000408742618,morgan,0.42105263157894735,zinc15
CN(C)C1=CC2=C(C=C1)[N+](C)=C(\C=C\C1=C(C)N(C(C)=C1)C1=CC=CC=C1)C=C2,QMHSXPLYMTVAMK-UHFFFAOYSA-N,Cc1cc(/C=N/c2ccccc2O)c(C)n1-c1ccc(N(C)C)cc1,ZINC15 : ZINC000001091609,morgan,0.41935483870967744,zinc15
CN(C)C1=CC2=C(C=C1)[N+](C)=C(\C=C\C1=C(C)N(C(C)=C1)C1=CC=CC=C1)C=C2,QMHSXPLYMTVAMK-UHFFFAOYSA-N,Cc1cc(/C=C2/SC(=S)N(c3ccccc3)C2=O)c(C)n1-c1ccc(N(C)C)cc1,ZINC15 : ZINC000408902136,morgan,0.417910447761194,zinc15
CN(C)C1=CC2=C(C=C1)[N+](C)=C(\C=C\C1=C(C)N(C(C)=C1)C1=CC=CC=C1)C=C2,QMHSXPLYMTVAMK-UHFFFAOYSA-N,Cc1cc(/C=N/N2C(=O)c3ccccc3C2=O)c(C)n1-c1ccc(N(C)C)cc1,ZINC15 : ZINC000001105413,morgan,0.4126984126984127,zinc15
CN(C)C1=CC2=C(C=C1)[N+](C)=C(\C=C\C1=C(C)N(C(C)=C1)C1=CC=CC=C1)C=C2,QMHSXPLYMTVAMK-UHFFFAOYSA-N,CN(C)c1ccc(/C=C/c2ccc3c4ccc(/C=C/c5ccc(N(C)C)cc5)[n+](C)c4ccc3[n+]2C)cc1,ZINC15 : ZINC000016310748,morgan,0.4074074074074074,zinc15
CN(C)C1=CC2=C(C=C1)[N+](C)=C(\C=C\C1=C(C)N(C(C)=C1)C1=CC=CC=C1)C=C2,QMHSXPLYMTVAMK-UHFFFAOYSA-N,CCN(CC)c1ccc(/N=C/c2cc(C)n(-c3ccccc3)c2C)cc1,ZINC15 : ZINC000408738067,morgan,0.4032258064516129,zinc15
CN(C)C1=CC2=C(C=C1)[N+](C)=C(\C=C\C1=C(C)N(C(C)=C1)C1=CC=CC=C1)C=C2,QMHSXPLYMTVAMK-UHFFFAOYSA-N,Cc1cc(/C=N/c2cccc(C)c2)c(C)n1-c1ccc(N(C)C)cc1,ZINC15 : ZINC000408742260,morgan,0.4032258064516129,zinc15
CN(C)C1=CC2=C(C=C1)[N+](C)=C(\C=C\C1=C(C)N(C(C)=C1)C1=CC=CC=C1)C=C2,QMHSXPLYMTVAMK-UHFFFAOYSA-N,Cc1cc(/C=N/c2ccc(N(C)C)cc2)c(C)n1-c1ccc(C)cc1,ZINC15 : ZINC000003170395,morgan,0.4,zinc15
CN(C)C1=CC2=C(C=C1)[N+](C)=C(\C=C\C1=C(C)N(C(C)=C1)C1=CC=CC=C1)C=C2,QMHSXPLYMTVAMK-UHFFFAOYSA-N,Cc1cc(/C=N/c2ccccc2)c(C)n1-c1ccccc1,ZINC15 : ZINC000003193572,morgan,0.4,zinc15
CN(C)C1=CC2=C(C=C1)[N+](C)=C(\C=C\C1=C(C)N(C(C)=C1)C1=CC=CC=C1)C=C2,QMHSXPLYMTVAMK-UHFFFAOYSA-N,Cc1cc(/C=N/c2ccc(/N=C/c3cc(C)n(-c4ccccc4)c3C)cc2)c(C)n1-c1ccccc1,ZINC15 : ZINC000102941358,morgan,0.4,zinc15
CN(C)C1=CC2=C(C=C1)[N+](C)=C(\C=C\C1=C(C)N(C(C)=C1)C1=CC=CC=C1)C=C2,QMHSXPLYMTVAMK-UHFFFAOYSA-N,Cc1cc(/C=N/c2ccc(C)cc2)c(C)n1-c1ccc(N(C)C)cc1,ZINC15 : ZINC000408741843,morgan,0.4,zinc15
CN(C)C1=CC2=C(C=C1)[N+](C)=C(\C=C\C1=C(C)N(C(C)=C1)C1=CC=CC=C1)C=C2,QMHSXPLYMTVAMK-UHFFFAOYSA-N,Cc1cc(/C=N/c2cccc(C)c2C)c(C)n1-c1ccc(N(C)C)cc1,ZINC15 : ZINC000408741459,morgan,0.3968253968253968,zinc15
CN(C)C1=CC2=C(C=C1)[N+](C)=C(\C=C\C1=C(C)N(C(C)=C1)C1=CC=CC=C1)C=C2,QMHSXPLYMTVAMK-UHFFFAOYSA-N,CCc1ccc(/N=C/c2cc(C)n(-c3ccc(N(C)C)cc3)c2C)cc1,ZINC15 : ZINC000408740142,morgan,0.3968253968253968,zinc15
CN(C)C1=CC2=C(C=C1)[N+](C)=C(\C=C\C1=C(C)N(C(C)=C1)C1=CC=CC=C1)C=C2,QMHSXPLYMTVAMK-UHFFFAOYSA-N,Cc1cc(/C=C/c2cccc[n+]2C)c(C)n1-c1ccc2c(c1)OCO2,ZINC15 : ZINC000004932992,morgan,0.3939393939393939,zinc15
CN(C)C1=CC2=C(C=C1)[N+](C)=C(\C=C\C1=C(C)N(C(C)=C1)C1=CC=CC=C1)C=C2,QMHSXPLYMTVAMK-UHFFFAOYSA-N,Cc1cc(/C=N/c2cccc(Cl)c2)c(C)n1-c1ccc(N(C)C)cc1,ZINC15 : ZINC000408739998,morgan,0.390625,zinc15
CN(C)C1=CC2=C(C=C1)[N+](C)=C(\C=C\C1=C(C)N(C(C)=C1)C1=CC=CC=C1)C=C2,QMHSXPLYMTVAMK-UHFFFAOYSA-N,Cc1cc(/C=N/c2ccc(Br)cc2)c(C)n1-c1ccc(N(C)C)cc1,ZINC15 : ZINC000408739275,morgan,0.3870967741935484,zinc15
CN(C)C1=CC2=C(C=C1)[N+](C)=C(\C=C\C1=C(C)N(C(C)=C1)C1=CC=CC=C1)C=C2,QMHSXPLYMTVAMK-UHFFFAOYSA-N,Cc1cc(/C=N/c2ccc(F)cc2)c(C)n1-c1ccc(N(C)C)cc1,ZINC15 : ZINC000408740216,morgan,0.3870967741935484,zinc15
CN(C)C1=CC2=C(C=C1)[N+](C)=C(\C=C\C1=C(C)N(C(C)=C1)C1=CC=CC=C1)C=C2,QMHSXPLYMTVAMK-UHFFFAOYSA-N,Cc1cc(/C=N/c2ccc(N(C)C)cc2)c(C)n1-c1ccc(Cl)cc1,ZINC15 : ZINC000408737483,morgan,0.3870967741935484,zinc15
CN(C)C1=CC2=C(C=C1)[N+](C)=C(\C=C\C1=C(C)N(C(C)=C1)C1=CC=CC=C1)C=C2,QMHSXPLYMTVAMK-UHFFFAOYSA-N,Cc1cc(/C=N/c2ccc(N(C)C)cc2)c(C)n1-c1ccc(F)cc1,ZINC15 : ZINC000408738395,morgan,0.3870967741935484,zinc15
CN(C)C1=CC2=C(C=C1)[N+](C)=C(\C=C\C1=C(C)N(C(C)=C1)C1=CC=CC=C1)C=C2,QMHSXPLYMTVAMK-UHFFFAOYSA-N,Cc1cc(/C=N/c2ccc(I)cc2)c(C)n1-c1ccc(N(C)C)cc1,ZINC15 : ZINC000408742072,morgan,0.3870967741935484,zinc15
CN(C)C1=CC2=C(C=C1)[N+](C)=C(\C=C\C1=C(C)N(C(C)=C1)C1=CC=CC=C1)C=C2,QMHSXPLYMTVAMK-UHFFFAOYSA-N,Cc1cc(/C=N/c2ccc(N(C)C)cc2)c(C)n1-c1ccc(Br)cc1,ZINC15 : ZINC000408738926,morgan,0.3870967741935484,zinc15
CN(C)C1=CC2=C(C=C1)[N+](C)=C(\C=C\C1=C(C)N(C(C)=C1)C1=CC=CC=C1)C=C2,QMHSXPLYMTVAMK-UHFFFAOYSA-N,Cc1cc(/C=N/c2ccc(Cl)cc2)c(C)n1-c1ccc(N(C)C)cc1,ZINC15 : ZINC000408739612,morgan,0.3870967741935484,zinc15
CN(C)C1=CC2=C(C=C1)[N+](C)=C(\C=C\C1=C(C)N(C(C)=C1)C1=CC=CC=C1)C=C2,QMHSXPLYMTVAMK-UHFFFAOYSA-N,Cc1cc(/C=N\c2ccc(N(C)C)cc2)c(C)n1-c1ccc(I)cc1,ZINC15 : ZINC000408776081,morgan,0.3870967741935484,zinc15
CN(C)C1=CC2=C(C=C1)[N+](C)=C(\C=C\C1=C(C)N(C(C)=C1)C1=CC=CC=C1)C=C2,QMHSXPLYMTVAMK-UHFFFAOYSA-N,Cc1cc(/C=N/c2ccc(O)cc2)c(C)n1-c1ccc(N(C)C)cc1,ZINC15 : ZINC000408743197,morgan,0.3870967741935484,zinc15
CN(C)C1=CC2=C(C=C1)[N+](C)=C(\C=C\C1=C(C)N(C(C)=C1)C1=CC=CC=C1)C=C2,QMHSXPLYMTVAMK-UHFFFAOYSA-N,Cc1cc(C=C2C(=O)c3ccccc3C2=O)c(C)n1-c1ccccc1,ZINC15 : ZINC000000447422,morgan,0.3793103448275862,zinc15
CN(C)C1=CC2=C(C=C1)[N+](C)=C(\C=C\C1=C(C)N(C(C)=C1)C1=CC=CC=C1)C=C2,QMHSXPLYMTVAMK-UHFFFAOYSA-N,Cc1cc(/C=C2\CC/C(=C\c3cc(C)n(-c4ccccc4)c3C)C2=O)c(C)n1-c1ccccc1,ZINC15 : ZINC000004762428,morgan,0.3793103448275862,zinc15
CN(C)C1=CC2=C(C=C1)[N+](C)=C(\C=C\C1=C(C)N(C(C)=C1)C1=CC=CC=C1)C=C2,QMHSXPLYMTVAMK-UHFFFAOYSA-N,COc1cccc(/N=C/c2cc(C)n(-c3ccc(N(C)C)cc3)c2C)c1,ZINC15 : ZINC000408741328,morgan,0.3787878787878788,zinc15
CN(C)C1=CC2=C(C=C1)[N+](C)=C(\C=C\C1=C(C)N(C(C)=C1)C1=CC=CC=C1)C=C2,QMHSXPLYMTVAMK-UHFFFAOYSA-N,Cc1cc(/C=C/C(=O)c2ccccc2)c(C)n1-c1ccc(C)cc1,ZINC15 : ZINC000408625744,morgan,0.3770491803278688,zinc15
CN(C)C1=CC2=C(C=C1)[N+](C)=C(\C=C\C1=C(C)N(C(C)=C1)C1=CC=CC=C1)C=C2,QMHSXPLYMTVAMK-UHFFFAOYSA-N,Cc1cc(/C=C2/Sc3ccccc3NC2=O)c(C)n1-c1ccc(N(C)C)cc1,ZINC15 : ZINC000409097007,morgan,0.37681159420289856,zinc15
CN(C)C1=CC2=C(C=C1)[N+](C)=C(\C=C\C1=C(C)N(C(C)=C1)C1=CC=CC=C1)C=C2,QMHSXPLYMTVAMK-UHFFFAOYSA-N,Cc1cc(/C=N\c2ccc(N(C)C)cc2)c(C)n1-c1ccc(C(C)(C)C)cc1,ZINC15 : ZINC000408967990,morgan,0.375,zinc15
CN(C)C1=CC2=C(C=C1)[N+](C)=C(\C=C\C1=C(C)N(C(C)=C1)C1=CC=CC=C1)C=C2,QMHSXPLYMTVAMK-UHFFFAOYSA-N,CCN(CC)c1ccc(/N=C/c2cc(C)n(-c3ccc(N(C)C)cc3)c2C)cc1,ZINC15 : ZINC000408741060,morgan,0.375,zinc15
CN(C)C1=CC2=C(C=C1)[N+](C)=C(\C=C\C1=C(C)N(C(C)=C1)C1=CC=CC=C1)C=C2,QMHSXPLYMTVAMK-UHFFFAOYSA-N,Cc1cc(/C=N/c2ccc(C(C)(C)C)cc2)c(C)n1-c1ccc(N(C)C)cc1,ZINC15 : ZINC000408740842,morgan,0.375,zinc15
CN(C)C1=CC2=C(C=C1)[N+](C)=C(\C=C\C1=C(C)N(C(C)=C1)C1=CC=CC=C1)C=C2,QMHSXPLYMTVAMK-UHFFFAOYSA-N,Cc1cc(/C=N/c2ccc(C(C)C)cc2)c(C)n1-c1ccc(N(C)C)cc1,ZINC15 : ZINC000408742757,morgan,0.375,zinc15
CN(C)C1=CC2=C(C=C1)[N+](C)=C(\C=C\C1=C(C)N(C(C)=C1)C1=CC=CC=C1)C=C2,QMHSXPLYMTVAMK-UHFFFAOYSA-N,COc1ccc(/N=C/c2cc(C)n(-c3ccc(N(C)C)cc3)c2C)cc1,ZINC15 : ZINC000005612856,morgan,0.375,zinc15
CN(C)C1=CC2=C(C=C1)[N+](C)=C(\C=C\C1=C(C)N(C(C)=C1)C1=CC=CC=C1)C=C2,QMHSXPLYMTVAMK-UHFFFAOYSA-N,Cc1ccc(C)n1-c1ccc(/N=C\c2cc(C)n(-c3ccccc3)c2C)cc1,ZINC15 : ZINC000408790429,morgan,0.3728813559322034,zinc15
CN(C)C1=CC2=C(C=C1)[N+](C)=C(\C=C\C1=C(C)N(C(C)=C1)C1=CC=CC=C1)C=C2,QMHSXPLYMTVAMK-UHFFFAOYSA-N,Cc1cc(/C=N/c2ccc(-c3ccccc3)cc2)c(C)n1-c1ccccc1,ZINC15 : ZINC000408737926,morgan,0.3728813559322034,zinc15
CN(C)C1=CC2=C(C=C1)[N+](C)=C(\C=C\C1=C(C)N(C(C)=C1)C1=CC=CC=C1)C=C2,QMHSXPLYMTVAMK-UHFFFAOYSA-N,CN(C)c1ccc(/C=C/c2cc(-c3ccccc3)[n+](C)c3ccccc23)cc1,ZINC15 : ZINC000685944544,morgan,0.3709677419354839,zinc15
CN(C)C1=CC2=C(C=C1)[N+](C)=C(\C=C\C1=C(C)N(C(C)=C1)C1=CC=CC=C1)C=C2,QMHSXPLYMTVAMK-UHFFFAOYSA-N,Cc1cc(/C=C2\SC(=O)N(C)C2=O)c(C)n1-c1ccc(N(C)C)cc1,ZINC15 : ZINC000408820688,morgan,0.36923076923076925,zinc15
CN(C)C1=CC2=C(C=C1)[N+](C)=C(\C=C\C1=C(C)N(C(C)=C1)C1=CC=CC=C1)C=C2,QMHSXPLYMTVAMK-UHFFFAOYSA-N,Cc1cc(/C=N/c2ccc(O)cc2)c(C)n1-c1ccccc1,ZINC15 : ZINC000001091595,morgan,0.36666666666666664,zinc15
CN(C)C1=CC2=C(C=C1)[N+](C)=C(\C=C\C1=C(C)N(C(C)=C1)C1=CC=CC=C1)C=C2,QMHSXPLYMTVAMK-UHFFFAOYSA-N,Cc1cc(/C=N\c2ccccc2F)c(C)n1-c1ccccc1,ZINC15 : ZINC000408769652,morgan,0.36666666666666664,zinc15
CN(C)C1=CC2=C(C=C1)[N+](C)=C(\C=C\C1=C(C)N(C(C)=C1)C1=CC=CC=C1)C=C2,QMHSXPLYMTVAMK-UHFFFAOYSA-N,Cc1cc(/C=N/c2ccc(C)c(C)c2)c(C)n1-c1ccccc1,ZINC15 : ZINC000003193112,morgan,0.36666666666666664,zinc15
CN(C)C1=CC2=C(C=C1)[N+](C)=C(\C=C\C1=C(C)N(C(C)=C1)C1=CC=CC=C1)C=C2,QMHSXPLYMTVAMK-UHFFFAOYSA-N,Cc1cc(/C=N\c2ccc(N(C)C)cc2)c(C)n1-c1ccc(C)c(C)c1,ZINC15 : ZINC000408740836,morgan,0.36507936507936506,zinc15
CN(C)C1=CC2=C(C=C1)[N+](C)=C(\C=C\C1=C(C)N(C(C)=C1)C1=CC=CC=C1)C=C2,QMHSXPLYMTVAMK-UHFFFAOYSA-N,Cc1cc(/C=C/C(=O)c2ccccc2)c(C)n1-c1ccc(F)cc1,ZINC15 : ZINC000408619765,morgan,0.36507936507936506,zinc15
CN(C)C1=CC2=C(C=C1)[N+](C)=C(\C=C\C1=C(C)N(C(C)=C1)C1=CC=CC=C1)C=C2,QMHSXPLYMTVAMK-UHFFFAOYSA-N,Cc1cc(/C=C/C(=O)c2ccccc2)c(C)n1-c1ccc(Cl)cc1,ZINC15 : ZINC000408620463,morgan,0.36507936507936506,zinc15
CN(C)C1=CC2=C(C=C1)[N+](C)=C(\C=C\C1=C(C)N(C(C)=C1)C1=CC=CC=C1)C=C2,QMHSXPLYMTVAMK-UHFFFAOYSA-N,CN(C)c1ccc(/C=C/c2cc(-c3ccccc3)cc(-c3ccccc3)[n+]2C)cc1,ZINC15 : ZINC000685944533,morgan,0.36065573770491804,zinc15
CN(C)C1=CC2=C(C=C1)[N+](C)=C(\C=C\C1=C(C)N(C(C)=C1)C1=CC=CC=C1)C=C2,QMHSXPLYMTVAMK-UHFFFAOYSA-N,Cc1cc(/C=N/c2ccc(Nc3ccccc3)cc2)c(C)n1-c1ccccc1,ZINC15 : ZINC000408787292,morgan,0.36065573770491804,zinc15
CN(C)C1=CC2=C(C=C1)[N+](C)=C(\C=C\C1=C(C)N(C(C)=C1)C1=CC=CC=C1)C=C2,QMHSXPLYMTVAMK-UHFFFAOYSA-N,Cc1cc(/C=N/c2ccc([N+](=O)[O-])cc2)c(C)n1-c1ccc(N(C)C)cc1,ZINC15 : ZINC000408742141,morgan,0.3582089552238806,zinc15
CN(C)C1=CC2=C(C=C1)[N+](C)=C(\C=C\C1=C(C)N(C(C)=C1)C1=CC=CC=C1)C=C2,QMHSXPLYMTVAMK-UHFFFAOYSA-N,Cc1cc(/C=N/c2ccc(C(=O)[O-])cc2)c(C)n1-c1ccc(N(C)C)cc1,ZINC15 : ZINC000001095214,morgan,0.3582089552238806,zinc15
CN(C)C1=CC2=C(C=C1)[N+](C)=C(\C=C\C1=C(C)N(C(C)=C1)C1=CC=CC=C1)C=C2,QMHSXPLYMTVAMK-UHFFFAOYSA-N,C[n+]1c(/C=C/c2ccc([N+](C)(C)C)cc2)ccc2ccccc21,ZINC15 : ZINC000005535488,morgan,0.3559322033898305,zinc15
CN(C)C1=CC2=C(C=C1)[N+](C)=C(\C=C\C1=C(C)N(C(C)=C1)C1=CC=CC=C1)C=C2,QMHSXPLYMTVAMK-UHFFFAOYSA-N,CN(C)c1ccc(/C=C/c2cc3ccccc3c[n+]2C)cc1,ZINC15 : ZINC000036381177,morgan,0.3559322033898305,zinc15
CN(C)C1=CC2=C(C=C1)[N+](C)=C(\C=C\C1=C(C)N(C(C)=C1)C1=CC=CC=C1)C=C2,QMHSXPLYMTVAMK-UHFFFAOYSA-N,C[n+]1c(/C=C\c2ccc([N+](C)(C)C)cc2)ccc2ccccc21,ZINC15 : ZINC000013404396,morgan,0.3559322033898305,zinc15
CN(C)C1=CC2=C(C=C1)[N+](C)=C(\C=C\C1=C(C)N(C(C)=C1)C1=CC=CC=C1)C=C2,QMHSXPLYMTVAMK-UHFFFAOYSA-N,Cc1cc(/C=N/c2ccccc2)c(C)n1-c1ccc(C)cc1,ZINC15 : ZINC000103750503,morgan,0.3559322033898305,zinc15
CN(C)C1=CC2=C(C=C1)[N+](C)=C(\C=C\C1=C(C)N(C(C)=C1)C1=CC=CC=C1)C=C2,QMHSXPLYMTVAMK-UHFFFAOYSA-N,Cc1cc(/C=C2\S/C(=N\Cc3ccccc3)N(Cc3ccccc3)C2=O)c(C)n1-c1ccc(N(C)C)cc1,ZINC15 : ZINC000408741615,morgan,0.35526315789473684,zinc15
CN(C)C1=CC2=C(C=C1)[N+](C)=C(\C=C\C1=C(C)N(C(C)=C1)C1=CC=CC=C1)C=C2,QMHSXPLYMTVAMK-UHFFFAOYSA-N,Cc1cc(/C=N/c2ccc(Cl)c(Cl)c2)c(C)n1-c1ccccc1,ZINC15 : ZINC000408737494,morgan,0.3548387096774194,zinc15
CN(C)C1=CC2=C(C=C1)[N+](C)=C(\C=C\C1=C(C)N(C(C)=C1)C1=CC=CC=C1)C=C2,QMHSXPLYMTVAMK-UHFFFAOYSA-N,COc1ccc(/N=C/c2cc(C)n(-c3ccccc3)c2C)cc1,ZINC15 : ZINC000408737995,morgan,0.3548387096774194,zinc15
CN(C)C1=CC2=C(C=C1)[N+](C)=C(\C=C\C1=C(C)N(C(C)=C1)C1=CC=CC=C1)C=C2,QMHSXPLYMTVAMK-UHFFFAOYSA-N,Cc1cc(/C=C/c2cc[n+](C)cc2)c(C)n1-c1ccc2c(c1)OCO2,ZINC15 : ZINC000004932901,morgan,0.35384615384615387,zinc15
CN(C)C1=CC2=C(C=C1)[N+](C)=C(\C=C\C1=C(C)N(C(C)=C1)C1=CC=CC=C1)C=C2,QMHSXPLYMTVAMK-UHFFFAOYSA-N,Cc1cc(/C=N/c2ccc3c(c2)OCO3)c(C)n1-c1ccc(N(C)C)cc1,ZINC15 : ZINC000408914518,morgan,0.35294117647058826,zinc15
CN(C)C1=CC2=C(C=C1)[N+](C)=C(\C=C\C1=C(C)N(C(C)=C1)C1=CC=CC=C1)C=C2,QMHSXPLYMTVAMK-UHFFFAOYSA-N,COC(=O)c1cccc(/N=C/c2cc(C)n(-c3ccc(N(C)C)cc3)c2C)c1,ZINC15 : ZINC000408739422,morgan,0.352112676056338,zinc15
CN(C)C1=CC2=C(C=C1)[N+](C)=C(\C=C\C1=C(C)N(C(C)=C1)C1=CC=CC=C1)C=C2,QMHSXPLYMTVAMK-UHFFFAOYSA-N,CN(C)c1ccc(/C=C\c2c[n+](C)cc3ccccc23)cc1,ZINC15 : ZINC000211172958,morgan,0.35,zinc15
CN(C)C1=CC2=C(C=C1)[N+](C)=C(\C=C\C1=C(C)N(C(C)=C1)C1=CC=CC=C1)C=C2,QMHSXPLYMTVAMK-UHFFFAOYSA-N,CN(C)c1ccc(/C=C/c2cc[n+](C)c3ccccc23)cc1,ZINC15 : ZINC000001282581,morgan,0.35,zinc15
CN(C)C1=CC2=C(C=C1)[N+](C)=C(\C=C\C1=C(C)N(C(C)=C1)C1=CC=CC=C1)C=C2,QMHSXPLYMTVAMK-UHFFFAOYSA-N,CN(C)c1ccc(/C=C/c2c[n+](C)cc3ccccc23)cc1,ZINC15 : ZINC000036382706,morgan,0.35,zinc15
CN(C)C1=CC2=C(C=C1)[N+](C)=C(\C=C\C1=C(C)N(C(C)=C1)C1=CC=CC=C1)C=C2,QMHSXPLYMTVAMK-UHFFFAOYSA-N,Cc1cc(/C=N/c2ccc(C)c(Cl)c2)c(C)n1-c1ccccc1,ZINC15 : ZINC000408782823,morgan,0.3492063492063492,zinc15
CN(C)C1=CC2=C(C=C1)[N+](C)=C(\C=C\C1=C(C)N(C(C)=C1)C1=CC=CC=C1)C=C2,QMHSXPLYMTVAMK-UHFFFAOYSA-N,Cc1cc(/C=N\c2ccc(N(C)C)cc2)c(C)n1-c1ccc(I)c(C)c1,ZINC15 : ZINC000408783256,morgan,0.3484848484848485,zinc15
CN(C)C1=CC2=C(C=C1)[N+](C)=C(\C=C\C1=C(C)N(C(C)=C1)C1=CC=CC=C1)C=C2,QMHSXPLYMTVAMK-UHFFFAOYSA-N,CCc1ccccc1-n1c(C)cc(/C=N\c2ccc(N(C)C)cc2)c1C,ZINC15 : ZINC000408967319,morgan,0.3484848484848485,zinc15
CN(C)C1=CC2=C(C=C1)[N+](C)=C(\C=C\C1=C(C)N(C(C)=C1)C1=CC=CC=C1)C=C2,QMHSXPLYMTVAMK-UHFFFAOYSA-N,C/N=C1\S/C(=C/c2cc(C)n(-c3ccc(N(C)C)cc3)c2C)C(=O)N1C,ZINC15 : ZINC000009264538,morgan,0.34782608695652173,zinc15
CN(C)C1=CC2=C(C=C1)[N+](C)=C(\C=C\C1=C(C)N(C(C)=C1)C1=CC=CC=C1)C=C2,QMHSXPLYMTVAMK-UHFFFAOYSA-N,COC(=O)c1ccc(/N=C/c2cc(C)n(-c3ccc(N(C)C)cc3)c2C)cc1,ZINC15 : ZINC000408741575,morgan,0.34782608695652173,zinc15
CN(C)C1=CC2=C(C=C1)[N+](C)=C(\C=C\C1=C(C)N(C(C)=C1)C1=CC=CC=C1)C=C2,QMHSXPLYMTVAMK-UHFFFAOYSA-N,CC(=O)Nc1ccc(/N=C/c2cc(C)n(-c3ccc(N(C)C)cc3)c2C)cc1,ZINC15 : ZINC000408740742,morgan,0.34782608695652173,zinc15
CN(C)C1=CC2=C(C=C1)[N+](C)=C(\C=C\C1=C(C)N(C(C)=C1)C1=CC=CC=C1)C=C2,QMHSXPLYMTVAMK-UHFFFAOYSA-N,C/N=C1/S/C(=C/c2cc(C)n(-c3ccc(N(C)C)cc3)c2C)C(=O)N1C,ZINC15 : ZINC000101514895,morgan,0.34782608695652173,zinc15
CN(C)C1=CC2=C(C=C1)[N+](C)=C(\C=C\C1=C(C)N(C(C)=C1)C1=CC=CC=C1)C=C2,QMHSXPLYMTVAMK-UHFFFAOYSA-N,CN(C)c1ccc(/C=C/c2cc(-c3ccccc3)[n+](C)c(-c3ccccc3)c2)cc1,ZINC15 : ZINC000685944430,morgan,0.3448275862068966,zinc15
CN(C)C1=CC2=C(C=C1)[N+](C)=C(\C=C\C1=C(C)N(C(C)=C1)C1=CC=CC=C1)C=C2,QMHSXPLYMTVAMK-UHFFFAOYSA-N,Cc1cc(/C=N/c2ccccc2)c(C)n1-c1ccc(Cl)cc1,ZINC15 : ZINC000408737949,morgan,0.3442622950819672,zinc15
CN(C)C1=CC2=C(C=C1)[N+](C)=C(\C=C\C1=C(C)N(C(C)=C1)C1=CC=CC=C1)C=C2,QMHSXPLYMTVAMK-UHFFFAOYSA-N,Cc1cc(/C=C2\c3ccccc3N(C)C2=O)c(C)n1-c1ccccc1,ZINC15 : ZINC000000575050,morgan,0.34375,zinc15
CN(C)C1=CC2=C(C=C1)[N+](C)=C(\C=C\C1=C(C)N(C(C)=C1)C1=CC=CC=C1)C=C2,QMHSXPLYMTVAMK-UHFFFAOYSA-N,Cc1cc(C=NNc2nc3ccccc3n2C)c(C)n1-c1ccccc1,ZINC15 : ZINC000007343431,morgan,0.34328358208955223,zinc15
CN(C)C1=CC2=C(C=C1)[N+](C)=C(\C=C\C1=C(C)N(C(C)=C1)C1=CC=CC=C1)C=C2,QMHSXPLYMTVAMK-UHFFFAOYSA-N,Cc1cc(/C=C/c2ccc3cc(N(C)C)ccc3[n+]2C)c(C)n1-c1ccccc1,ZINC15 : ZINC000003831401,espsim_electrostatic,1.0,zinc15
CN(C)C1=CC2=C(C=C1)[N+](C)=C(\C=C\C1=C(C)N(C(C)=C1)C1=CC=CC=C1)C=C2,QMHSXPLYMTVAMK-UHFFFAOYSA-N,Cc1cc(/C=C/c2ccc3cc(-c4ccccc4)ccc3[n+]2C)c(C)n1-c1ccccc1,ZINC15 : ZINC000095918023,espsim_electrostatic,0.7307692307692307,zinc15
CN(C)C1=CC2=C(C=C1)[N+](C)=C(\C=C\C1=C(C)N(C(C)=C1)C1=CC=CC=C1)C=C2,QMHSXPLYMTVAMK-UHFFFAOYSA-N,Cc1cc(/C=C/c2ccc3cc(C)ccc3[n+]2CCO)c(C)n1-c1ccccc1,ZINC15 : ZINC000004366807,espsim_electrostatic,0.5409836065573771,zinc15
CN(C)C1=CC2=C(C=C1)[N+](C)=C(\C=C\C1=C(C)N(C(C)=C1)C1=CC=CC=C1)C=C2,QMHSXPLYMTVAMK-UHFFFAOYSA-N,CN(C)c1ccc(/C=C/c2ccc3ccccc3[n+]2C)c(Cl)c1,ZINC15 : ZINC000004361501,espsim_electrostatic,0.5357142857142857,zinc15
CN(C)C1=CC2=C(C=C1)[N+](C)=C(\C=C\C1=C(C)N(C(C)=C1)C1=CC=CC=C1)C=C2,QMHSXPLYMTVAMK-UHFFFAOYSA-N,Cc1ccc2c(ccc(/C=C/c3ccc(N(C)C)cc3)[n+]2C)c1,ZINC15 : ZINC000004123269,espsim_electrostatic,0.5185185185185185,zinc15
CN(C)C1=CC2=C(C=C1)[N+](C)=C(\C=C\C1=C(C)N(C(C)=C1)C1=CC=CC=C1)C=C2,QMHSXPLYMTVAMK-UHFFFAOYSA-N,COc1ccc(/C=C/c2ccc3cc(N(C)C)ccc3[n+]2C)cc1,ZINC15 : ZINC000020070254,espsim_electrostatic,0.5178571428571429,zinc15
CN(C)C1=CC2=C(C=C1)[N+](C)=C(\C=C\C1=C(C)N(C(C)=C1)C1=CC=CC=C1)C=C2,QMHSXPLYMTVAMK-UHFFFAOYSA-N,Cc1cc(/C=N/c2ccc(N(C)C)cc2)c(C)n1-c1ccccc1,ZINC15 : ZINC000408737956,espsim_electrostatic,0.5,zinc15
CN(C)C1=CC2=C(C=C1)[N+](C)=C(\C=C\C1=C(C)N(C(C)=C1)C1=CC=CC=C1)C=C2,QMHSXPLYMTVAMK-UHFFFAOYSA-N,Cc1cc(/C=N/c2ccccc2)c(C)n1-c1ccc(N(C)C)cc1,ZINC15 : ZINC000408743029,espsim_electrostatic,0.47368421052631576,zinc15
CN(C)C1=CC2=C(C=C1)[N+](C)=C(\C=C\C1=C(C)N(C(C)=C1)C1=CC=CC=C1)C=C2,QMHSXPLYMTVAMK-UHFFFAOYSA-N,COc1ccc2c(ccc(/C=C/c3ccc(N(C)C)cc3)[n+]2C)c1,ZINC15 : ZINC000020058573,espsim_electrostatic,0.47368421052631576,zinc15
CN(C)C1=CC2=C(C=C1)[N+](C)=C(\C=C\C1=C(C)N(C(C)=C1)C1=CC=CC=C1)C=C2,QMHSXPLYMTVAMK-UHFFFAOYSA-N,Cc1ccc2ccc(/C=C/c3ccc(N(C)C)cc3)[n+](C)c2c1,ZINC15 : ZINC000005027450,espsim_electrostatic,0.4642857142857143,zinc15
CN(C)C1=CC2=C(C=C1)[N+](C)=C(\C=C\C1=C(C)N(C(C)=C1)C1=CC=CC=C1)C=C2,QMHSXPLYMTVAMK-UHFFFAOYSA-N,Cc1cc(/C=N/c2ccc3ccccc3c2)c(C)n1-c1ccc(N(C)C)cc1,ZINC15 : ZINC000408741085,espsim_electrostatic,0.45901639344262296,zinc15
CN(C)C1=CC2=C(C=C1)[N+](C)=C(\C=C\C1=C(C)N(C(C)=C1)C1=CC=CC=C1)C=C2,QMHSXPLYMTVAMK-UHFFFAOYSA-N,Cc1ccc2cc3c(ccc(/C=C/c4ccc(N(C)C)cc4)[n+]3C)cc2n1,ZINC15 : ZINC000005337733,espsim_electrostatic,0.45,zinc15
CN(C)C1=CC2=C(C=C1)[N+](C)=C(\C=C\C1=C(C)N(C(C)=C1)C1=CC=CC=C1)C=C2,QMHSXPLYMTVAMK-UHFFFAOYSA-N,Cc1cc(/C=N/c2ccc(-c3ccccc3)cc2)c(C)n1-c1ccc(N(C)C)cc1,ZINC15 : ZINC000408740461,espsim_electrostatic,0.4426229508196721,zinc15
CN(C)C1=CC2=C(C=C1)[N+](C)=C(\C=C\C1=C(C)N(C(C)=C1)C1=CC=CC=C1)C=C2,QMHSXPLYMTVAMK-UHFFFAOYSA-N,Cc1cccc2ccc(/C=C/c3ccc(N(C)C)cc3)[n+](C)c12,ZINC15 : ZINC000004123258,espsim_electrostatic,0.43103448275862066,zinc15
CN(C)C1=CC2=C(C=C1)[N+](C)=C(\C=C\C1=C(C)N(C(C)=C1)C1=CC=CC=C1)C=C2,QMHSXPLYMTVAMK-UHFFFAOYSA-N,Cc1cc(/C=N/c2cccc3ccccc32)c(C)n1-c1ccc(N(C)C)cc1,ZINC15 : ZINC000408739735,espsim_electrostatic,0.42857142857142855,zinc15
CN(C)C1=CC2=C(C=C1)[N+](C)=C(\C=C\C1=C(C)N(C(C)=C1)C1=CC=CC=C1)C=C2,QMHSXPLYMTVAMK-UHFFFAOYSA-N,COC(=O)c1ccc2c(ccc(/C=C/c3ccc(N(C)C)cc3)[n+]2C)c1,ZINC15 : ZINC000005173902,espsim_electrostatic,0.42857142857142855,zinc15
CN(C)C1=CC2=C(C=C1)[N+](C)=C(\C=C\C1=C(C)N(C(C)=C1)C1=CC=CC=C1)C=C2,QMHSXPLYMTVAMK-UHFFFAOYSA-N,C[n+]1c(/C=C/c2ccccc2)ccc2ccccc21,ZINC15 : ZINC000006824804,espsim_electrostatic,0.4230769230769231,zinc15
CN(C)C1=CC2=C(C=C1)[N+](C)=C(\C=C\C1=C(C)N(C(C)=C1)C1=CC=CC=C1)C=C2,QMHSXPLYMTVAMK-UHFFFAOYSA-N,COc1ccc2ccc(/C=C/c3ccc(N(C)C)cc3)[n+](C)c2c1,ZINC15 : ZINC000020058575,espsim_electrostatic,0.4166666666666667,zinc15
CN(C)C1=CC2=C(C=C1)[N+](C)=C(\C=C\C1=C(C)N(C(C)=C1)C1=CC=CC=C1)C=C2,QMHSXPLYMTVAMK-UHFFFAOYSA-N,CN(C)c1ccc(/C=C/c2cccc3cc4ccccc4[n+](C)c23)cc1,ZINC15 : ZINC000075402886,espsim_electrostatic,0.4166666666666667,zinc15
CN(C)C1=CC2=C(C=C1)[N+](C)=C(\C=C\C1=C(C)N(C(C)=C1)C1=CC=CC=C1)C=C2,QMHSXPLYMTVAMK-UHFFFAOYSA-N,CN(C)c1ccc(/C=C/c2ccc3c4ccc(/C=C/c5ccc(N(C)C)cc5)[n+](C)c4ccc3[n+]2C)cc1,ZINC15 : ZINC000016310748,espsim_electrostatic,0.4074074074074074,zinc15
CN(C)C1=CC2=C(C=C1)[N+](C)=C(\C=C\C1=C(C)N(C(C)=C1)C1=CC=CC=C1)C=C2,QMHSXPLYMTVAMK-UHFFFAOYSA-N,CCN(CC)c1ccc(/N=C/c2cc(C)n(-c3ccccc3)c2C)cc1,ZINC15 : ZINC000408738067,espsim_electrostatic,0.4032258064516129,zinc15
CN(C)C1=CC2=C(C=C1)[N+](C)=C(\C=C\C1=C(C)N(C(C)=C1)C1=CC=CC=C1)C=C2,QMHSXPLYMTVAMK-UHFFFAOYSA-N,Cc1cc(/C=N/c2ccc(C)cc2)c(C)n1-c1ccc(N(C)C)cc1,ZINC15 : ZINC000408741843,espsim_electrostatic,0.4,zinc15
CN(C)C1=CC2=C(C=C1)[N+](C)=C(\C=C\C1=C(C)N(C(C)=C1)C1=CC=CC=C1)C=C2,QMHSXPLYMTVAMK-UHFFFAOYSA-N,Cc1ccc(/C=C/c2ccc3ccccc3[n+]2C)cc1,ZINC15 : ZINC000004377475,espsim_electrostatic,0.4,zinc15
CN(C)C1=CC2=C(C=C1)[N+](C)=C(\C=C\C1=C(C)N(C(C)=C1)C1=CC=CC=C1)C=C2,QMHSXPLYMTVAMK-UHFFFAOYSA-N,CCc1ccc(/N=C/c2cc(C)n(-c3ccc(N(C)C)cc3)c2C)cc1,ZINC15 : ZINC000408740142,espsim_electrostatic,0.3968253968253968,zinc15
CN(C)C1=CC2=C(C=C1)[N+](C)=C(\C=C\C1=C(C)N(C(C)=C1)C1=CC=CC=C1)C=C2,QMHSXPLYMTVAMK-UHFFFAOYSA-N,Cc1cc(/C=N/c2cccc(C)c2C)c(C)n1-c1ccc(N(C)C)cc1,ZINC15 : ZINC000408741459,espsim_electrostatic,0.3968253968253968,zinc15
CN(C)C1=CC2=C(C=C1)[N+](C)=C(\C=C\C1=C(C)N(C(C)=C1)C1=CC=CC=C1)C=C2,QMHSXPLYMTVAMK-UHFFFAOYSA-N,C[n+]1c(/C=C/c2ccccc2Cl)ccc2ccccc21,ZINC15 : ZINC000008614629,espsim_electrostatic,0.39285714285714285,zinc15
CN(C)C1=CC2=C(C=C1)[N+](C)=C(\C=C\C1=C(C)N(C(C)=C1)C1=CC=CC=C1)C=C2,QMHSXPLYMTVAMK-UHFFFAOYSA-N,Cc1cc(/C=N/c2cccc(O)c2)c(C)n1-c1ccc(N(C)C)cc1,ZINC15 : ZINC000408739813,espsim_electrostatic,0.390625,zinc15
CN(C)C1=CC2=C(C=C1)[N+](C)=C(\C=C\C1=C(C)N(C(C)=C1)C1=CC=CC=C1)C=C2,QMHSXPLYMTVAMK-UHFFFAOYSA-N,Cc1cc(/C=N/c2ccc(Cl)cc2)c(C)n1-c1ccc(N(C)C)cc1,ZINC15 : ZINC000408739612,espsim_electrostatic,0.3870967741935484,zinc15
CN(C)C1=CC2=C(C=C1)[N+](C)=C(\C=C\C1=C(C)N(C(C)=C1)C1=CC=CC=C1)C=C2,QMHSXPLYMTVAMK-UHFFFAOYSA-N,Cc1cc(/C=N/c2ccc(O)cc2)c(C)n1-c1ccc(N(C)C)cc1,ZINC15 : ZINC000408743197,espsim_electrostatic,0.3870967741935484,zinc15
CN(C)C1=CC2=C(C=C1)[N+](C)=C(\C=C\C1=C(C)N(C(C)=C1)C1=CC=CC=C1)C=C2,QMHSXPLYMTVAMK-UHFFFAOYSA-N,CN(C)c1ccc2nc(/C=C/c3ccccc3)ccc2c1,ZINC15 : ZINC000005423030,espsim_electrostatic,0.38596491228070173,zinc15
CN(C)C1=CC2=C(C=C1)[N+](C)=C(\C=C\C1=C(C)N(C(C)=C1)C1=CC=CC=C1)C=C2,QMHSXPLYMTVAMK-UHFFFAOYSA-N,COc1cccc(/N=C/c2cc(C)n(-c3ccc(N(C)C)cc3)c2C)c1,ZINC15 : ZINC000408741328,espsim_electrostatic,0.3787878787878788,zinc15
CN(C)C1=CC2=C(C=C1)[N+](C)=C(\C=C\C1=C(C)N(C(C)=C1)C1=CC=CC=C1)C=C2,QMHSXPLYMTVAMK-UHFFFAOYSA-N,Cc1cc(/C=N/c2ccc(C(C)C)cc2)c(C)n1-c1ccc(N(C)C)cc1,ZINC15 : ZINC000408742757,espsim_electrostatic,0.375,zinc15
CN(C)C1=CC2=C(C=C1)[N+](C)=C(\C=C\C1=C(C)N(C(C)=C1)C1=CC=CC=C1)C=C2,QMHSXPLYMTVAMK-UHFFFAOYSA-N,COc1ccc(/N=C/c2cc(C)n(-c3ccc(N(C)C)cc3)c2C)cc1,ZINC15 : ZINC000005612856,espsim_electrostatic,0.375,zinc15
CN(C)C1=CC2=C(C=C1)[N+](C)=C(\C=C\C1=C(C)N(C(C)=C1)C1=CC=CC=C1)C=C2,QMHSXPLYMTVAMK-UHFFFAOYSA-N,Cc1cc(/C=N/c2ccc(C(C)(C)C)cc2)c(C)n1-c1ccc(N(C)C)cc1,ZINC15 : ZINC000408740842,espsim_electrostatic,0.375,zinc15
CN(C)C1=CC2=C(C=C1)[N+](C)=C(\C=C\C1=C(C)N(C(C)=C1)C1=CC=CC=C1)C=C2,QMHSXPLYMTVAMK-UHFFFAOYSA-N,CCN(CC)c1ccc(/N=C/c2cc(C)n(-c3ccc(N(C)C)cc3)c2C)cc1,ZINC15 : ZINC000408741060,espsim_electrostatic,0.375,zinc15
CN(C)C1=CC2=C(C=C1)[N+](C)=C(\C=C\C1=C(C)N(C(C)=C1)C1=CC=CC=C1)C=C2,QMHSXPLYMTVAMK-UHFFFAOYSA-N,Cc1ccc2c(ccc(/C=C/c3ccc(O)c4ncccc34)[n+]2C)c1,ZINC15 : ZINC000004900201,espsim_electrostatic,0.373134328358209,zinc15
CN(C)C1=CC2=C(C=C1)[N+](C)=C(\C=C\C1=C(C)N(C(C)=C1)C1=CC=CC=C1)C=C2,QMHSXPLYMTVAMK-UHFFFAOYSA-N,CC[n+]1c(/C=C/c2ccc(N(C)C)cc2)ccc2cc(C)ccc21,ZINC15 : ZINC000005027448,espsim_electrostatic,0.3709677419354839,zinc15
CN(C)C1=CC2=C(C=C1)[N+](C)=C(\C=C\C1=C(C)N(C(C)=C1)C1=CC=CC=C1)C=C2,QMHSXPLYMTVAMK-UHFFFAOYSA-N,CN(C)c1ccc(/C=C/c2cc(-c3ccccc3)[n+](C)c3ccccc23)cc1,ZINC15 : ZINC000685944544,espsim_electrostatic,0.3709677419354839,zinc15
CN(C)C1=CC2=C(C=C1)[N+](C)=C(\C=C\C1=C(C)N(C(C)=C1)C1=CC=CC=C1)C=C2,QMHSXPLYMTVAMK-UHFFFAOYSA-N,COc1ccc(/C=C/c2ccc3ccccc3[n+]2C)c(OC)c1,ZINC15 : ZINC000004862953,espsim_electrostatic,0.3709677419354839,zinc15
CN(C)C1=CC2=C(C=C1)[N+](C)=C(\C=C\C1=C(C)N(C(C)=C1)C1=CC=CC=C1)C=C2,QMHSXPLYMTVAMK-UHFFFAOYSA-N,COc1ccc(OC)c(/C=C/c2ccc3ccccc3[n+]2C)c1,ZINC15 : ZINC000016998871,espsim_electrostatic,0.3709677419354839,zinc15
CN(C)C1=CC2=C(C=C1)[N+](C)=C(\C=C\C1=C(C)N(C(C)=C1)C1=CC=CC=C1)C=C2,QMHSXPLYMTVAMK-UHFFFAOYSA-N,Cc1cc(/C=N/c2ccc3ncccc3c2)c(C)n1-c1ccccc1,ZINC15 : ZINC000013601387,espsim_electrostatic,0.36923076923076925,zinc15
CN(C)C1=CC2=C(C=C1)[N+](C)=C(\C=C\C1=C(C)N(C(C)=C1)C1=CC=CC=C1)C=C2,QMHSXPLYMTVAMK-UHFFFAOYSA-N,C[n+]1c(/C=C/c2ccc(Cl)cc2)ccc2ccccc21,ZINC15 : ZINC000004377400,espsim_electrostatic,0.3684210526315789,zinc15
CN(C)C1=CC2=C(C=C1)[N+](C)=C(\C=C\C1=C(C)N(C(C)=C1)C1=CC=CC=C1)C=C2,QMHSXPLYMTVAMK-UHFFFAOYSA-N,C[n+]1c(/C=C/c2ccc(F)cc2)ccc2ccccc21,ZINC15 : ZINC000005211952,espsim_electrostatic,0.3684210526315789,zinc15
CN(C)C1=CC2=C(C=C1)[N+](C)=C(\C=C\C1=C(C)N(C(C)=C1)C1=CC=CC=C1)C=C2,QMHSXPLYMTVAMK-UHFFFAOYSA-N,CCOc1cccc(/N=C/c2cc(C)n(-c3ccc(N(C)C)cc3)c2C)c1,ZINC15 : ZINC000408740751,espsim_electrostatic,0.36231884057971014,zinc15
CN(C)C1=CC2=C(C=C1)[N+](C)=C(\C=C\C1=C(C)N(C(C)=C1)C1=CC=CC=C1)C=C2,QMHSXPLYMTVAMK-UHFFFAOYSA-N,CC[n+]1c(/C=C/c2ccc(N(C)C)cc2)ccc2ccccc21,ZINC15 : ZINC000004272045,espsim_electrostatic,0.36065573770491804,zinc15
CN(C)C1=CC2=C(C=C1)[N+](C)=C(\C=C\C1=C(C)N(C(C)=C1)C1=CC=CC=C1)C=C2,QMHSXPLYMTVAMK-UHFFFAOYSA-N,CN(C)c1ccc(/C=C/c2cc(-c3ccccc3)cc(-c3ccccc3)[n+]2C)cc1,ZINC15 : ZINC000685944533,espsim_electrostatic,0.36065573770491804,zinc15
CN(C)C1=CC2=C(C=C1)[N+](C)=C(\C=C\C1=C(C)N(C(C)=C1)C1=CC=CC=C1)C=C2,QMHSXPLYMTVAMK-UHFFFAOYSA-N,COc1ccc(/C=C/c2ccc3ccccc3[n+]2C)cc1,ZINC15 : ZINC000004340555,espsim_electrostatic,0.3559322033898305,zinc15
CN(C)C1=CC2=C(C=C1)[N+](C)=C(\C=C\C1=C(C)N(C(C)=C1)C1=CC=CC=C1)C=C2,QMHSXPLYMTVAMK-UHFFFAOYSA-N,CN(C)c1ccc(/C=C/c2cc3ccccc3c[n+]2C)cc1,ZINC15 : ZINC000036381177,espsim_electrostatic,0.3559322033898305,zinc15
CN(C)C1=CC2=C(C=C1)[N+](C)=C(\C=C\C1=C(C)N(C(C)=C1)C1=CC=CC=C1)C=C2,QMHSXPLYMTVAMK-UHFFFAOYSA-N,C[n+]1c(/C=C/c2ccc([N+](C)(C)C)cc2)ccc2ccccc21,ZINC15 : ZINC000005535488,espsim_electrostatic,0.3559322033898305,zinc15
CN(C)C1=CC2=C(C=C1)[N+](C)=C(\C=C\C1=C(C)N(C(C)=C1)C1=CC=CC=C1)C=C2,QMHSXPLYMTVAMK-UHFFFAOYSA-N,Cc1cc(/C=N/c2ccc(C(C)(C)C)cc2)c(C)n1-c1ccccc1,ZINC15 : ZINC000013633454,espsim_electrostatic,0.3548387096774194,zinc15
CN(C)C1=CC2=C(C=C1)[N+](C)=C(\C=C\C1=C(C)N(C(C)=C1)C1=CC=CC=C1)C=C2,QMHSXPLYMTVAMK-UHFFFAOYSA-N,Cc1cc(/C=N/c2ccc3c(c2)OCO3)c(C)n1-c1ccc(N(C)C)cc1,ZINC15 : ZINC000408914518,espsim_electrostatic,0.35294117647058826,zinc15
CN(C)C1=CC2=C(C=C1)[N+](C)=C(\C=C\C1=C(C)N(C(C)=C1)C1=CC=CC=C1)C=C2,QMHSXPLYMTVAMK-UHFFFAOYSA-N,CN(C)c1ccc(/C=C/c2cc[n+](C)c3ccccc23)cc1,ZINC15 : ZINC000001282581,espsim_electrostatic,0.35,zinc15
CN(C)C1=CC2=C(C=C1)[N+](C)=C(\C=C\C1=C(C)N(C(C)=C1)C1=CC=CC=C1)C=C2,QMHSXPLYMTVAMK-UHFFFAOYSA-N,COC(=O)c1ccc(/N=C/c2cc(C)n(-c3ccc(N(C)C)cc3)c2C)cc1,ZINC15 : ZINC000408741575,espsim_electrostatic,0.34782608695652173,zinc15
CN(C)C1=CC2=C(C=C1)[N+](C)=C(\C=C\C1=C(C)N(C(C)=C1)C1=CC=CC=C1)C=C2,QMHSXPLYMTVAMK-UHFFFAOYSA-N,COC(=O)c1ccc(-n2c(C)cc(/C=N/c3ccc(N(C)C)cc3)c2C)cc1,ZINC15 : ZINC000408741601,espsim_electrostatic,0.34782608695652173,zinc15
CN(C)C1=CC2=C(C=C1)[N+](C)=C(\C=C\C1=C(C)N(C(C)=C1)C1=CC=CC=C1)C=C2,QMHSXPLYMTVAMK-UHFFFAOYSA-N,C=CC[n+]1c(/C=C/c2ccc(N(C)C)cc2)ccc2ccccc21,ZINC15 : ZINC000004747297,espsim_electrostatic,0.34375,zinc15
CN(C)C1=CC2=C(C=C1)[N+](C)=C(\C=C\C1=C(C)N(C(C)=C1)C1=CC=CC=C1)C=C2,QMHSXPLYMTVAMK-UHFFFAOYSA-N,COc1cc(OC)c(/C=C/c2ccc3ccccc3[n+]2C)c(OC)c1,ZINC15 : ZINC000016998866,espsim_electrostatic,0.3387096774193548,zinc15
CN(C)C1=CC2=C(C=C1)[N+](C)=C(\C=C\C1=C(C)N(C(C)=C1)C1=CC=CC=C1)C=C2,QMHSXPLYMTVAMK-UHFFFAOYSA-N,CCOC(=O)c1ccc(/N=C/c2cc(C)n(-c3ccc(N(C)C)cc3)c2C)cc1,ZINC15 : ZINC000408742269,espsim_electrostatic,0.3380281690140845,zinc15
CN(C)C1=CC2=C(C=C1)[N+](C)=C(\C=C\C1=C(C)N(C(C)=C1)C1=CC=CC=C1)C=C2,QMHSXPLYMTVAMK-UHFFFAOYSA-N,CCOC(=O)c1ccc(-n2c(C)cc(/C=N/c3ccc(N(C)C)cc3)c2C)cc1,ZINC15 : ZINC000000843451,espsim_electrostatic,0.3380281690140845,zinc15
CN(C)C1=CC2=C(C=C1)[N+](C)=C(\C=C\C1=C(C)N(C(C)=C1)C1=CC=CC=C1)C=C2,QMHSXPLYMTVAMK-UHFFFAOYSA-N,CN(C)c1ccc(/C=C/c2cccc[n+]2C)cc1,ZINC15 : ZINC000004300859,espsim_electrostatic,0.3333333333333333,zinc15
CN(C)C1=CC2=C(C=C1)[N+](C)=C(\C=C\C1=C(C)N(C(C)=C1)C1=CC=CC=C1)C=C2,QMHSXPLYMTVAMK-UHFFFAOYSA-N,Cc1nc2ccccc2[n+](C)c1/C=C/c1ccc(N(C)C)cc1,ZINC15 : ZINC000075402883,espsim_electrostatic,0.3333333333333333,zinc15
CN(C)C1=CC2=C(C=C1)[N+](C)=C(\C=C\C1=C(C)N(C(C)=C1)C1=CC=CC=C1)C=C2,QMHSXPLYMTVAMK-UHFFFAOYSA-N,CCOc1ccc2c(ccc(/C=C/c3ccc(O)c4ncccc34)[n+]2C)c1,ZINC15 : ZINC000004900202,espsim_electrostatic,0.3333333333333333,zinc15
CN(C)C1=CC2=C(C=C1)[N+](C)=C(\C=C\C1=C(C)N(C(C)=C1)C1=CC=CC=C1)C=C2,QMHSXPLYMTVAMK-UHFFFAOYSA-N,CCOc1ccc(N(C)c2ccc(/C=C/c3ccc4c5ccc(C)nc5ccc4[n+]3C)cc2)cc1,ZINC15 : ZINC000016691598,espsim_electrostatic,0.3287671232876712,zinc15
CN(C)C1=CC2=C(C=C1)[N+](C)=C(\C=C\C1=C(C)N(C(C)=C1)C1=CC=CC=C1)C=C2,QMHSXPLYMTVAMK-UHFFFAOYSA-N,CN(C)c1ccc(/C=C/c2ccc3cc(N(C)C)ccc3n2)cc1,ZINC15 : ZINC000036381127,espsim_electrostatic,0.3275862068965517,zinc15
CN(C)C1=CC2=C(C=C1)[N+](C)=C(\C=C\C1=C(C)N(C(C)=C1)C1=CC=CC=C1)C=C2,QMHSXPLYMTVAMK-UHFFFAOYSA-N,Cc1ccc(/C=C/c2ccc(N(C)C)cc2)[n+](C)c1,ZINC15 : ZINC000003894022,espsim_electrostatic,0.3275862068965517,zinc15
CN(C)C1=CC2=C(C=C1)[N+](C)=C(\C=C\C1=C(C)N(C(C)=C1)C1=CC=CC=C1)C=C2,QMHSXPLYMTVAMK-UHFFFAOYSA-N,CCN(CC)c1ccc(/N=C/c2cc(C)n(-c3cccc(C)c3)c2C)cc1,ZINC15 : ZINC000408755131,espsim_electrostatic,0.3235294117647059,zinc15
CN(C)C1=CC2=C(C=C1)[N+](C)=C(\C=C\C1=C(C)N(C(C)=C1)C1=CC=CC=C1)C=C2,QMHSXPLYMTVAMK-UHFFFAOYSA-N,CN(C)c1ccc(/C=C/c2n(C)c3ccccc3[n+]2C)cc1,ZINC15 : ZINC000137159784,espsim_electrostatic,0.3225806451612903,zinc15
CN(C)C1=CC2=C(C=C1)[N+](C)=C(\C=C\C1=C(C)N(C(C)=C1)C1=CC=CC=C1)C=C2,QMHSXPLYMTVAMK-UHFFFAOYSA-N,CN(C)c1ccc(/C=C/c2cc(/C=C/c3ccc(N(C)C)cc3)c3ccccc3n2)cc1,ZINC15 : ZINC000004058738,espsim_electrostatic,0.3225806451612903,zinc15
CN(C)C1=CC2=C(C=C1)[N+](C)=C(\C=C\C1=C(C)N(C(C)=C1)C1=CC=CC=C1)C=C2,QMHSXPLYMTVAMK-UHFFFAOYSA-N,CCN(CC)c1ccc(/N=C/c2cc(C)n(-c3ccc(C)cc3)c2C)cc1,ZINC15 : ZINC000408739714,espsim_electrostatic,0.3181818181818182,zinc15
CN(C)C1=CC2=C(C=C1)[N+](C)=C(\C=C\C1=C(C)N(C(C)=C1)C1=CC=CC=C1)C=C2,QMHSXPLYMTVAMK-UHFFFAOYSA-N,CCN(CC)c1ccc(/N=C/c2cc(C)n(-c3cccc(Cl)c3)c2C)cc1,ZINC15 : ZINC000408754633,espsim_electrostatic,0.3142857142857143,zinc15
CN(C)C1=CC2=C(C=C1)[N+](C)=C(\C=C\C1=C(C)N(C(C)=C1)C1=CC=CC=C1)C=C2,QMHSXPLYMTVAMK-UHFFFAOYSA-N,CN(C)c1ccc(/C=C/c2cc(-c3ccccc3)c3c([n+]2C)-c2ccccc2C3)cc1,ZINC15 : ZINC000685944456,espsim_electrostatic,0.3142857142857143,zinc15
CN(C)C1=CC2=C(C=C1)[N+](C)=C(\C=C\C1=C(C)N(C(C)=C1)C1=CC=CC=C1)C=C2,QMHSXPLYMTVAMK-UHFFFAOYSA-N,CN(C)c1ccc(/C=C/c2ccccc2)cc1,ZINC15 : ZINC000001000224,espsim_electrostatic,0.3137254901960784,zinc15
CN(C)C1=CC2=C(C=C1)[N+](C)=C(\C=C\C1=C(C)N(C(C)=C1)C1=CC=CC=C1)C=C2,QMHSXPLYMTVAMK-UHFFFAOYSA-N,CN(C)c1ccc(/C=C/c2cc(/C=C/c3ccc(N(C)C)cc3)[n+]3ccccc3n2)cc1,ZINC15 : ZINC000005248099,espsim_electrostatic,0.3125,zinc15
CN(C)C1=CC2=C(C=C1)[N+](C)=C(\C=C\C1=C(C)N(C(C)=C1)C1=CC=CC=C1)C=C2,QMHSXPLYMTVAMK-UHFFFAOYSA-N,CC[n+]1ccc(/C=C/c2ccc(N(C)C)cc2)c2ccccc21,ZINC15 : ZINC000004714750,espsim_electrostatic,0.3125,zinc15
CN(C)C1=CC2=C(C=C1)[N+](C)=C(\C=C\C1=C(C)N(C(C)=C1)C1=CC=CC=C1)C=C2,QMHSXPLYMTVAMK-UHFFFAOYSA-N,CN(C)c1ccc(/C=C/c2cccc3ccccc23)cc1,ZINC15 : ZINC000002032131,espsim_electrostatic,0.3103448275862069,zinc15
CN(C)C1=CC2=C(C=C1)[N+](C)=C(\C=C\C1=C(C)N(C(C)=C1)C1=CC=CC=C1)C=C2,QMHSXPLYMTVAMK-UHFFFAOYSA-N,COC(=O)c1ccc2c(C)cc(/C=C/c3ccc(N(C)C)cc3)[n+](C)c2c1,ZINC15 : ZINC000027987892,espsim_electrostatic,0.30985915492957744,zinc15
CN(C)C1=CC2=C(C=C1)[N+](C)=C(\C=C\C1=C(C)N(C(C)=C1)C1=CC=CC=C1)C=C2,QMHSXPLYMTVAMK-UHFFFAOYSA-N,CCCCn1c(C)c2c(c1C)C=CC(=C/C=C/c1ccc3ccccc3[n+]1C)C=C2,ZINC15 : ZINC000685944251,espsim_electrostatic,0.30985915492957744,zinc15
CN(C)C1=CC2=C(C=C1)[N+](C)=C(\C=C\C1=C(C)N(C(C)=C1)C1=CC=CC=C1)C=C2,QMHSXPLYMTVAMK-UHFFFAOYSA-N,CCN(CC)c1ccc(/N=C/c2cc(C)n(-c3ccc(I)cc3)c2C)cc1,ZINC15 : ZINC000408766372,espsim_electrostatic,0.3088235294117647,zinc15
CN(C)C1=CC2=C(C=C1)[N+](C)=C(\C=C\C1=C(C)N(C(C)=C1)C1=CC=CC=C1)C=C2,QMHSXPLYMTVAMK-UHFFFAOYSA-N,CCN(CC)c1ccc(/N=C/c2cc(C)n(-c3ccc(Cl)cc3)c2C)cc1,ZINC15 : ZINC000408738128,espsim_electrostatic,0.3088235294117647,zinc15
CN(C)C1=CC2=C(C=C1)[N+](C)=C(\C=C\C1=C(C)N(C(C)=C1)C1=CC=CC=C1)C=C2,QMHSXPLYMTVAMK-UHFFFAOYSA-N,CCN(CC)c1ccc(/N=C/c2cc(C)n(-c3ccc(F)cc3)c2C)cc1,ZINC15 : ZINC000100188727,espsim_electrostatic,0.3088235294117647,zinc15
CN(C)C1=CC2=C(C=C1)[N+](C)=C(\C=C\C1=C(C)N(C(C)=C1)C1=CC=CC=C1)C=C2,QMHSXPLYMTVAMK-UHFFFAOYSA-N,CCN(CC)c1ccc(/N=C/c2cc(C)n(-c3ccc(Br)cc3)c2C)cc1,ZINC15 : ZINC000408737923,espsim_electrostatic,0.3088235294117647,zinc15
CN(C)C1=CC2=C(C=C1)[N+](C)=C(\C=C\C1=C(C)N(C(C)=C1)C1=CC=CC=C1)C=C2,QMHSXPLYMTVAMK-UHFFFAOYSA-N,COc1ccccc1/N=C/c1cc(C)n(-c2ccc(C)cc2)c1C,ZINC15 : ZINC000408737980,espsim_electrostatic,0.30303030303030304,zinc15
CN(C)C1=CC2=C(C=C1)[N+](C)=C(\C=C\C1=C(C)N(C(C)=C1)C1=CC=CC=C1)C=C2,QMHSXPLYMTVAMK-UHFFFAOYSA-N,CN(C)c1ccc(/C=C/C=C/c2sc3ccccc3[n+]2C)cc1,ZINC15 : ZINC000001780666,espsim_electrostatic,0.30158730158730157,zinc15
CN(C)C1=CC2=C(C=C1)[N+](C)=C(\C=C\C1=C(C)N(C(C)=C1)C1=CC=CC=C1)C=C2,QMHSXPLYMTVAMK-UHFFFAOYSA-N,CN(C)c1ccc(/C=C/C=C/c2cccc[n+]2C)cc1,ZINC15 : ZINC000001919923,espsim_electrostatic,0.3,zinc15
CN(C)C1=CC2=C(C=C1)[N+](C)=C(\C=C\C1=C(C)N(C(C)=C1)C1=CC=CC=C1)C=C2,QMHSXPLYMTVAMK-UHFFFAOYSA-N,CCN(CC)c1ccc(/N=C/c2cc(C)n(-c3ccc(C(C)(C)C)cc3)c2C)cc1,ZINC15 : ZINC000408967907,espsim_electrostatic,0.3,zinc15
CN(C)C1=CC2=C(C=C1)[N+](C)=C(\C=C\C1=C(C)N(C(C)=C1)C1=CC=CC=C1)C=C2,QMHSXPLYMTVAMK-UHFFFAOYSA-N,Cc1cc(/C=N/c2ccc(N(C)C)cc2)c(C)n1C1CCCCC1,ZINC15 : ZINC000408742228,espsim_electrostatic,0.29850746268656714,zinc15
CN(C)C1=CC2=C(C=C1)[N+](C)=C(\C=C\C1=C(C)N(C(C)=C1)C1=CC=CC=C1)C=C2,QMHSXPLYMTVAMK-UHFFFAOYSA-N,CCN(CC)c1ccc(/N=C/c2cc(C)n(-c3cc(C)cc(C)c3)c2C)cc1,ZINC15 : ZINC000100188724,espsim_electrostatic,0.29850746268656714,zinc15
CN(C)C1=CC2=C(C=C1)[N+](C)=C(\C=C\C1=C(C)N(C(C)=C1)C1=CC=CC=C1)C=C2,QMHSXPLYMTVAMK-UHFFFAOYSA-N,CN(C)c1ccc(/C=C/c2cc[n+](C)c3c2cccc3-c2ccccc2)cc1,ZINC15 : ZINC000248085337,espsim_electrostatic,0.29411764705882354,zinc15
CN(C)C1=CC2=C(C=C1)[N+](C)=C(\C=C\C1=C(C)N(C(C)=C1)C1=CC=CC=C1)C=C2,QMHSXPLYMTVAMK-UHFFFAOYSA-N,COc1ccccc1/N=C/c1cc(C)n(-c2ccc(Cl)cc2)c1C,ZINC15 : ZINC000408738329,espsim_electrostatic,0.29411764705882354,zinc15
CN(C)C1=CC2=C(C=C1)[N+](C)=C(\C=C\C1=C(C)N(C(C)=C1)C1=CC=CC=C1)C=C2,QMHSXPLYMTVAMK-UHFFFAOYSA-N,CCOc1ccc(-n2c(C)cc(/C=N/c3cccc4ccccc43)c2C)cc1,ZINC15 : ZINC000409188193,espsim_electrostatic,0.2916666666666667,zinc15
CN(C)C1=CC2=C(C=C1)[N+](C)=C(\C=C\C1=C(C)N(C(C)=C1)C1=CC=CC=C1)C=C2,QMHSXPLYMTVAMK-UHFFFAOYSA-N,Cc1ccc2nc(/C=C/c3ccc(N(C)C)cc3)ccc2c1,ZINC15 : ZINC000007586274,espsim_electrostatic,0.2903225806451613,zinc15
CN(C)C1=CC2=C(C=C1)[N+](C)=C(\C=C\C1=C(C)N(C(C)=C1)C1=CC=CC=C1)C=C2,QMHSXPLYMTVAMK-UHFFFAOYSA-N,Cc1c[n+](C)c(/C=C/c2ccc(N(C)C)cc2)cn1,ZINC15 : ZINC000075402882,espsim_electrostatic,0.2903225806451613,zinc15
CN(C)C1=CC2=C(C=C1)[N+](C)=C(\C=C\C1=C(C)N(C(C)=C1)C1=CC=CC=C1)C=C2,QMHSXPLYMTVAMK-UHFFFAOYSA-N,CN(C)c1ccc(/C=C/c2nc3ccccc3s2)c(Cl)c1,ZINC15 : ZINC000019927782,espsim_electrostatic,0.2878787878787879,zinc15
CN(C)C1=CC2=C(C=C1)[N+](C)=C(\C=C\C1=C(C)N(C(C)=C1)C1=CC=CC=C1)C=C2,QMHSXPLYMTVAMK-UHFFFAOYSA-N,CC1=CC(C=CC(=O)N(C)C(C)C)=C(C)N1C1=CC=C2OCOC2=C1,ENAMINE-REAL : Z280758490,espsim_electrostatic,0.2876712328767123,enamine-real
CN(C)C1=CC2=C(C=C1)[N+](C)=C(\C=C\C1=C(C)N(C(C)=C1)C1=CC=CC=C1)C=C2,QMHSXPLYMTVAMK-UHFFFAOYSA-N,CC[n+]1c(/C=C/c2ccccc2)ccc2ccccc21,ZINC15 : ZINC000004792456,espsim_electrostatic,0.2833333333333333,zinc15
CN(C)C1=CC2=C(C=C1)[N+](C)=C(\C=C\C1=C(C)N(C(C)=C1)C1=CC=CC=C1)C=C2,QMHSXPLYMTVAMK-UHFFFAOYSA-N,CN(C)c1ccc(/C=C/c2c3ccccc3nc3ccccc23)cc1,ZINC15 : ZINC000036381072,espsim_electrostatic,0.2833333333333333,zinc15
CN(C)C1=CC2=C(C=C1)[N+](C)=C(\C=C\C1=C(C)N(C(C)=C1)C1=CC=CC=C1)C=C2,QMHSXPLYMTVAMK-UHFFFAOYSA-N,CC1=CC(C(=O)N(C)C2=CC=CC(C(=O)O)=C2)=C(C)N1C1=CC=NC=C1,ENAMINE-REAL : PV-006458815225,espsim_electrostatic,0.28169014084507044,enamine-real
CN(C)C1=CC2=C(C=C1)[N+](C)=C(\C=C\C1=C(C)N(C(C)=C1)C1=CC=CC=C1)C=C2,QMHSXPLYMTVAMK-UHFFFAOYSA-N,CCN(CC)c1ccc(/N=C/c2cc(C)n(-c3ccc(I)c(C)c3)c2C)cc1,ZINC15 : ZINC000408768943,espsim_electrostatic,0.28169014084507044,zinc15
CN(C)C1=CC2=C(C=C1)[N+](C)=C(\C=C\C1=C(C)N(C(C)=C1)C1=CC=CC=C1)C=C2,QMHSXPLYMTVAMK-UHFFFAOYSA-N,CCOc1ccccc1/N=C/c1cc(C)n(-c2ccc(Cl)cc2)c1C,ZINC15 : ZINC000408738112,espsim_electrostatic,0.28169014084507044,zinc15
CN(C)C1=CC2=C(C=C1)[N+](C)=C(\C=C\C1=C(C)N(C(C)=C1)C1=CC=CC=C1)C=C2,QMHSXPLYMTVAMK-UHFFFAOYSA-N,CCN(CC)c1ccc(/N=C/c2cc(C)n(-c3ccc(OC(C)=O)cc3)c2C)cc1,ZINC15 : ZINC000000843374,espsim_electrostatic,0.28,zinc15
CN(C)C1=CC2=C(C=C1)[N+](C)=C(\C=C\C1=C(C)N(C(C)=C1)C1=CC=CC=C1)C=C2,QMHSXPLYMTVAMK-UHFFFAOYSA-N,CCN(CC)c1ccc(/N=C/c2cc(C)n(-c3ccccn3)c2C)cc1,ZINC15 : ZINC000409248413,espsim_electrostatic,0.2777777777777778,zinc15
CN(C)C1=CC2=C(C=C1)[N+](C)=C(\C=C\C1=C(C)N(C(C)=C1)C1=CC=CC=C1)C=C2,QMHSXPLYMTVAMK-UHFFFAOYSA-N,Cc1cc(/C=C/c2ccc3cc(N(C)C)ccc3[n+]2C)c(C)n1-c1ccccc1,ZINC15 : ZINC000003831401,espsim_shape,1.0,zinc15
CN(C)C1=CC2=C(C=C1)[N+](C)=C(\C=C\C1=C(C)N(C(C)=C1)C1=CC=CC=C1)C=C2,QMHSXPLYMTVAMK-UHFFFAOYSA-N,Cc1cc(/C=C/c2ccc3cc(-c4ccccc4)ccc3[n+]2C)c(C)n1-c1ccccc1,ZINC15 : ZINC000095918023,espsim_shape,0.7307692307692307,zinc15
CN(C)C1=CC2=C(C=C1)[N+](C)=C(\C=C\C1=C(C)N(C(C)=C1)C1=CC=CC=C1)C=C2,QMHSXPLYMTVAMK-UHFFFAOYSA-N,Cc1cc(/C=C/c2ccc3cc(C)ccc3[n+]2CCO)c(C)n1-c1ccccc1,ZINC15 : ZINC000004366807,espsim_shape,0.5409836065573771,zinc15
CN(C)C1=CC2=C(C=C1)[N+](C)=C(\C=C\C1=C(C)N(C(C)=C1)C1=CC=CC=C1)C=C2,QMHSXPLYMTVAMK-UHFFFAOYSA-N,CN(C)c1ccc(/C=C/c2ccc3ccccc3[n+]2C)c(Cl)c1,ZINC15 : ZINC000004361501,espsim_shape,0.5357142857142857,zinc15
CN(C)C1=CC2=C(C=C1)[N+](C)=C(\C=C\C1=C(C)N(C(C)=C1)C1=CC=CC=C1)C=C2,QMHSXPLYMTVAMK-UHFFFAOYSA-N,COc1ccc(/C=C/c2ccc3cc(N(C)C)ccc3[n+]2C)cc1,ZINC15 : ZINC000020070254,espsim_shape,0.5178571428571429,zinc15
CN(C)C1=CC2=C(C=C1)[N+](C)=C(\C=C\C1=C(C)N(C(C)=C1)C1=CC=CC=C1)C=C2,QMHSXPLYMTVAMK-UHFFFAOYSA-N,Cc1cc(/C=N/c2ccc(N(C)C)cc2)c(C)n1-c1ccccc1,ZINC15 : ZINC000408737956,espsim_shape,0.5,zinc15
CN(C)C1=CC2=C(C=C1)[N+](C)=C(\C=C\C1=C(C)N(C(C)=C1)C1=CC=CC=C1)C=C2,QMHSXPLYMTVAMK-UHFFFAOYSA-N,Cc1cc(/C=C/C(=O)N(C)CC2CC2)c(C)n1-c1ccccc1,ZINC15 : ZINC000058414720,espsim_shape,0.4,zinc15
CN(C)C1=CC2=C(C=C1)[N+](C)=C(\C=C\C1=C(C)N(C(C)=C1)C1=CC=CC=C1)C=C2,QMHSXPLYMTVAMK-UHFFFAOYSA-N,CC1=CC(C=CC(=O)N(C)C2CCCOC2)=C(C)N1C1=CC=CC=C1,ENAMINE-REAL : Z2087976525,espsim_shape,0.391304347826087,enamine-real
CN(C)C1=CC2=C(C=C1)[N+](C)=C(\C=C\C1=C(C)N(C(C)=C1)C1=CC=CC=C1)C=C2,QMHSXPLYMTVAMK-UHFFFAOYSA-N,CC1=CC(C=CC(=O)NC2=CC=CC=C2CC(=O)N(C)C)=C(C)N1C1=CC=CC=C1,ENAMINE-REAL : Z811691470,espsim_shape,0.391304347826087,enamine-real
CN(C)C1=CC2=C(C=C1)[N+](C)=C(\C=C\C1=C(C)N(C(C)=C1)C1=CC=CC=C1)C=C2,QMHSXPLYMTVAMK-UHFFFAOYSA-N,CC1=CC(C=CC(=O)N(C)C2CCN(C)CC2)=C(C)N1C1=CC=CC=C1,ENAMINE-REAL : Z144342374,espsim_shape,0.3880597014925373,enamine-real
CN(C)C1=CC2=C(C=C1)[N+](C)=C(\C=C\C1=C(C)N(C(C)=C1)C1=CC=CC=C1)C=C2,QMHSXPLYMTVAMK-UHFFFAOYSA-N,CC1=CC(C=CC(=O)N(C)C2CCOCC2)=C(C)N1C1=CC=CC=C1,ENAMINE-REAL : Z1315993624,espsim_shape,0.3880597014925373,enamine-real
CN(C)C1=CC2=C(C=C1)[N+](C)=C(\C=C\C1=C(C)N(C(C)=C1)C1=CC=CC=C1)C=C2,QMHSXPLYMTVAMK-UHFFFAOYSA-N,Cc1cc(/C=C/C(=O)N(C)C2CC[NH2+]CC2)c(C)n1-c1ccccc1,ZINC15 : ZINC000237096466,espsim_shape,0.3880597014925373,zinc15
CN(C)C1=CC2=C(C=C1)[N+](C)=C(\C=C\C1=C(C)N(C(C)=C1)C1=CC=CC=C1)C=C2,QMHSXPLYMTVAMK-UHFFFAOYSA-N,CC1=CC(C=CC(=O)N(C)C2CCC(N)CC2)=C(C)N1C1=CC=CC=C1,ENAMINE-REAL : Z2392891064,espsim_shape,0.3880597014925373,enamine-real
CN(C)C1=CC2=C(C=C1)[N+](C)=C(\C=C\C1=C(C)N(C(C)=C1)C1=CC=CC=C1)C=C2,QMHSXPLYMTVAMK-UHFFFAOYSA-N,COC(=O)c1c(/C=C/c2cc(C)n(-c3ccccc3)c2C)cccc1OC,ZINC15 : ZINC000035973551,espsim_shape,0.38461538461538464,zinc15
CN(C)C1=CC2=C(C=C1)[N+](C)=C(\C=C\C1=C(C)N(C(C)=C1)C1=CC=CC=C1)C=C2,QMHSXPLYMTVAMK-UHFFFAOYSA-N,Cc1cc(/C=C/C(=O)N2CCC(C(=O)N(C)C)CC2)c(C)n1-c1ccccc1,ZINC15 : ZINC000052950300,espsim_shape,0.38235294117647056,zinc15
CN(C)C1=CC2=C(C=C1)[N+](C)=C(\C=C\C1=C(C)N(C(C)=C1)C1=CC=CC=C1)C=C2,QMHSXPLYMTVAMK-UHFFFAOYSA-N,Cc1cc(/C=C/C(=O)N2CCOCC2)c(C)n1-c1ccccc1,ZINC15 : ZINC000012533634,espsim_shape,0.375,zinc15
CN(C)C1=CC2=C(C=C1)[N+](C)=C(\C=C\C1=C(C)N(C(C)=C1)C1=CC=CC=C1)C=C2,QMHSXPLYMTVAMK-UHFFFAOYSA-N,COc1ccc(C(=O)/C=C/c2cc(C)n(-c3ccccc3)c2C)cc1,ZINC15 : ZINC000408646499,espsim_shape,0.375,zinc15
CN(C)C1=CC2=C(C=C1)[N+](C)=C(\C=C\C1=C(C)N(C(C)=C1)C1=CC=CC=C1)C=C2,QMHSXPLYMTVAMK-UHFFFAOYSA-N,Cc1cc(/C=C/C(=O)N(C)[C@@H]2CCS(=O)(=O)C2)c(C)n1-c1ccccc1,ZINC15 : ZINC000198681842,espsim_shape,0.37142857142857144,zinc15
CN(C)C1=CC2=C(C=C1)[N+](C)=C(\C=C\C1=C(C)N(C(C)=C1)C1=CC=CC=C1)C=C2,QMHSXPLYMTVAMK-UHFFFAOYSA-N,Cc1cc(/C=C/C(=O)N(C)[C@H]2CCS(=O)(=O)C2)c(C)n1-c1ccccc1,ZINC15 : ZINC000198681858,espsim_shape,0.37142857142857144,zinc15
CN(C)C1=CC2=C(C=C1)[N+](C)=C(\C=C\C1=C(C)N(C(C)=C1)C1=CC=CC=C1)C=C2,QMHSXPLYMTVAMK-UHFFFAOYSA-N,CN(C)c1ccc(/C=C/c2cc(-c3ccccc3)[n+](C)c3ccccc23)cc1,ZINC15 : ZINC000685944544,espsim_shape,0.3709677419354839,zinc15
CN(C)C1=CC2=C(C=C1)[N+](C)=C(\C=C\C1=C(C)N(C(C)=C1)C1=CC=CC=C1)C=C2,QMHSXPLYMTVAMK-UHFFFAOYSA-N,Cc1cc(/C=N/c2ccc3ncccc3c2)c(C)n1-c1ccccc1,ZINC15 : ZINC000013601387,espsim_shape,0.36923076923076925,zinc15
CN(C)C1=CC2=C(C=C1)[N+](C)=C(\C=C\C1=C(C)N(C(C)=C1)C1=CC=CC=C1)C=C2,QMHSXPLYMTVAMK-UHFFFAOYSA-N,Cc1cc(/C=N/c2ccc(Br)cc2C)c(C)n1-c1ccc(N(C)C)cc1,ZINC15 : ZINC000408739270,espsim_shape,0.36923076923076925,zinc15
CN(C)C1=CC2=C(C=C1)[N+](C)=C(\C=C\C1=C(C)N(C(C)=C1)C1=CC=CC=C1)C=C2,QMHSXPLYMTVAMK-UHFFFAOYSA-N,CC(=O)NCCc1noc(/C=C/c2cc(C)n(-c3ccccc3)c2C)n1,ZINC15 : ZINC000273852609,espsim_shape,0.36619718309859156,zinc15
CN(C)C1=CC2=C(C=C1)[N+](C)=C(\C=C\C1=C(C)N(C(C)=C1)C1=CC=CC=C1)C=C2,QMHSXPLYMTVAMK-UHFFFAOYSA-N,CC1=CC(C=CC(=O)N(C)C2CCCN(C)C2)=C(C)N1C1=CC=CC=C1,ENAMINE-REAL : Z1260423173,espsim_shape,0.36619718309859156,enamine-real
CN(C)C1=CC2=C(C=C1)[N+](C)=C(\C=C\C1=C(C)N(C(C)=C1)C1=CC=CC=C1)C=C2,QMHSXPLYMTVAMK-UHFFFAOYSA-N,Cc1cc(/C=C/C(=O)N(C)Cc2cscn2)c(C)n1-c1ccccc1,ZINC15 : ZINC000058177900,espsim_shape,0.36619718309859156,zinc15
CN(C)C1=CC2=C(C=C1)[N+](C)=C(\C=C\C1=C(C)N(C(C)=C1)C1=CC=CC=C1)C=C2,QMHSXPLYMTVAMK-UHFFFAOYSA-N,Cc1cc(/C=C/C(=O)c2ccccc2)c(C)n1-c1ccc(Br)cc1,ZINC15 : ZINC000408619817,espsim_shape,0.36507936507936506,zinc15
CN(C)C1=CC2=C(C=C1)[N+](C)=C(\C=C\C1=C(C)N(C(C)=C1)C1=CC=CC=C1)C=C2,QMHSXPLYMTVAMK-UHFFFAOYSA-N,Cc1cc(/C=N/c2cccc([N+](=O)[O-])c2)c(C)n1-c1ccc(N(C)C)cc1,ZINC15 : ZINC000408740726,espsim_shape,0.36231884057971014,zinc15
CN(C)C1=CC2=C(C=C1)[N+](C)=C(\C=C\C1=C(C)N(C(C)=C1)C1=CC=CC=C1)C=C2,QMHSXPLYMTVAMK-UHFFFAOYSA-N,Cc1cc(/C=N/c2cccc(C(=O)[O-])c2)c(C)n1-c1ccc(N(C)C)cc1,ZINC15 : ZINC000408742730,espsim_shape,0.36231884057971014,zinc15
CN(C)C1=CC2=C(C=C1)[N+](C)=C(\C=C\C1=C(C)N(C(C)=C1)C1=CC=CC=C1)C=C2,QMHSXPLYMTVAMK-UHFFFAOYSA-N,Cc1cc(/C=C/C(=O)NCCS(C)(=O)=O)c(C)n1-c1ccccc1,ZINC15 : ZINC000042093448,espsim_shape,0.3582089552238806,zinc15
CN(C)C1=CC2=C(C=C1)[N+](C)=C(\C=C\C1=C(C)N(C(C)=C1)C1=CC=CC=C1)C=C2,QMHSXPLYMTVAMK-UHFFFAOYSA-N,Cc1cc(/C=C/c2nc([C@H]3CCS(=O)(=O)C3)no2)c(C)n1-c1ccccc1,ZINC15 : ZINC000273926261,espsim_shape,0.3561643835616438,zinc15
CN(C)C1=CC2=C(C=C1)[N+](C)=C(\C=C\C1=C(C)N(C(C)=C1)C1=CC=CC=C1)C=C2,QMHSXPLYMTVAMK-UHFFFAOYSA-N,Cc1cc(/C=C/c2nc([C@@H]3CCS(=O)(=O)C3)no2)c(C)n1-c1ccccc1,ZINC15 : ZINC000273926264,espsim_shape,0.3561643835616438,zinc15
CN(C)C1=CC2=C(C=C1)[N+](C)=C(\C=C\C1=C(C)N(C(C)=C1)C1=CC=CC=C1)C=C2,QMHSXPLYMTVAMK-UHFFFAOYSA-N,Cc1cc(/C=N/c2ccc(C(C)(C)C)cc2)c(C)n1-c1ccccc1,ZINC15 : ZINC000013633454,espsim_shape,0.3548387096774194,zinc15
CN(C)C1=CC2=C(C=C1)[N+](C)=C(\C=C\C1=C(C)N(C(C)=C1)C1=CC=CC=C1)C=C2,QMHSXPLYMTVAMK-UHFFFAOYSA-N,Cc1cc(/C=N/c2ccc3c(c2)OCO3)c(C)n1-c1ccc(N(C)C)cc1,ZINC15 : ZINC000408914518,espsim_shape,0.35294117647058826,zinc15
CN(C)C1=CC2=C(C=C1)[N+](C)=C(\C=C\C1=C(C)N(C(C)=C1)C1=CC=CC=C1)C=C2,QMHSXPLYMTVAMK-UHFFFAOYSA-N,Cc1cc(/C=N/c2ccc(I)c(C)c2)c(C)n1-c1ccccc1,ZINC15 : ZINC000408737862,espsim_shape,0.3492063492063492,zinc15
CN(C)C1=CC2=C(C=C1)[N+](C)=C(\C=C\C1=C(C)N(C(C)=C1)C1=CC=CC=C1)C=C2,QMHSXPLYMTVAMK-UHFFFAOYSA-N,CC[n+]1c(/C=C/c2ccc(N(C)C)cc2)ccn1-c1ccccc1,ZINC15 : ZINC000004045177,espsim_shape,0.3492063492063492,zinc15
CN(C)C1=CC2=C(C=C1)[N+](C)=C(\C=C\C1=C(C)N(C(C)=C1)C1=CC=CC=C1)C=C2,QMHSXPLYMTVAMK-UHFFFAOYSA-N,Cc1cc(/C=C/C(=O)N2CCn3cnnc3C2)c(C)n1-c1ccccc1,ZINC15 : ZINC000105840740,espsim_shape,0.3287671232876712,zinc15
CN(C)C1=CC2=C(C=C1)[N+](C)=C(\C=C\C1=C(C)N(C(C)=C1)C1=CC=CC=C1)C=C2,QMHSXPLYMTVAMK-UHFFFAOYSA-N,Cc1cc(/C=N/c2cccc(C(=O)[O-])c2)c(C)n1-c1ccccc1,ZINC15 : ZINC000408737895,espsim_shape,0.3283582089552239,zinc15
CN(C)C1=CC2=C(C=C1)[N+](C)=C(\C=C\C1=C(C)N(C(C)=C1)C1=CC=CC=C1)C=C2,QMHSXPLYMTVAMK-UHFFFAOYSA-N,Cc1cc(/C=N/c2cccc([N+](=O)[O-])c2)c(C)n1-c1ccccc1,ZINC15 : ZINC000408738417,espsim_shape,0.3283582089552239,zinc15
CN(C)C1=CC2=C(C=C1)[N+](C)=C(\C=C\C1=C(C)N(C(C)=C1)C1=CC=CC=C1)C=C2,QMHSXPLYMTVAMK-UHFFFAOYSA-N,CCOc1cccc(/N=C/c2cc(C)n(-c3ccccc3)c2C)c1,ZINC15 : ZINC000408738255,espsim_shape,0.3283582089552239,zinc15
CN(C)C1=CC2=C(C=C1)[N+](C)=C(\C=C\C1=C(C)N(C(C)=C1)C1=CC=CC=C1)C=C2,QMHSXPLYMTVAMK-UHFFFAOYSA-N,Cc1cc(/C=N/c2ccc(C(=O)[O-])cc2C)c(C)n1-c1ccccc1,ZINC15 : ZINC000408771088,espsim_shape,0.3283582089552239,zinc15
CN(C)C1=CC2=C(C=C1)[N+](C)=C(\C=C\C1=C(C)N(C(C)=C1)C1=CC=CC=C1)C=C2,QMHSXPLYMTVAMK-UHFFFAOYSA-N,Cc1cc(/C=N/c2ccc3ccccc3c2)c(C)n1-c1cc(C)cc(C)c1,ZINC15 : ZINC000100116705,espsim_shape,0.328125,zinc15
CN(C)C1=CC2=C(C=C1)[N+](C)=C(\C=C\C1=C(C)N(C(C)=C1)C1=CC=CC=C1)C=C2,QMHSXPLYMTVAMK-UHFFFAOYSA-N,Cc1cc(/C=C/C(=O)c2ccc(C)cc2)c(C)n1-c1ccc(C)cc1,ZINC15 : ZINC000408692366,espsim_shape,0.32786885245901637,zinc15
CN(C)C1=CC2=C(C=C1)[N+](C)=C(\C=C\C1=C(C)N(C(C)=C1)C1=CC=CC=C1)C=C2,QMHSXPLYMTVAMK-UHFFFAOYSA-N,Cc1cc(/C=N/c2ccc([N+](=O)[O-])cc2C)c(C)n1-c1ccccc1,ZINC15 : ZINC000408738933,espsim_shape,0.3235294117647059,zinc15
CN(C)C1=CC2=C(C=C1)[N+](C)=C(\C=C\C1=C(C)N(C(C)=C1)C1=CC=CC=C1)C=C2,QMHSXPLYMTVAMK-UHFFFAOYSA-N,CCOc1ccc(/C=C/c2ccc3ccccc3[n+]2C)cc1OCC,ZINC15 : ZINC000016943452,espsim_shape,0.3230769230769231,zinc15
CN(C)C1=CC2=C(C=C1)[N+](C)=C(\C=C\C1=C(C)N(C(C)=C1)C1=CC=CC=C1)C=C2,QMHSXPLYMTVAMK-UHFFFAOYSA-N,CCOC(=O)c1ccc(/N=C/c2cc(C)n(-c3ccccc3)c2C)cc1,ZINC15 : ZINC000408737298,espsim_shape,0.3188405797101449,zinc15
CN(C)C1=CC2=C(C=C1)[N+](C)=C(\C=C\C1=C(C)N(C(C)=C1)C1=CC=CC=C1)C=C2,QMHSXPLYMTVAMK-UHFFFAOYSA-N,Cc1cc(/C=N/c2ccc(Cl)c(C(=O)[O-])c2)c(C)n1-c1ccccc1,ZINC15 : ZINC000004797816,espsim_shape,0.3142857142857143,zinc15
CN(C)C1=CC2=C(C=C1)[N+](C)=C(\C=C\C1=C(C)N(C(C)=C1)C1=CC=CC=C1)C=C2,QMHSXPLYMTVAMK-UHFFFAOYSA-N,Cc1cc(/C=N/c2sc3ccccc3c2C#N)c(C)n1-c1ccccc1,ZINC15 : ZINC000408738048,espsim_shape,0.3142857142857143,zinc15
CN(C)C1=CC2=C(C=C1)[N+](C)=C(\C=C\C1=C(C)N(C(C)=C1)C1=CC=CC=C1)C=C2,QMHSXPLYMTVAMK-UHFFFAOYSA-N,Cc1cc(/C=C/C(=O)c2ccc(C)cc2)c(C)n1-c1cccc(Br)c1,ZINC15 : ZINC000408692767,espsim_shape,0.31343283582089554,zinc15
CN(C)C1=CC2=C(C=C1)[N+](C)=C(\C=C\C1=C(C)N(C(C)=C1)C1=CC=CC=C1)C=C2,QMHSXPLYMTVAMK-UHFFFAOYSA-N,Cc1cc(/C=N/c2ccc(Nc3ccccc3)cc2)c(C)n1-c1cccc(C)c1,ZINC15 : ZINC000408764432,espsim_shape,0.31343283582089554,zinc15
CN(C)C1=CC2=C(C=C1)[N+](C)=C(\C=C\C1=C(C)N(C(C)=C1)C1=CC=CC=C1)C=C2,QMHSXPLYMTVAMK-UHFFFAOYSA-N,CN(C)c1ccc(/C=C/c2cc(/C=C/c3ccc(N(C)C)cc3)[n+]3ccccc3n2)cc1,ZINC15 : ZINC000005248099,espsim_shape,0.3125,zinc15
CN(C)C1=CC2=C(C=C1)[N+](C)=C(\C=C\C1=C(C)N(C(C)=C1)C1=CC=CC=C1)C=C2,QMHSXPLYMTVAMK-UHFFFAOYSA-N,Cc1cc(/C=N/c2ccc(-c3ccccc3)cc2)c(C)n1-c1cc(C)cc(C)c1,ZINC15 : ZINC000100116754,espsim_shape,0.3125,zinc15
CN(C)C1=CC2=C(C=C1)[N+](C)=C(\C=C\C1=C(C)N(C(C)=C1)C1=CC=CC=C1)C=C2,QMHSXPLYMTVAMK-UHFFFAOYSA-N,COC(=O)c1ccc2c(C)cc(/C=C/c3ccc(N(C)C)cc3)[n+](C)c2c1,ZINC15 : ZINC000027987892,espsim_shape,0.30985915492957744,zinc15
CN(C)C1=CC2=C(C=C1)[N+](C)=C(\C=C\C1=C(C)N(C(C)=C1)C1=CC=CC=C1)C=C2,QMHSXPLYMTVAMK-UHFFFAOYSA-N,Cc1c(C(=O)/C=C/c2ccc(N(C)C)cc2)cnn1-c1ccccc1,ZINC15 : ZINC000023609658,espsim_shape,0.3088235294117647,zinc15
CN(C)C1=CC2=C(C=C1)[N+](C)=C(\C=C\C1=C(C)N(C(C)=C1)C1=CC=CC=C1)C=C2,QMHSXPLYMTVAMK-UHFFFAOYSA-N,COc1ccc(C(=O)/C=C/c2cc(C)n(-c3ccc(OC)cc3)c2C)cc1,ZINC15 : ZINC000007375700,espsim_shape,0.3076923076923077,zinc15
CN(C)C1=CC2=C(C=C1)[N+](C)=C(\C=C\C1=C(C)N(C(C)=C1)C1=CC=CC=C1)C=C2,QMHSXPLYMTVAMK-UHFFFAOYSA-N,Cc1cc(/C=N/c2ccc3ccccc3c2)c(C)n1-c1cccc([N+](=O)[O-])c1,ZINC15 : ZINC000100116700,espsim_shape,0.3055555555555556,zinc15
CN(C)C1=CC2=C(C=C1)[N+](C)=C(\C=C\C1=C(C)N(C(C)=C1)C1=CC=CC=C1)C=C2,QMHSXPLYMTVAMK-UHFFFAOYSA-N,Cc1cc(/C=N/c2ccc3ncccc3c2)c(C)n1-c1ccc(C)cc1,ZINC15 : ZINC000100191281,espsim_shape,0.30434782608695654,zinc15
CN(C)C1=CC2=C(C=C1)[N+](C)=C(\C=C\C1=C(C)N(C(C)=C1)C1=CC=CC=C1)C=C2,QMHSXPLYMTVAMK-UHFFFAOYSA-N,Cc1cc(/C=N/c2ccc(Nc3ccccc3)cc2)c(C)n1-c1cccc(Cl)c1,ZINC15 : ZINC000408759967,espsim_shape,0.30434782608695654,zinc15
CN(C)C1=CC2=C(C=C1)[N+](C)=C(\C=C\C1=C(C)N(C(C)=C1)C1=CC=CC=C1)C=C2,QMHSXPLYMTVAMK-UHFFFAOYSA-N,Cc1cc(/C=C/C(=O)c2ccc(C)cc2)c(C)n1-c1ccc(Cl)cc1,ZINC15 : ZINC000408691986,espsim_shape,0.30303030303030304,zinc15
CN(C)C1=CC2=C(C=C1)[N+](C)=C(\C=C\C1=C(C)N(C(C)=C1)C1=CC=CC=C1)C=C2,QMHSXPLYMTVAMK-UHFFFAOYSA-N,Cc1cc(/C=C/C(=O)c2ccc(C)cc2)c(C)n1-c1ccc(Br)cc1,ZINC15 : ZINC000408692297,espsim_shape,0.30303030303030304,zinc15
CN(C)C1=CC2=C(C=C1)[N+](C)=C(\C=C\C1=C(C)N(C(C)=C1)C1=CC=CC=C1)C=C2,QMHSXPLYMTVAMK-UHFFFAOYSA-N,Cc1cc(/C=C/C(=O)c2ccc(C)cc2)c(C)n1-c1ccc(I)cc1,ZINC15 : ZINC000408691969,espsim_shape,0.30303030303030304,zinc15
CN(C)C1=CC2=C(C=C1)[N+](C)=C(\C=C\C1=C(C)N(C(C)=C1)C1=CC=CC=C1)C=C2,QMHSXPLYMTVAMK-UHFFFAOYSA-N,Cc1cc(/C=N/c2ccc(Nc3ccccc3)cc2)c(C)n1-c1ccc2ncccc2c1,ZINC15 : ZINC000147189752,espsim_shape,0.3013698630136986,zinc15
CN(C)C1=CC2=C(C=C1)[N+](C)=C(\C=C\C1=C(C)N(C(C)=C1)C1=CC=CC=C1)C=C2,QMHSXPLYMTVAMK-UHFFFAOYSA-N,Cc1cc(/C=N/c2sc3c(c2C#N)CCCC3)c(C)n1-c1ccccc1,ZINC15 : ZINC000408739814,espsim_shape,0.2972972972972973,zinc15
CN(C)C1=CC2=C(C=C1)[N+](C)=C(\C=C\C1=C(C)N(C(C)=C1)C1=CC=CC=C1)C=C2,QMHSXPLYMTVAMK-UHFFFAOYSA-N,Cc1cc(/C=N/c2ccc3ncccc3c2)c(C)n1-c1ccc(I)cc1,ZINC15 : ZINC000408772294,espsim_shape,0.29577464788732394,zinc15
CN(C)C1=CC2=C(C=C1)[N+](C)=C(\C=C\C1=C(C)N(C(C)=C1)C1=CC=CC=C1)C=C2,QMHSXPLYMTVAMK-UHFFFAOYSA-N,Cc1cc(/C=N/c2ccc3ncccc3c2)c(C)n1-c1ccc(Br)cc1,ZINC15 : ZINC000002318773,espsim_shape,0.29577464788732394,zinc15
CN(C)C1=CC2=C(C=C1)[N+](C)=C(\C=C\C1=C(C)N(C(C)=C1)C1=CC=CC=C1)C=C2,QMHSXPLYMTVAMK-UHFFFAOYSA-N,Cc1cc(/C=N/c2ccc3ncccc3c2)c(C)n1-c1ccc(Cl)cc1,ZINC15 : ZINC000000799754,espsim_shape,0.29577464788732394,zinc15
CN(C)C1=CC2=C(C=C1)[N+](C)=C(\C=C\C1=C(C)N(C(C)=C1)C1=CC=CC=C1)C=C2,QMHSXPLYMTVAMK-UHFFFAOYSA-N,Cc1cc(/C=N/c2ccc3ncccc3c2)c(C)n1-c1cccc(C)c1,ZINC15 : ZINC000408752008,espsim_shape,0.29577464788732394,zinc15
CN(C)C1=CC2=C(C=C1)[N+](C)=C(\C=C\C1=C(C)N(C(C)=C1)C1=CC=CC=C1)C=C2,QMHSXPLYMTVAMK-UHFFFAOYSA-N,Cc1cc(/C=N/c2ccc3ncccc3c2)c(C)n1-c1ccc(F)cc1,ZINC15 : ZINC000100192149,espsim_shape,0.29577464788732394,zinc15
CN(C)C1=CC2=C(C=C1)[N+](C)=C(\C=C\C1=C(C)N(C(C)=C1)C1=CC=CC=C1)C=C2,QMHSXPLYMTVAMK-UHFFFAOYSA-N,COc1ccc(C(=O)/C=C/c2cc(C)n(-c3cccc(Br)c3)c2C)cc1,ZINC15 : ZINC000408655752,espsim_shape,0.29577464788732394,zinc15
CN(C)C1=CC2=C(C=C1)[N+](C)=C(\C=C\C1=C(C)N(C(C)=C1)C1=CC=CC=C1)C=C2,QMHSXPLYMTVAMK-UHFFFAOYSA-N,Cc1ccccc1-n1c(/C=C/c2ccc(N(C)C)cc2)nc2ccc(I)cc2c1=O,ZINC15 : ZINC000009354909,espsim_shape,0.29333333333333333,zinc15
CN(C)C1=CC2=C(C=C1)[N+](C)=C(\C=C\C1=C(C)N(C(C)=C1)C1=CC=CC=C1)C=C2,QMHSXPLYMTVAMK-UHFFFAOYSA-N,Cc1cc(/C=N/c2ccc3c(c2)OCO3)c(C)n1-c1ccc2ccccc2c1,ZINC15 : ZINC000408911379,espsim_shape,0.2916666666666667,zinc15
CN(C)C1=CC2=C(C=C1)[N+](C)=C(\C=C\C1=C(C)N(C(C)=C1)C1=CC=CC=C1)C=C2,QMHSXPLYMTVAMK-UHFFFAOYSA-N,Cc1cc(/C=N/c2ccc(-c3ccccc3)cc2)c(C)n1-c1cccc([N+](=O)[O-])c1,ZINC15 : ZINC000100116749,espsim_shape,0.2916666666666667,zinc15
CN(C)C1=CC2=C(C=C1)[N+](C)=C(\C=C\C1=C(C)N(C(C)=C1)C1=CC=CC=C1)C=C2,QMHSXPLYMTVAMK-UHFFFAOYSA-N,Cc1cc(/C=N/n2cnc3ccccc3c2=O)c(C)n1-c1ccc(C)cc1,ZINC15 : ZINC000021361711,espsim_shape,0.2916666666666667,zinc15
CN(C)C1=CC2=C(C=C1)[N+](C)=C(\C=C\C1=C(C)N(C(C)=C1)C1=CC=CC=C1)C=C2,QMHSXPLYMTVAMK-UHFFFAOYSA-N,Cc1cc(/C=C/c2cccc([N+](=O)[O-])c2)c(C)n1-c1ccc(I)c(C)c1,ZINC15 : ZINC000002056187,espsim_shape,0.2916666666666667,zinc15
CN(C)C1=CC2=C(C=C1)[N+](C)=C(\C=C\C1=C(C)N(C(C)=C1)C1=CC=CC=C1)C=C2,QMHSXPLYMTVAMK-UHFFFAOYSA-N,Cc1nn(-c2ccccc2)c(C)c1/C=C/C(=O)c1ccc(N(C)C)cc1,ZINC15 : ZINC000007586654,espsim_shape,0.2898550724637681,zinc15
CN(C)C1=CC2=C(C=C1)[N+](C)=C(\C=C\C1=C(C)N(C(C)=C1)C1=CC=CC=C1)C=C2,QMHSXPLYMTVAMK-UHFFFAOYSA-N,Cc1cc(/C=N/c2ccc3ncccc3c2)c(C)n1-c1cccc(Cl)c1,ZINC15 : ZINC000408761681,espsim_shape,0.2876712328767123,zinc15
CN(C)C1=CC2=C(C=C1)[N+](C)=C(\C=C\C1=C(C)N(C(C)=C1)C1=CC=CC=C1)C=C2,QMHSXPLYMTVAMK-UHFFFAOYSA-N,C#CCOc1ccc(/C=C/c2ccc3ccccc3[n+]2C)cc1OCC,ZINC15 : ZINC000005017015,espsim_shape,0.2876712328767123,zinc15
CN(C)C1=CC2=C(C=C1)[N+](C)=C(\C=C\C1=C(C)N(C(C)=C1)C1=CC=CC=C1)C=C2,QMHSXPLYMTVAMK-UHFFFAOYSA-N,COc1ccc(C(=O)/C=C/c2cc(C)n(-c3ccc(I)cc3)c2C)cc1,ZINC15 : ZINC000408668369,espsim_shape,0.2857142857142857,zinc15
CN(C)C1=CC2=C(C=C1)[N+](C)=C(\C=C\C1=C(C)N(C(C)=C1)C1=CC=CC=C1)C=C2,QMHSXPLYMTVAMK-UHFFFAOYSA-N,COc1ccc(C(=O)/C=C/c2cc(C)n(-c3ccc(Br)cc3)c2C)cc1,ZINC15 : ZINC000007375693,espsim_shape,0.2857142857142857,zinc15
CN(C)C1=CC2=C(C=C1)[N+](C)=C(\C=C\C1=C(C)N(C(C)=C1)C1=CC=CC=C1)C=C2,QMHSXPLYMTVAMK-UHFFFAOYSA-N,COc1ccc(C(=O)/C=C/c2cc(C)n(-c3ccc(F)cc3)c2C)cc1,ZINC15 : ZINC000007375645,espsim_shape,0.2857142857142857,zinc15
CN(C)C1=CC2=C(C=C1)[N+](C)=C(\C=C\C1=C(C)N(C(C)=C1)C1=CC=CC=C1)C=C2,QMHSXPLYMTVAMK-UHFFFAOYSA-N,Cc1ccc(-n2c(/C=C/c3ccc(N(C)C)cc3)nc3ccccc3c2=O)c(C)c1,ZINC15 : ZINC000005025576,espsim_shape,0.28378378378378377,zinc15
CN(C)C1=CC2=C(C=C1)[N+](C)=C(\C=C\C1=C(C)N(C(C)=C1)C1=CC=CC=C1)C=C2,QMHSXPLYMTVAMK-UHFFFAOYSA-N,COc1ccccc1/N=C/c1cc(C)n(-c2ccc3ncccc3c2)c1C,ZINC15 : ZINC000164829869,espsim_shape,0.28378378378378377,zinc15
CN(C)C1=CC2=C(C=C1)[N+](C)=C(\C=C\C1=C(C)N(C(C)=C1)C1=CC=CC=C1)C=C2,QMHSXPLYMTVAMK-UHFFFAOYSA-N,CN(C)c1ccc(/C=C/c2ccnc3ccc(-c4ccccc4)cc23)cc1,ZINC15 : ZINC000006375056,espsim_shape,0.2835820895522388,zinc15
CN(C)C1=CC2=C(C=C1)[N+](C)=C(\C=C\C1=C(C)N(C(C)=C1)C1=CC=CC=C1)C=C2,QMHSXPLYMTVAMK-UHFFFAOYSA-N,Cc1ccccc1-n1c(/C=C/c2ccc(N(C)C)cc2)nc2ccccc2c1=O,ZINC15 : ZINC000004859629,espsim_shape,0.28169014084507044,zinc15
CN(C)C1=CC2=C(C=C1)[N+](C)=C(\C=C\C1=C(C)N(C(C)=C1)C1=CC=CC=C1)C=C2,QMHSXPLYMTVAMK-UHFFFAOYSA-N,Cc1cc(/C=C/C(=O)c2ccc(C)cc2)c(C)n1-c1ccccc1Br,ZINC15 : ZINC000408692812,espsim_shape,0.2753623188405797,zinc15
CN(C)C1=CC2=C(C=C1)[N+](C)=C(\C=C\C1=C(C)N(C(C)=C1)C1=CC=CC=C1)C=C2,QMHSXPLYMTVAMK-UHFFFAOYSA-N,Cc1cc(/C=C/C(=O)c2ccc(C)cc2)c(C)n1-c1ccc(C)c(Br)c1,ZINC15 : ZINC000408692016,espsim_shape,0.2714285714285714,zinc15
CN(C)C1=CC2=C(C=C1)[N+](C)=C(\C=C\C1=C(C)N(C(C)=C1)C1=CC=CC=C1)C=C2,QMHSXPLYMTVAMK-UHFFFAOYSA-N,Cc1cc(/C=N/c2cccc(Br)c2)c(C)n1-c1ccc2ncccc2c1,ZINC15 : ZINC000145184597,espsim_shape,0.2702702702702703,zinc15
CN(C)C1=CC2=C(C=C1)[N+](C)=C(\C=C\C1=C(C)N(C(C)=C1)C1=CC=CC=C1)C=C2,QMHSXPLYMTVAMK-UHFFFAOYSA-N,Cc1cc(/C=N/c2ccc3ncccc3c2)c(C)n1-c1ccc(Cl)c(Cl)c1,ZINC15 : ZINC000000799768,espsim_shape,0.2702702702702703,zinc15
CN(C)C1=CC2=C(C=C1)[N+](C)=C(\C=C\C1=C(C)N(C(C)=C1)C1=CC=CC=C1)C=C2,QMHSXPLYMTVAMK-UHFFFAOYSA-N,Cc1cc(/C=N/c2ccc3ncccc3c2)c(C)n1-c1cccc([N+](=O)[O-])c1,ZINC15 : ZINC000012363627,espsim_shape,0.2692307692307692,zinc15
CN(C)C1=CC2=C(C=C1)[N+](C)=C(\C=C\C1=C(C)N(C(C)=C1)C1=CC=CC=C1)C=C2,QMHSXPLYMTVAMK-UHFFFAOYSA-N,CN(C)c1ccc(/C=C/c2nc3ccc4ccccc4c3s2)cc1,ZINC15 : ZINC000005173976,espsim_shape,0.26865671641791045,zinc15
CN(C)C1=CC2=C(C=C1)[N+](C)=C(\C=C\C1=C(C)N(C(C)=C1)C1=CC=CC=C1)C=C2,QMHSXPLYMTVAMK-UHFFFAOYSA-N,Cc1cc(/C=N/c2cccc(C(=O)[O-])c2)c(C)n1-c1ccc(C)cc1,ZINC15 : ZINC000408739083,espsim_shape,0.2676056338028169,zinc15
CN(C)C1=CC2=C(C=C1)[N+](C)=C(\C=C\C1=C(C)N(C(C)=C1)C1=CC=CC=C1)C=C2,QMHSXPLYMTVAMK-UHFFFAOYSA-N,COc1ccc(C(=O)/C=C/c2cc(C)n(-c3ccccc3C)c2C)cc1,ZINC15 : ZINC000007375631,espsim_shape,0.2676056338028169,zinc15
CN(C)C1=CC2=C(C=C1)[N+](C)=C(\C=C\C1=C(C)N(C(C)=C1)C1=CC=CC=C1)C=C2,QMHSXPLYMTVAMK-UHFFFAOYSA-N,Cc1cc(/C=N/c2cccc([N+](=O)[O-])c2)c(C)n1-c1ccc(C)cc1,ZINC15 : ZINC000408738030,espsim_shape,0.2676056338028169,zinc15
CN(C)C1=CC2=C(C=C1)[N+](C)=C(\C=C\C1=C(C)N(C(C)=C1)C1=CC=CC=C1)C=C2,QMHSXPLYMTVAMK-UHFFFAOYSA-N,CN(C)c1ccc(/C=C/c2nc3cc(-c4ccccc4)ccc3o2)cc1,ZINC15 : ZINC000003894790,espsim_shape,0.2608695652173913,zinc15
CN(C)C1=CC2=C(C=C1)[N+](C)=C(\C=C\C1=C(C)N(C(C)=C1)C1=CC=CC=C1)C=C2,QMHSXPLYMTVAMK-UHFFFAOYSA-N,Cc1cc(/C=N/c2ccc(C(=O)[O-])cc2C)c(C)n1-c1cccc(C)c1,ZINC15 : ZINC000005533097,espsim_shape,0.2602739726027397,zinc15
CN(C)C1=CC2=C(C=C1)[N+](C)=C(\C=C\C1=C(C)N(C(C)=C1)C1=CC=CC=C1)C=C2,QMHSXPLYMTVAMK-UHFFFAOYSA-N,Cc1cc(/C=N/c2cccc(C(=O)[O-])c2)c(C)n1-c1ccc(Cl)cc1,ZINC15 : ZINC000000845841,espsim_shape,0.2602739726027397,zinc15
CN(C)C1=CC2=C(C=C1)[N+](C)=C(\C=C\C1=C(C)N(C(C)=C1)C1=CC=CC=C1)C=C2,QMHSXPLYMTVAMK-UHFFFAOYSA-N,COc1ccc(C(=O)/C=C/c2cc(C)n(-c3ccccc3I)c2C)cc1,ZINC15 : ZINC000408670041,espsim_shape,0.2602739726027397,zinc15
CN(C)C1=CC2=C(C=C1)[N+](C)=C(\C=C\C1=C(C)N(C(C)=C1)C1=CC=CC=C1)C=C2,QMHSXPLYMTVAMK-UHFFFAOYSA-N,Cc1cc(/C=N/c2cccc([N+](=O)[O-])c2)c(C)n1-c1ccc(Cl)cc1,ZINC15 : ZINC000408737599,espsim_shape,0.2602739726027397,zinc15
CN(C)C1=CC2=C(C=C1)[N+](C)=C(\C=C\C1=C(C)N(C(C)=C1)C1=CC=CC=C1)C=C2,QMHSXPLYMTVAMK-UHFFFAOYSA-N,COc1ccc(C(=O)/C=C/c2cc(C)n(-c3ccccc3Cl)c2C)cc1,ZINC15 : ZINC000007375652,espsim_shape,0.2602739726027397,zinc15
CN(C)C1=CC2=C(C=C1)[N+](C)=C(\C=C\C1=C(C)N(C(C)=C1)C1=CC=CC=C1)C=C2,QMHSXPLYMTVAMK-UHFFFAOYSA-N,Cc1cc(/C=N/c2ccc(C(=O)[O-])cc2C)c(C)n1-c1cccc(Cl)c1,ZINC15 : ZINC000408763246,espsim_shape,0.25675675675675674,zinc15
CN(C)C1=CC2=C(C=C1)[N+](C)=C(\C=C\C1=C(C)N(C(C)=C1)C1=CC=CC=C1)C=C2,QMHSXPLYMTVAMK-UHFFFAOYSA-N,Cc1cc(/C=N/c2ccc3c(c2)OCO3)c(C)n1-c1cccc(Cl)c1,ZINC15 : ZINC000016268542,espsim_shape,0.25675675675675674,zinc15
