query_smiles,query_inchikey,smiles,identifier,search_type,score,database
O=C1NCN(c2ccccc2)C12CCN(CCCC(c1ccc(F)cc1)c1ccc(F)cc1)CC2,QOYHHIBFXOOADH-UHFFFAOYSA-N,O=C1NCN(c2ccccc2)C12CC[NH+](CCCC(c1ccc(F)cc1)c1ccc(F)cc1)CC2,ZINC15 : ZINC000000537755,consensus,0.7142857142857143,zinc15
O=C1NCN(c2ccccc2)C12CCN(CCCC(c1ccc(F)cc1)c1ccc(F)cc1)CC2,QOYHHIBFXOOADH-UHFFFAOYSA-N,O=C1NCN(c2ccccc2)C12CC[NH+](CCC[C@@H](c1ccc(F)cc1)c1cccc(F)c1)CC2,ZINC15 : ZINC000098175564,consensus,0.6349206349206349,zinc15
O=C1NCN(c2ccccc2)C12CCN(CCCC(c1ccc(F)cc1)c1ccc(F)cc1)CC2,QOYHHIBFXOOADH-UHFFFAOYSA-N,O=C1NCN(c2ccccc2)C12CC[NH+](CCC[C@H](c1ccc(F)cc1)c1cccc(F)c1)CC2,ZINC15 : ZINC000098175565,consensus,0.6349206349206349,zinc15
O=C1NCN(c2ccccc2)C12CCN(CCCC(c1ccc(F)cc1)c1ccc(F)cc1)CC2,QOYHHIBFXOOADH-UHFFFAOYSA-N,O=C1NCN(c2ccccc2)C12CCN(CCc1cc(F)cc(F)c1)CC2,ZINC15 : ZINC001209127337,consensus,0.631578947368421,zinc15
O=C1NCN(c2ccccc2)C12CCN(CCCC(c1ccc(F)cc1)c1ccc(F)cc1)CC2,QOYHHIBFXOOADH-UHFFFAOYSA-N,O=C1NCN(c2ccccc2)C12CCN(CCCS(=O)(=O)c1ccccc1)CC2,ZINC15 : ZINC000001668990,consensus,0.603448275862069,zinc15
O=C1NCN(c2ccccc2)C12CCN(CCCC(c1ccc(F)cc1)c1ccc(F)cc1)CC2,QOYHHIBFXOOADH-UHFFFAOYSA-N,O=C1NCN(c2ccccc2)C12CCN(Cc1cc(F)cc(F)c1)CC2,ZINC15 : ZINC001204227282,consensus,0.5964912280701754,zinc15
O=C1NCN(c2ccccc2)C12CCN(CCCC(c1ccc(F)cc1)c1ccc(F)cc1)CC2,QOYHHIBFXOOADH-UHFFFAOYSA-N,O=C1NCN(c2ccc(F)cc2)C12CCN(Cc1ccccc1F)CC2,ZINC15 : ZINC001203357592,consensus,0.5862068965517241,zinc15
O=C1NCN(c2ccccc2)C12CCN(CCCC(c1ccc(F)cc1)c1ccc(F)cc1)CC2,QOYHHIBFXOOADH-UHFFFAOYSA-N,O=C1NCN(c2ccc(F)cc2)C12CCN(Cc1ccc(F)cc1)CC2,ZINC15 : ZINC001203915608,consensus,0.5818181818181818,zinc15
O=C1NCN(c2ccccc2)C12CCN(CCCC(c1ccc(F)cc1)c1ccc(F)cc1)CC2,QOYHHIBFXOOADH-UHFFFAOYSA-N,O=C1NCN(c2ccc(F)cc2)C12CCN(Cc1cccc(F)c1)CC2,ZINC15 : ZINC001203789092,consensus,0.55,zinc15
O=C1NCN(c2ccccc2)C12CCN(CCCC(c1ccc(F)cc1)c1ccc(F)cc1)CC2,QOYHHIBFXOOADH-UHFFFAOYSA-N,O=C1NCN(c2ccccc2)C12CCN(Cc1c(F)cc(O)cc1F)CC2,ZINC15 : ZINC001144542399,consensus,0.5409836065573771,zinc15
O=C1NCN(c2ccccc2)C12CCN(CCCC(c1ccc(F)cc1)c1ccc(F)cc1)CC2,QOYHHIBFXOOADH-UHFFFAOYSA-N,O=C1NCN(c2ccc(F)cc2)C12CCN(Cc1ccco1)CC2,ZINC15 : ZINC001203284131,consensus,0.5409836065573771,zinc15
O=C1NCN(c2ccccc2)C12CCN(CCCC(c1ccc(F)cc1)c1ccc(F)cc1)CC2,QOYHHIBFXOOADH-UHFFFAOYSA-N,O=C(O)C1(O)CCN(CCCC(C2=CC=C(F)C=C2)C2=CC=C(F)C=C2)CC1,ENAMINE-REAL : Z2483312009,consensus,0.5357142857142857,enamine-real
O=C1NCN(c2ccccc2)C12CCN(CCCC(c1ccc(F)cc1)c1ccc(F)cc1)CC2,QOYHHIBFXOOADH-UHFFFAOYSA-N,O=C1NCN(c2ccccc2)C12CCN(Cc1ccncc1)CC2,ZINC15 : ZINC000028885706,consensus,0.5344827586206896,zinc15
O=C1NCN(c2ccccc2)C12CCN(CCCC(c1ccc(F)cc1)c1ccc(F)cc1)CC2,QOYHHIBFXOOADH-UHFFFAOYSA-N,O=C1NCN(c2ccccc2)C12CCN(Cc1ccc(O)c(F)c1F)CC2,ZINC15 : ZINC001140889617,consensus,0.532258064516129,zinc15
O=C1NCN(c2ccccc2)C12CCN(CCCC(c1ccc(F)cc1)c1ccc(F)cc1)CC2,QOYHHIBFXOOADH-UHFFFAOYSA-N,O=C1NCN(c2ccc(F)cc2)C12CCN(Cc1cccnc1)CC2,ZINC15 : ZINC001204075786,consensus,0.532258064516129,zinc15
O=C1NCN(c2ccccc2)C12CCN(CCCC(c1ccc(F)cc1)c1ccc(F)cc1)CC2,QOYHHIBFXOOADH-UHFFFAOYSA-N,O=C1NCN(c2ccccc2)C12CC[NH+](CCc1ccc(F)cc1)CC2,ZINC15 : ZINC001207511256,consensus,0.5245901639344263,zinc15
O=C1NCN(c2ccccc2)C12CCN(CCCC(c1ccc(F)cc1)c1ccc(F)cc1)CC2,QOYHHIBFXOOADH-UHFFFAOYSA-N,O=C1NCN(c2ccc(F)cc2)C12CCN(Cc1cccc(F)c1Cl)CC2,ZINC15 : ZINC001140568289,consensus,0.5238095238095238,zinc15
O=C1NCN(c2ccccc2)C12CCN(CCCC(c1ccc(F)cc1)c1ccc(F)cc1)CC2,QOYHHIBFXOOADH-UHFFFAOYSA-N,O=C1NCN(c2ccccc2)C12CCN(Cc1ccc(F)c(O)c1F)CC2,ZINC15 : ZINC001232933536,consensus,0.5238095238095238,zinc15
O=C1NCN(c2ccccc2)C12CCN(CCCC(c1ccc(F)cc1)c1ccc(F)cc1)CC2,QOYHHIBFXOOADH-UHFFFAOYSA-N,NC(=O)C1(O)CCN(CCCC(C2=CC=C(F)C=C2)C2=CC=C(F)C=C2)CC1,ENAMINE-REAL : Z2274700863,consensus,0.5172413793103449,enamine-real
O=C1NCN(c2ccccc2)C12CCN(CCCC(c1ccc(F)cc1)c1ccc(F)cc1)CC2,QOYHHIBFXOOADH-UHFFFAOYSA-N,NC(=O)C1(N)CCN(CCCC(C2=CC=C(F)C=C2)C2=CC=C(F)C=C2)CC1,ENAMINE-REAL : Z3498566338,consensus,0.5172413793103449,enamine-real
O=C1NCN(c2ccccc2)C12CCN(CCCC(c1ccc(F)cc1)c1ccc(F)cc1)CC2,QOYHHIBFXOOADH-UHFFFAOYSA-N,O=C1NCN(c2ccccc2)C12CCN(Cc1cncnc1)CC2,ZINC15 : ZINC001137662545,consensus,0.5166666666666667,zinc15
O=C1NCN(c2ccccc2)C12CCN(CCCC(c1ccc(F)cc1)c1ccc(F)cc1)CC2,QOYHHIBFXOOADH-UHFFFAOYSA-N,O=C1NCN(c2ccccc2)C12CCN(Cc1cc(Cl)cc(Cl)c1)CC2,ZINC15 : ZINC001203808085,consensus,0.5166666666666667,zinc15
O=C1NCN(c2ccccc2)C12CCN(CCCC(c1ccc(F)cc1)c1ccc(F)cc1)CC2,QOYHHIBFXOOADH-UHFFFAOYSA-N,O=C1NCN(c2ccccc2)C12CCN(Cc1ccco1)CC2,ZINC15 : ZINC000034052401,consensus,0.5166666666666667,zinc15
O=C1NCN(c2ccccc2)C12CCN(CCCC(c1ccc(F)cc1)c1ccc(F)cc1)CC2,QOYHHIBFXOOADH-UHFFFAOYSA-N,O=C1NCN(c2ccc(F)cc2)C12CCN(Cc1cc(F)ccc1Cl)CC2,ZINC15 : ZINC001138675014,consensus,0.5161290322580645,zinc15
O=C1NCN(c2ccccc2)C12CCN(CCCC(c1ccc(F)cc1)c1ccc(F)cc1)CC2,QOYHHIBFXOOADH-UHFFFAOYSA-N,CC(C)CCC[NH+]1CCC2(CC1)C(=O)NCN2c1ccc(F)cc1,ZINC15 : ZINC001208736691,consensus,0.5161290322580645,zinc15
O=C1NCN(c2ccccc2)C12CCN(CCCC(c1ccc(F)cc1)c1ccc(F)cc1)CC2,QOYHHIBFXOOADH-UHFFFAOYSA-N,O=C1NCN(c2ccc(F)cc2)C12CCN(Cc1ccc(F)cc1Cl)CC2,ZINC15 : ZINC001204438798,consensus,0.5161290322580645,zinc15
O=C1NCN(c2ccccc2)C12CCN(CCCC(c1ccc(F)cc1)c1ccc(F)cc1)CC2,QOYHHIBFXOOADH-UHFFFAOYSA-N,O=C1C[C@H](N2CCC3(CC2)C(=O)NCN3c2ccccc2)C(=O)N1c1ccc(F)cc1,ZINC15 : ZINC000015321465,consensus,0.515625,zinc15
O=C1NCN(c2ccccc2)C12CCN(CCCC(c1ccc(F)cc1)c1ccc(F)cc1)CC2,QOYHHIBFXOOADH-UHFFFAOYSA-N,O=C1C[C@@H](N2CCC3(CC2)C(=O)NCN3c2ccccc2)C(=O)N1c1ccc(F)cc1,ZINC15 : ZINC000004629037,consensus,0.515625,zinc15
O=C1NCN(c2ccccc2)C12CCN(CCCC(c1ccc(F)cc1)c1ccc(F)cc1)CC2,QOYHHIBFXOOADH-UHFFFAOYSA-N,O=C1NCN(c2ccccc2)C12CC[NH+](CCCOc1ccc(F)cc1)CC2,ZINC15 : ZINC000001846593,consensus,0.515625,zinc15
O=C1NCN(c2ccccc2)C12CCN(CCCC(c1ccc(F)cc1)c1ccc(F)cc1)CC2,QOYHHIBFXOOADH-UHFFFAOYSA-N,NCC1(O)CCN(CCCC(C2=CC=C(F)C=C2)C2=CC=C(F)C=C2)CC1,ENAMINE-REAL : Z2369605971,consensus,0.5087719298245614,enamine-real
O=C1NCN(c2ccccc2)C12CCN(CCCC(c1ccc(F)cc1)c1ccc(F)cc1)CC2,QOYHHIBFXOOADH-UHFFFAOYSA-N,O=C1NCN(c2ccccc2)C12CCN(Cc1cccnc1)CC2,ZINC15 : ZINC000024912362,consensus,0.5081967213114754,zinc15
O=C1NCN(c2ccccc2)C12CCN(CCCC(c1ccc(F)cc1)c1ccc(F)cc1)CC2,QOYHHIBFXOOADH-UHFFFAOYSA-N,O=C1NCN(c2ccc(F)cc2)C12CCN(Cc1nccs1)CC2,ZINC15 : ZINC001204548579,consensus,0.5079365079365079,zinc15
O=C1NCN(c2ccccc2)C12CCN(CCCC(c1ccc(F)cc1)c1ccc(F)cc1)CC2,QOYHHIBFXOOADH-UHFFFAOYSA-N,O=C1NCN(c2ccc(F)cc2)C12CCN(Cc1cc(O)cc(F)c1)CC2,ZINC15 : ZINC001237283491,consensus,0.5079365079365079,zinc15
O=C1NCN(c2ccccc2)C12CCN(CCCC(c1ccc(F)cc1)c1ccc(F)cc1)CC2,QOYHHIBFXOOADH-UHFFFAOYSA-N,O=C1NCN(c2ccc(F)cc2)C12CCN(Cc1cc(F)cc(Cl)c1)CC2,ZINC15 : ZINC001140542472,consensus,0.5079365079365079,zinc15
O=C1NCN(c2ccccc2)C12CCN(CCCC(c1ccc(F)cc1)c1ccc(F)cc1)CC2,QOYHHIBFXOOADH-UHFFFAOYSA-N,O=C1NCN(c2ccccc2)C12CC[NH+](CCCSc1ccc(F)cc1)CC2,ZINC15 : ZINC000001640702,consensus,0.5076923076923077,zinc15
O=C1NCN(c2ccccc2)C12CCN(CCCC(c1ccc(F)cc1)c1ccc(F)cc1)CC2,QOYHHIBFXOOADH-UHFFFAOYSA-N,O=C1NCN(c2ccccc2)C12CCN(Cc1cnc(F)cc1Cl)CC2,ZINC15 : ZINC001238023177,consensus,0.5076923076923077,zinc15
O=C1NCN(c2ccccc2)C12CCN(CCCC(c1ccc(F)cc1)c1ccc(F)cc1)CC2,QOYHHIBFXOOADH-UHFFFAOYSA-N,O=C1NCN(c2ccc(F)cc2)C12CCN(Cc1cc(O)ccc1F)CC2,ZINC15 : ZINC001140052242,consensus,0.5,zinc15
O=C1NCN(c2ccccc2)C12CCN(CCCC(c1ccc(F)cc1)c1ccc(F)cc1)CC2,QOYHHIBFXOOADH-UHFFFAOYSA-N,O=C1NCN(c2ccc(F)cc2)C12CC[NH+](CCCCc1ccccc1)CC2,ZINC15 : ZINC001207614887,consensus,0.5,zinc15
O=C1NCN(c2ccccc2)C12CCN(CCCC(c1ccc(F)cc1)c1ccc(F)cc1)CC2,QOYHHIBFXOOADH-UHFFFAOYSA-N,O=C1NCN(c2ccccc2)C12CCN(Cc1nccs1)CC2,ZINC15 : ZINC000165775510,consensus,0.5,zinc15
O=C1NCN(c2ccccc2)C12CCN(CCCC(c1ccc(F)cc1)c1ccc(F)cc1)CC2,QOYHHIBFXOOADH-UHFFFAOYSA-N,O=C1NCN(c2ccccc2)C12CCN(Cc1ccc(Cl)o1)CC2,ZINC15 : ZINC001233313692,consensus,0.5,zinc15
O=C1NCN(c2ccccc2)C12CCN(CCCC(c1ccc(F)cc1)c1ccc(F)cc1)CC2,QOYHHIBFXOOADH-UHFFFAOYSA-N,O=C1NCN(c2ccccc2)C12CCN(Cc1cnco1)CC2,ZINC15 : ZINC001140926979,consensus,0.5,zinc15
O=C1NCN(c2ccccc2)C12CCN(CCCC(c1ccc(F)cc1)c1ccc(F)cc1)CC2,QOYHHIBFXOOADH-UHFFFAOYSA-N,O=C1NCN(c2ccc(F)cc2)C12CCN(Cc1cncs1)CC2,ZINC15 : ZINC001209551237,consensus,0.5,zinc15
O=C1NCN(c2ccccc2)C12CCN(CCCC(c1ccc(F)cc1)c1ccc(F)cc1)CC2,QOYHHIBFXOOADH-UHFFFAOYSA-N,O=C1NCN(c2ccccc2)C12CCN(Cc1cccc(Cl)c1Cl)CC2,ZINC15 : ZINC001204179281,consensus,0.5,zinc15
O=C1NCN(c2ccccc2)C12CCN(CCCC(c1ccc(F)cc1)c1ccc(F)cc1)CC2,QOYHHIBFXOOADH-UHFFFAOYSA-N,O=C1NCN(c2ccc(F)cc2)C12CCN(Cc1cnsc1)CC2,ZINC15 : ZINC001232229126,consensus,0.5,zinc15
O=C1NCN(c2ccccc2)C12CCN(CCCC(c1ccc(F)cc1)c1ccc(F)cc1)CC2,QOYHHIBFXOOADH-UHFFFAOYSA-N,O=C1NCN(c2ccccc2)C12CCN(Cc1cn[nH]c1)CC2,ZINC15 : ZINC001203084206,consensus,0.5,zinc15
O=C1NCN(c2ccccc2)C12CCN(CCCC(c1ccc(F)cc1)c1ccc(F)cc1)CC2,QOYHHIBFXOOADH-UHFFFAOYSA-N,O=C1NCN(c2ccccc2)C12CCN(Cc1ccc(F)c(C3CC3)c1)CC2,ZINC15 : ZINC001238497019,consensus,0.5,zinc15
O=C1NCN(c2ccccc2)C12CCN(CCCC(c1ccc(F)cc1)c1ccc(F)cc1)CC2,QOYHHIBFXOOADH-UHFFFAOYSA-N,O=C1NCN(c2ccccc2)C12CCN(Cc1ncco1)CC2,ZINC15 : ZINC001141005418,consensus,0.5,zinc15
O=C1NCN(c2ccccc2)C12CCN(CCCC(c1ccc(F)cc1)c1ccc(F)cc1)CC2,QOYHHIBFXOOADH-UHFFFAOYSA-N,CCC[C@@H](Cc1ccccc1)[NH+]1CCC2(CC1)C(=O)NCN2c1ccc(F)cc1,ZINC15 : ZINC001258663689,consensus,0.4925373134328358,zinc15
O=C1NCN(c2ccccc2)C12CCN(CCCC(c1ccc(F)cc1)c1ccc(F)cc1)CC2,QOYHHIBFXOOADH-UHFFFAOYSA-N,CCC[C@H](Cc1ccccc1)[NH+]1CCC2(CC1)C(=O)NCN2c1ccc(F)cc1,ZINC15 : ZINC001258663688,consensus,0.4925373134328358,zinc15
O=C1NCN(c2ccccc2)C12CCN(CCCC(c1ccc(F)cc1)c1ccc(F)cc1)CC2,QOYHHIBFXOOADH-UHFFFAOYSA-N,O=C1NCN(c2ccc(F)cc2)C12CCN(Cc1ccc(O)cn1)CC2,ZINC15 : ZINC001144262988,consensus,0.49230769230769234,zinc15
O=C1NCN(c2ccccc2)C12CCN(CCCC(c1ccc(F)cc1)c1ccc(F)cc1)CC2,QOYHHIBFXOOADH-UHFFFAOYSA-N,O=C1NCN(c2ccc(F)cc2)C12CC[NH+](CCCCCc1ccccc1)CC2,ZINC15 : ZINC001209233964,consensus,0.49230769230769234,zinc15
O=C1NCN(c2ccccc2)C12CCN(CCCC(c1ccc(F)cc1)c1ccc(F)cc1)CC2,QOYHHIBFXOOADH-UHFFFAOYSA-N,O=C1NCN(c2ccccc2)C12CCN(Cc1cscn1)CC2,ZINC15 : ZINC001137590016,consensus,0.49206349206349204,zinc15
O=C1NCN(c2ccccc2)C12CCN(CCCC(c1ccc(F)cc1)c1ccc(F)cc1)CC2,QOYHHIBFXOOADH-UHFFFAOYSA-N,O=C1NCN(c2ccccc2)C12CCN(Cc1cnsc1)CC2,ZINC15 : ZINC001232224725,consensus,0.49206349206349204,zinc15
O=C1NCN(c2ccccc2)C12CCN(CCCC(c1ccc(F)cc1)c1ccc(F)cc1)CC2,QOYHHIBFXOOADH-UHFFFAOYSA-N,O=C1NCN(c2ccccc2)C12CCN(Cc1cncs1)CC2,ZINC15 : ZINC001209544682,consensus,0.49206349206349204,zinc15
O=C1NCN(c2ccccc2)C12CCN(CCCC(c1ccc(F)cc1)c1ccc(F)cc1)CC2,QOYHHIBFXOOADH-UHFFFAOYSA-N,O=C1NCN(c2ccccc2)C12CCN(Cc1cc(Cl)sc1Cl)CC2,ZINC15 : ZINC001140585024,consensus,0.49206349206349204,zinc15
O=C1NCN(c2ccccc2)C12CCN(CCCC(c1ccc(F)cc1)c1ccc(F)cc1)CC2,QOYHHIBFXOOADH-UHFFFAOYSA-N,C[S@@](=O)CCN1CCN(CCCC(c2ccc(F)cc2)c2ccc(F)cc2)CC1,ZINC15 : ZINC000078969629,consensus,0.49122807017543857,zinc15
O=C1NCN(c2ccccc2)C12CCN(CCCC(c1ccc(F)cc1)c1ccc(F)cc1)CC2,QOYHHIBFXOOADH-UHFFFAOYSA-N,CS(=O)CCN1CCN(CCCC(C2=CC=C(F)C=C2)C2=CC=C(F)C=C2)CC1,ENAMINE-REAL : Z1317997671,consensus,0.49122807017543857,enamine-real
O=C1NCN(c2ccccc2)C12CCN(CCCC(c1ccc(F)cc1)c1ccc(F)cc1)CC2,QOYHHIBFXOOADH-UHFFFAOYSA-N,C[S@](=O)CCN1CCN(CCCC(c2ccc(F)cc2)c2ccc(F)cc2)CC1,ZINC15 : ZINC000078969635,consensus,0.49122807017543857,zinc15
O=C1NCN(c2ccccc2)C12CCN(CCCC(c1ccc(F)cc1)c1ccc(F)cc1)CC2,QOYHHIBFXOOADH-UHFFFAOYSA-N,CC[C@@H](Cc1ccccc1)[NH+]1CCC2(CC1)C(=O)NCN2c1ccc(F)cc1,ZINC15 : ZINC001258852311,consensus,0.48484848484848486,zinc15
O=C1NCN(c2ccccc2)C12CCN(CCCC(c1ccc(F)cc1)c1ccc(F)cc1)CC2,QOYHHIBFXOOADH-UHFFFAOYSA-N,CC[C@H](Cc1ccccc1)[NH+]1CCC2(CC1)C(=O)NCN2c1ccc(F)cc1,ZINC15 : ZINC001258852312,consensus,0.48484848484848486,zinc15
O=C1NCN(c2ccccc2)C12CCN(CCCC(c1ccc(F)cc1)c1ccc(F)cc1)CC2,QOYHHIBFXOOADH-UHFFFAOYSA-N,O=C1NCN(c2ccccc2)C12CCN(Cc1cnc(Cl)s1)CC2,ZINC15 : ZINC001209473473,consensus,0.484375,zinc15
O=C1NCN(c2ccccc2)C12CCN(CCCC(c1ccc(F)cc1)c1ccc(F)cc1)CC2,QOYHHIBFXOOADH-UHFFFAOYSA-N,O=C1NCN(c2ccc(F)cc2)C12CC[NH+](Cc1ccc(C(F)F)cc1)CC2,ZINC15 : ZINC001143252759,consensus,0.484375,zinc15
O=C1NCN(c2ccccc2)C12CCN(CCCC(c1ccc(F)cc1)c1ccc(F)cc1)CC2,QOYHHIBFXOOADH-UHFFFAOYSA-N,O=C1NCN(c2ccccc2)C12CCN(Cc1ccc(Cl)nc1)CC2,ZINC15 : ZINC000000602735,consensus,0.484375,zinc15
O=C1NCN(c2ccccc2)C12CCN(CCCC(c1ccc(F)cc1)c1ccc(F)cc1)CC2,QOYHHIBFXOOADH-UHFFFAOYSA-N,O=C1NCN(c2ccccc2)C12CCN(Cc1cccc(O)c1Cl)CC2,ZINC15 : ZINC001232783984,consensus,0.484375,zinc15
O=C1NCN(c2ccccc2)C12CCN(CCCC(c1ccc(F)cc1)c1ccc(F)cc1)CC2,QOYHHIBFXOOADH-UHFFFAOYSA-N,CCC(CC)C[NH+]1CCC2(CC1)C(=O)NCN2c1ccc(F)cc1,ZINC15 : ZINC001201536000,consensus,0.4838709677419355,zinc15
O=C1NCN(c2ccccc2)C12CCN(CCCC(c1ccc(F)cc1)c1ccc(F)cc1)CC2,QOYHHIBFXOOADH-UHFFFAOYSA-N,O=C1NCN(c2ccccc2)C12CC[NH+](Cc1cc(F)cc(F)c1)CC2,ZINC15 : ZINC001204227282,consensus,0.4838709677419355,zinc15
O=C1NCN(c2ccccc2)C12CCN(CCCC(c1ccc(F)cc1)c1ccc(F)cc1)CC2,QOYHHIBFXOOADH-UHFFFAOYSA-N,COCC1(O)CCN(CCCC(C2=CC=C(F)C=C2)C2=CC=C(F)C=C2)CC1,ENAMINE-REAL : Z1529058058,consensus,0.48333333333333334,enamine-real
O=C1NCN(c2ccccc2)C12CCN(CCCC(c1ccc(F)cc1)c1ccc(F)cc1)CC2,QOYHHIBFXOOADH-UHFFFAOYSA-N,O=C1NCN(c2ccc(F)cc2)C12CCN(Cc1ccc(F)c(C3CC3)c1)CC2,ZINC15 : ZINC001238516321,consensus,0.47761194029850745,zinc15
O=C1NCN(c2ccccc2)C12CCN(CCCC(c1ccc(F)cc1)c1ccc(F)cc1)CC2,QOYHHIBFXOOADH-UHFFFAOYSA-N,O=C1NCN(c2ccc(F)cc2)C12CC[NH+](CCOc1ccccc1)CC2,ZINC15 : ZINC001209301306,consensus,0.47692307692307695,zinc15
O=C1NCN(c2ccccc2)C12CCN(CCCC(c1ccc(F)cc1)c1ccc(F)cc1)CC2,QOYHHIBFXOOADH-UHFFFAOYSA-N,O=C1NCN(c2ccccc2)C12CCN(Cc1ccc(Cl)c(O)c1)CC2,ZINC15 : ZINC001231733458,consensus,0.47692307692307695,zinc15
O=C1NCN(c2ccccc2)C12CCN(CCCC(c1ccc(F)cc1)c1ccc(F)cc1)CC2,QOYHHIBFXOOADH-UHFFFAOYSA-N,O=C1NCN(c2ccccc2)C12CCN(Cc1cc(O)cc(Cl)c1)CC2,ZINC15 : ZINC001140786818,consensus,0.47692307692307695,zinc15
O=C1NCN(c2ccccc2)C12CCN(CCCC(c1ccc(F)cc1)c1ccc(F)cc1)CC2,QOYHHIBFXOOADH-UHFFFAOYSA-N,O=C1NCN(c2ccccc2)C12CCN(Cc1ccc(O)cc1Cl)CC2,ZINC15 : ZINC001140081608,consensus,0.47692307692307695,zinc15
O=C1NCN(c2ccccc2)C12CCN(CCCC(c1ccc(F)cc1)c1ccc(F)cc1)CC2,QOYHHIBFXOOADH-UHFFFAOYSA-N,O=C1NCN(c2ccc(F)cc2)C12CC[NH+](Cc1ccccc1F)CC2,ZINC15 : ZINC001203357592,consensus,0.47619047619047616,zinc15
O=C1NCN(c2ccccc2)C12CCN(CCCC(c1ccc(F)cc1)c1ccc(F)cc1)CC2,QOYHHIBFXOOADH-UHFFFAOYSA-N,O=C1NC[C@@H]2CN(CCCC(c3ccc(F)cc3)c3ccc(F)cc3)CCN12,ZINC15 : ZINC000430939155,consensus,0.47540983606557374,zinc15
O=C1NCN(c2ccccc2)C12CCN(CCCC(c1ccc(F)cc1)c1ccc(F)cc1)CC2,QOYHHIBFXOOADH-UHFFFAOYSA-N,CC(C)CC[NH+]1CCC2(CC1)C(=O)NCN2c1ccccc1,ZINC15 : ZINC001201609169,consensus,0.47540983606557374,zinc15
O=C1NCN(c2ccccc2)C12CCN(CCCC(c1ccc(F)cc1)c1ccc(F)cc1)CC2,QOYHHIBFXOOADH-UHFFFAOYSA-N,O=C1NC[C@H]2CN(CCCC(c3ccc(F)cc3)c3ccc(F)cc3)CCN12,ZINC15 : ZINC000430939154,consensus,0.47540983606557374,zinc15
O=C1NCN(c2ccccc2)C12CCN(CCCC(c1ccc(F)cc1)c1ccc(F)cc1)CC2,QOYHHIBFXOOADH-UHFFFAOYSA-N,CC[NH+]1CCC2(CC1)C(=O)NCN2c1ccc(F)cc1,ZINC15 : ZINC000143292455,consensus,0.4745762711864407,zinc15
O=C1NCN(c2ccccc2)C12CCN(CCCC(c1ccc(F)cc1)c1ccc(F)cc1)CC2,QOYHHIBFXOOADH-UHFFFAOYSA-N,O=C1NCN(c2ccc(F)cc2)C12CCN(Cc1c3ccoc3ccc1F)CC2,ZINC15 : ZINC001248542147,consensus,0.47058823529411764,zinc15
O=C1NCN(c2ccccc2)C12CCN(CCCC(c1ccc(F)cc1)c1ccc(F)cc1)CC2,QOYHHIBFXOOADH-UHFFFAOYSA-N,O=C1NCN(c2ccc(F)cc2)C12CC[NH+](Cc1ccc3cccccc1-3)CC2,ZINC15 : ZINC001237193851,consensus,0.4696969696969697,zinc15
O=C1NCN(c2ccccc2)C12CCN(CCCC(c1ccc(F)cc1)c1ccc(F)cc1)CC2,QOYHHIBFXOOADH-UHFFFAOYSA-N,O=C1NCN(c2ccccc2)C12CC[NH+](CCc1cc(F)cc(F)c1)CC2,ZINC15 : ZINC001209127337,consensus,0.46875,zinc15
O=C1NCN(c2ccccc2)C12CCN(CCCC(c1ccc(F)cc1)c1ccc(F)cc1)CC2,QOYHHIBFXOOADH-UHFFFAOYSA-N,CC[C@@H](C)[NH+]1CCC2(CC1)C(=O)NCN2c1ccc(F)cc1,ZINC15 : ZINC001257445423,consensus,0.46774193548387094,zinc15
O=C1NCN(c2ccccc2)C12CCN(CCCC(c1ccc(F)cc1)c1ccc(F)cc1)CC2,QOYHHIBFXOOADH-UHFFFAOYSA-N,CCCC[NH+]1CCC2(CC1)C(=O)NCN2c1ccc(F)cc1,ZINC15 : ZINC001201717279,consensus,0.46774193548387094,zinc15
O=C1NCN(c2ccccc2)C12CCN(CCCC(c1ccc(F)cc1)c1ccc(F)cc1)CC2,QOYHHIBFXOOADH-UHFFFAOYSA-N,CC[C@H](C)[NH+]1CCC2(CC1)C(=O)NCN2c1ccc(F)cc1,ZINC15 : ZINC001257445425,consensus,0.46774193548387094,zinc15
O=C1NCN(c2ccccc2)C12CCN(CCCC(c1ccc(F)cc1)c1ccc(F)cc1)CC2,QOYHHIBFXOOADH-UHFFFAOYSA-N,O=C1NCN(c2ccc(F)cc2)C12CC[NH+](Cc1ccc(F)cc1)CC2,ZINC15 : ZINC001203915608,consensus,0.4666666666666667,zinc15
O=C1NCN(c2ccccc2)C12CCN(CCCC(c1ccc(F)cc1)c1ccc(F)cc1)CC2,QOYHHIBFXOOADH-UHFFFAOYSA-N,C[NH+]1CCN(CCCC(c2ccc(F)cc2)c2ccc(F)cc2)CC1,ZINC15 : ZINC000066261935,consensus,0.4642857142857143,zinc15
O=C1NCN(c2ccccc2)C12CCN(CCCC(c1ccc(F)cc1)c1ccc(F)cc1)CC2,QOYHHIBFXOOADH-UHFFFAOYSA-N,CC(C)c1ccc(CC[NH+]2CCC3(CC2)C(=O)NCN3c2ccc(F)cc2)cc1,ZINC15 : ZINC001207523725,consensus,0.4626865671641791,zinc15
O=C1NCN(c2ccccc2)C12CCN(CCCC(c1ccc(F)cc1)c1ccc(F)cc1)CC2,QOYHHIBFXOOADH-UHFFFAOYSA-N,CC(C)(CC[NH+]1CCC2(CC1)C(=O)NCN2c1ccc(F)cc1)c1ccccc1,ZINC15 : ZINC001208669088,consensus,0.4626865671641791,zinc15
O=C1NCN(c2ccccc2)C12CCN(CCCC(c1ccc(F)cc1)c1ccc(F)cc1)CC2,QOYHHIBFXOOADH-UHFFFAOYSA-N,O=C1NCN(c2ccc(F)cc2)C12CC[NH+](Cc1ccccc1C1CC1)CC2,ZINC15 : ZINC001139883347,consensus,0.4626865671641791,zinc15
O=C1NCN(c2ccccc2)C12CCN(CCCC(c1ccc(F)cc1)c1ccc(F)cc1)CC2,QOYHHIBFXOOADH-UHFFFAOYSA-N,CCC[C@H](C)C[NH+]1CCC2(CC1)C(=O)NCN2c1ccc(F)cc1,ZINC15 : ZINC001201553955,consensus,0.46153846153846156,zinc15
O=C1NCN(c2ccccc2)C12CCN(CCCC(c1ccc(F)cc1)c1ccc(F)cc1)CC2,QOYHHIBFXOOADH-UHFFFAOYSA-N,O=C1NCN(c2ccc(F)cc2)C12CC[NH+](CCc1ccccc1F)CC2,ZINC15 : ZINC001207503738,consensus,0.46153846153846156,zinc15
O=C1NCN(c2ccccc2)C12CCN(CCCC(c1ccc(F)cc1)c1ccc(F)cc1)CC2,QOYHHIBFXOOADH-UHFFFAOYSA-N,CCC[C@@H](C)C[NH+]1CCC2(CC1)C(=O)NCN2c1ccc(F)cc1,ZINC15 : ZINC001201553956,consensus,0.46153846153846156,zinc15
O=C1NCN(c2ccccc2)C12CCN(CCCC(c1ccc(F)cc1)c1ccc(F)cc1)CC2,QOYHHIBFXOOADH-UHFFFAOYSA-N,O=C1NCN(c2ccc(F)cc2)C12CC[NH+](C1Cc3ccccc3C1)CC2,ZINC15 : ZINC001255025993,consensus,0.4603174603174603,zinc15
O=C1NCN(c2ccccc2)C12CCN(CCCC(c1ccc(F)cc1)c1ccc(F)cc1)CC2,QOYHHIBFXOOADH-UHFFFAOYSA-N,O=C1NCN(c2ccc(F)cc2)C12CC[NH+](CC1CCCC1)CC2,ZINC15 : ZINC001202178568,consensus,0.4603174603174603,zinc15
O=C1NCN(c2ccccc2)C12CCN(CCCC(c1ccc(F)cc1)c1ccc(F)cc1)CC2,QOYHHIBFXOOADH-UHFFFAOYSA-N,O=C1NCN(c2ccc(F)cc2)C12CC[NH+](CCCCO)CC2,ZINC15 : ZINC001236096459,consensus,0.4603174603174603,zinc15
O=C1NCN(c2ccccc2)C12CCN(CCCC(c1ccc(F)cc1)c1ccc(F)cc1)CC2,QOYHHIBFXOOADH-UHFFFAOYSA-N,O=C1NCN(c2ccc(F)cc2)C12CC[NH+](CCO)CC2,ZINC15 : ZINC001236098938,consensus,0.45901639344262296,zinc15
O=C1NCN(c2ccccc2)C12CCN(CCCC(c1ccc(F)cc1)c1ccc(F)cc1)CC2,QOYHHIBFXOOADH-UHFFFAOYSA-N,O=C1NCN(c2ccc(F)cc2)C12CC[NH+](C1CCCC1)CC2,ZINC15 : ZINC001257355650,consensus,0.45901639344262296,zinc15
O=C1NCN(c2ccccc2)C12CCN(CCCC(c1ccc(F)cc1)c1ccc(F)cc1)CC2,QOYHHIBFXOOADH-UHFFFAOYSA-N,O=C1NCN(c2ccccc2)C12CC[NH+](Cc1ccccc1)CC2,ZINC15 : ZINC000001699052,consensus,0.4576271186440678,zinc15
O=C1NCN(c2ccccc2)C12CCN(CCCC(c1ccc(F)cc1)c1ccc(F)cc1)CC2,QOYHHIBFXOOADH-UHFFFAOYSA-N,O=C1NCN(c2ccccc2)C12CC[NH+](Cc1ccnc(-c3ccc(F)cc3)c1)CC2,ZINC15 : ZINC000166725636,consensus,0.45714285714285713,zinc15
O=C1NCN(c2ccccc2)C12CCN(CCCC(c1ccc(F)cc1)c1ccc(F)cc1)CC2,QOYHHIBFXOOADH-UHFFFAOYSA-N,N#CCCN1CCN(CCCC(C2=CC=C(F)C=C2)C2=CC=C(F)C=C2)CC1,ENAMINE-REAL : Z1535409010,consensus,0.45614035087719296,enamine-real
O=C1NCN(c2ccccc2)C12CCN(CCCC(c1ccc(F)cc1)c1ccc(F)cc1)CC2,QOYHHIBFXOOADH-UHFFFAOYSA-N,COCCN1CCN(CCCC(C2=CC=C(F)C=C2)C2=CC=C(F)C=C2)CC1,ENAMINE-REAL : Z241924048,consensus,0.45614035087719296,enamine-real
O=C1NCN(c2ccccc2)C12CCN(CCCC(c1ccc(F)cc1)c1ccc(F)cc1)CC2,QOYHHIBFXOOADH-UHFFFAOYSA-N,O=C1NCN(c2ccccc2)C12CC[NH+](CCCC(c1ccc(F)cc1)c1ccc(F)cc1)CC2,ZINC15 : ZINC000000537755,morgan,0.7142857142857143,zinc15
O=C1NCN(c2ccccc2)C12CCN(CCCC(c1ccc(F)cc1)c1ccc(F)cc1)CC2,QOYHHIBFXOOADH-UHFFFAOYSA-N,CC(C)CCC[NH+]1CCC2(CC1)C(=O)NCN2c1ccc(F)cc1,ZINC15 : ZINC001208736691,morgan,0.5161290322580645,zinc15
O=C1NCN(c2ccccc2)C12CCN(CCCC(c1ccc(F)cc1)c1ccc(F)cc1)CC2,QOYHHIBFXOOADH-UHFFFAOYSA-N,O=C1C[C@H](N2CCC3(CC2)C(=O)NCN3c2ccccc2)C(=O)N1c1ccc(F)cc1,ZINC15 : ZINC000015321465,morgan,0.515625,zinc15
O=C1NCN(c2ccccc2)C12CCN(CCCC(c1ccc(F)cc1)c1ccc(F)cc1)CC2,QOYHHIBFXOOADH-UHFFFAOYSA-N,O=C1C[C@@H](N2CCC3(CC2)C(=O)NCN3c2ccccc2)C(=O)N1c1ccc(F)cc1,ZINC15 : ZINC000004629037,morgan,0.515625,zinc15
O=C1NCN(c2ccccc2)C12CCN(CCCC(c1ccc(F)cc1)c1ccc(F)cc1)CC2,QOYHHIBFXOOADH-UHFFFAOYSA-N,O=C1NCN(c2ccc(F)cc2)C12CC[NH+](CCCCc1ccccc1)CC2,ZINC15 : ZINC001207614887,morgan,0.5,zinc15
O=C1NCN(c2ccccc2)C12CCN(CCCC(c1ccc(F)cc1)c1ccc(F)cc1)CC2,QOYHHIBFXOOADH-UHFFFAOYSA-N,CCC[C@H](Cc1ccccc1)[NH+]1CCC2(CC1)C(=O)NCN2c1ccc(F)cc1,ZINC15 : ZINC001258663688,morgan,0.4925373134328358,zinc15
O=C1NCN(c2ccccc2)C12CCN(CCCC(c1ccc(F)cc1)c1ccc(F)cc1)CC2,QOYHHIBFXOOADH-UHFFFAOYSA-N,CCC[C@@H](Cc1ccccc1)[NH+]1CCC2(CC1)C(=O)NCN2c1ccc(F)cc1,ZINC15 : ZINC001258663689,morgan,0.4925373134328358,zinc15
O=C1NCN(c2ccccc2)C12CCN(CCCC(c1ccc(F)cc1)c1ccc(F)cc1)CC2,QOYHHIBFXOOADH-UHFFFAOYSA-N,O=C1NCN(c2ccc(F)cc2)C12CC[NH+](CCCCCc1ccccc1)CC2,ZINC15 : ZINC001209233964,morgan,0.49230769230769234,zinc15
O=C1NCN(c2ccccc2)C12CCN(CCCC(c1ccc(F)cc1)c1ccc(F)cc1)CC2,QOYHHIBFXOOADH-UHFFFAOYSA-N,CC[C@H](Cc1ccccc1)[NH+]1CCC2(CC1)C(=O)NCN2c1ccc(F)cc1,ZINC15 : ZINC001258852312,morgan,0.48484848484848486,zinc15
O=C1NCN(c2ccccc2)C12CCN(CCCC(c1ccc(F)cc1)c1ccc(F)cc1)CC2,QOYHHIBFXOOADH-UHFFFAOYSA-N,CC[C@@H](Cc1ccccc1)[NH+]1CCC2(CC1)C(=O)NCN2c1ccc(F)cc1,ZINC15 : ZINC001258852311,morgan,0.48484848484848486,zinc15
O=C1NCN(c2ccccc2)C12CCN(CCCC(c1ccc(F)cc1)c1ccc(F)cc1)CC2,QOYHHIBFXOOADH-UHFFFAOYSA-N,CCC(CC)C[NH+]1CCC2(CC1)C(=O)NCN2c1ccc(F)cc1,ZINC15 : ZINC001201536000,morgan,0.4838709677419355,zinc15
O=C1NCN(c2ccccc2)C12CCN(CCCC(c1ccc(F)cc1)c1ccc(F)cc1)CC2,QOYHHIBFXOOADH-UHFFFAOYSA-N,O=C1NC[C@@H]2CN(CCCC(c3ccc(F)cc3)c3ccc(F)cc3)CCN12,ZINC15 : ZINC000430939155,morgan,0.47540983606557374,zinc15
O=C1NCN(c2ccccc2)C12CCN(CCCC(c1ccc(F)cc1)c1ccc(F)cc1)CC2,QOYHHIBFXOOADH-UHFFFAOYSA-N,O=C1NC[C@H]2CN(CCCC(c3ccc(F)cc3)c3ccc(F)cc3)CCN12,ZINC15 : ZINC000430939154,morgan,0.47540983606557374,zinc15
O=C1NCN(c2ccccc2)C12CCN(CCCC(c1ccc(F)cc1)c1ccc(F)cc1)CC2,QOYHHIBFXOOADH-UHFFFAOYSA-N,CC(C)CC[NH+]1CCC2(CC1)C(=O)NCN2c1ccccc1,ZINC15 : ZINC001201609169,morgan,0.47540983606557374,zinc15
O=C1NCN(c2ccccc2)C12CCN(CCCC(c1ccc(F)cc1)c1ccc(F)cc1)CC2,QOYHHIBFXOOADH-UHFFFAOYSA-N,CC[NH+]1CCC2(CC1)C(=O)NCN2c1ccc(F)cc1,ZINC15 : ZINC000143292455,morgan,0.4745762711864407,zinc15
O=C1NCN(c2ccccc2)C12CCN(CCCC(c1ccc(F)cc1)c1ccc(F)cc1)CC2,QOYHHIBFXOOADH-UHFFFAOYSA-N,CCCC[NH+]1CCC2(CC1)C(=O)NCN2c1ccc(F)cc1,ZINC15 : ZINC001201717279,morgan,0.46774193548387094,zinc15
O=C1NCN(c2ccccc2)C12CCN(CCCC(c1ccc(F)cc1)c1ccc(F)cc1)CC2,QOYHHIBFXOOADH-UHFFFAOYSA-N,CC[C@@H](C)[NH+]1CCC2(CC1)C(=O)NCN2c1ccc(F)cc1,ZINC15 : ZINC001257445423,morgan,0.46774193548387094,zinc15
O=C1NCN(c2ccccc2)C12CCN(CCCC(c1ccc(F)cc1)c1ccc(F)cc1)CC2,QOYHHIBFXOOADH-UHFFFAOYSA-N,CC[C@H](C)[NH+]1CCC2(CC1)C(=O)NCN2c1ccc(F)cc1,ZINC15 : ZINC001257445425,morgan,0.46774193548387094,zinc15
O=C1NCN(c2ccccc2)C12CCN(CCCC(c1ccc(F)cc1)c1ccc(F)cc1)CC2,QOYHHIBFXOOADH-UHFFFAOYSA-N,CC(C)c1ccc(CC[NH+]2CCC3(CC2)C(=O)NCN3c2ccc(F)cc2)cc1,ZINC15 : ZINC001207523725,morgan,0.4626865671641791,zinc15
O=C1NCN(c2ccccc2)C12CCN(CCCC(c1ccc(F)cc1)c1ccc(F)cc1)CC2,QOYHHIBFXOOADH-UHFFFAOYSA-N,CCC[C@H](C)C[NH+]1CCC2(CC1)C(=O)NCN2c1ccc(F)cc1,ZINC15 : ZINC001201553955,morgan,0.46153846153846156,zinc15
O=C1NCN(c2ccccc2)C12CCN(CCCC(c1ccc(F)cc1)c1ccc(F)cc1)CC2,QOYHHIBFXOOADH-UHFFFAOYSA-N,CCC[C@@H](C)C[NH+]1CCC2(CC1)C(=O)NCN2c1ccc(F)cc1,ZINC15 : ZINC001201553956,morgan,0.46153846153846156,zinc15
O=C1NCN(c2ccccc2)C12CCN(CCCC(c1ccc(F)cc1)c1ccc(F)cc1)CC2,QOYHHIBFXOOADH-UHFFFAOYSA-N,O=C1NCN(c2ccc(F)cc2)C12CC[NH+](CCCCO)CC2,ZINC15 : ZINC001236096459,morgan,0.4603174603174603,zinc15
O=C1NCN(c2ccccc2)C12CCN(CCCC(c1ccc(F)cc1)c1ccc(F)cc1)CC2,QOYHHIBFXOOADH-UHFFFAOYSA-N,O=C1NCN(c2ccc(F)cc2)C12CC[NH+](CCO)CC2,ZINC15 : ZINC001236098938,morgan,0.45901639344262296,zinc15
O=C1NCN(c2ccccc2)C12CCN(CCCC(c1ccc(F)cc1)c1ccc(F)cc1)CC2,QOYHHIBFXOOADH-UHFFFAOYSA-N,CC[C@@H](c1ccc(Cl)cc1)[NH+]1CCC2(CC1)C(=O)NCN2c1ccccc1,ZINC15 : ZINC000005499957,morgan,0.45454545454545453,zinc15
O=C1NCN(c2ccccc2)C12CCN(CCCC(c1ccc(F)cc1)c1ccc(F)cc1)CC2,QOYHHIBFXOOADH-UHFFFAOYSA-N,CC[C@H](c1ccc(Cl)cc1)[NH+]1CCC2(CC1)C(=O)NCN2c1ccccc1,ZINC15 : ZINC000001664584,morgan,0.45454545454545453,zinc15
O=C1NCN(c2ccccc2)C12CCN(CCCC(c1ccc(F)cc1)c1ccc(F)cc1)CC2,QOYHHIBFXOOADH-UHFFFAOYSA-N,CC(C)c1ccc(CC[NH+]2CCC3(CC2)C(=O)NCN3c2ccccc2)cc1,ZINC15 : ZINC001207518717,morgan,0.45454545454545453,zinc15
O=C1NCN(c2ccccc2)C12CCN(CCCC(c1ccc(F)cc1)c1ccc(F)cc1)CC2,QOYHHIBFXOOADH-UHFFFAOYSA-N,O=C1NCN(c2ccccc2)C12CC[NH+](CCCC1CCCC1)CC2,ZINC15 : ZINC001208086863,morgan,0.453125,zinc15
O=C1NCN(c2ccccc2)C12CCN(CCCC(c1ccc(F)cc1)c1ccc(F)cc1)CC2,QOYHHIBFXOOADH-UHFFFAOYSA-N,O=C1NCN(c2ccc(F)cc2)C12CC[NH+](CC1CC1)CC2,ZINC15 : ZINC001201951711,morgan,0.45161290322580644,zinc15
O=C1NCN(c2ccccc2)C12CCN(CCCC(c1ccc(F)cc1)c1ccc(F)cc1)CC2,QOYHHIBFXOOADH-UHFFFAOYSA-N,O=C1NCN(c2ccccc2)C12CC[NH+](CCCCO)CC2,ZINC15 : ZINC001204599169,morgan,0.45161290322580644,zinc15
O=C1NCN(c2ccccc2)C12CCN(CCCC(c1ccc(F)cc1)c1ccc(F)cc1)CC2,QOYHHIBFXOOADH-UHFFFAOYSA-N,C[C@@H](C[NH+]1CCC2(CC1)C(=O)NCN2c1ccc(F)cc1)C(F)(F)F,ZINC15 : ZINC001208893082,morgan,0.4461538461538462,zinc15
O=C1NCN(c2ccccc2)C12CCN(CCCC(c1ccc(F)cc1)c1ccc(F)cc1)CC2,QOYHHIBFXOOADH-UHFFFAOYSA-N,CSCCC[NH+]1CCC2(CC1)C(=O)NCN2c1ccc(F)cc1,ZINC15 : ZINC001201697046,morgan,0.4461538461538462,zinc15
O=C1NCN(c2ccccc2)C12CCN(CCCC(c1ccc(F)cc1)c1ccc(F)cc1)CC2,QOYHHIBFXOOADH-UHFFFAOYSA-N,C[C@H](C[NH+]1CCC2(CC1)C(=O)NCN2c1ccc(F)cc1)C(F)(F)F,ZINC15 : ZINC001208893081,morgan,0.4461538461538462,zinc15
O=C1NCN(c2ccccc2)C12CCN(CCCC(c1ccc(F)cc1)c1ccc(F)cc1)CC2,QOYHHIBFXOOADH-UHFFFAOYSA-N,O=C1NCN(c2ccccc2)C12CC[NH+](CCCCCO)CC2,ZINC15 : ZINC001204599373,morgan,0.4444444444444444,zinc15
O=C1NCN(c2ccccc2)C12CCN(CCCC(c1ccc(F)cc1)c1ccc(F)cc1)CC2,QOYHHIBFXOOADH-UHFFFAOYSA-N,O=C1NCN(c2ccc(F)cc2)C12CC[NH+]([C@H]1CC[C@@H](c3ccccc3)C1)CC2,ZINC15 : ZINC001172568581,morgan,0.4411764705882353,zinc15
O=C1NCN(c2ccccc2)C12CCN(CCCC(c1ccc(F)cc1)c1ccc(F)cc1)CC2,QOYHHIBFXOOADH-UHFFFAOYSA-N,CC[NH+](CC)CCC[C@H](C)[NH+]1CCC2(CC1)C(=O)NCN2c1ccccc1,ZINC15 : ZINC001258906870,morgan,0.4411764705882353,zinc15
O=C1NCN(c2ccccc2)C12CCN(CCCC(c1ccc(F)cc1)c1ccc(F)cc1)CC2,QOYHHIBFXOOADH-UHFFFAOYSA-N,CC[NH+](CC)CCC[C@@H](C)[NH+]1CCC2(CC1)C(=O)NCN2c1ccccc1,ZINC15 : ZINC001258906871,morgan,0.4411764705882353,zinc15
O=C1NCN(c2ccccc2)C12CCN(CCCC(c1ccc(F)cc1)c1ccc(F)cc1)CC2,QOYHHIBFXOOADH-UHFFFAOYSA-N,O=C1NCN(c2ccc(F)cc2)C12CC[NH+]([C@@H]1CC[C@@H](c3ccccc3)C1)CC2,ZINC15 : ZINC001172568580,morgan,0.4411764705882353,zinc15
O=C1NCN(c2ccccc2)C12CCN(CCCC(c1ccc(F)cc1)c1ccc(F)cc1)CC2,QOYHHIBFXOOADH-UHFFFAOYSA-N,CC[C@@H](CC(C)C)[NH+]1CCC2(CC1)C(=O)NCN2c1ccc(F)cc1,ZINC15 : ZINC001172403300,morgan,0.4393939393939394,zinc15
O=C1NCN(c2ccccc2)C12CCN(CCCC(c1ccc(F)cc1)c1ccc(F)cc1)CC2,QOYHHIBFXOOADH-UHFFFAOYSA-N,CC[C@H](CC(C)C)[NH+]1CCC2(CC1)C(=O)NCN2c1ccc(F)cc1,ZINC15 : ZINC001172403301,morgan,0.4393939393939394,zinc15
O=C1NCN(c2ccccc2)C12CCN(CCCC(c1ccc(F)cc1)c1ccc(F)cc1)CC2,QOYHHIBFXOOADH-UHFFFAOYSA-N,CSCCC[NH+]1CCC2(CC1)C(=O)NCN2c1ccccc1,ZINC15 : ZINC001201681735,morgan,0.4375,zinc15
O=C1NCN(c2ccccc2)C12CCN(CCCC(c1ccc(F)cc1)c1ccc(F)cc1)CC2,QOYHHIBFXOOADH-UHFFFAOYSA-N,O=C1NCN(c2ccc(F)cc2)C12CC[NH+](CCC1CC1)CC2,ZINC15 : ZINC001208688641,morgan,0.4375,zinc15
O=C1NCN(c2ccccc2)C12CCN(CCCC(c1ccc(F)cc1)c1ccc(F)cc1)CC2,QOYHHIBFXOOADH-UHFFFAOYSA-N,O=C1NCN(c2ccc(F)cc2)C12CC[NH+](CCCc1ccncc1)CC2,ZINC15 : ZINC001209189290,morgan,0.43283582089552236,zinc15
O=C1NCN(c2ccccc2)C12CCN(CCCC(c1ccc(F)cc1)c1ccc(F)cc1)CC2,QOYHHIBFXOOADH-UHFFFAOYSA-N,C[C@H](Cc1ccncc1)[NH+]1CCC2(CC1)C(=O)NCN2c1ccc(F)cc1,ZINC15 : ZINC001256748077,morgan,0.4264705882352941,zinc15
O=C1NCN(c2ccccc2)C12CCN(CCCC(c1ccc(F)cc1)c1ccc(F)cc1)CC2,QOYHHIBFXOOADH-UHFFFAOYSA-N,C[C@@H](Cc1ccncc1)[NH+]1CCC2(CC1)C(=O)NCN2c1ccc(F)cc1,ZINC15 : ZINC001256748076,morgan,0.4264705882352941,zinc15
O=C1NCN(c2ccccc2)C12CCN(CCCC(c1ccc(F)cc1)c1ccc(F)cc1)CC2,QOYHHIBFXOOADH-UHFFFAOYSA-N,O=C(CCC[NH+]1CCC2(CC1)C(=O)NCN2c1ccccc1)c1ccccc1,ZINC15 : ZINC000001668941,morgan,0.42424242424242425,zinc15
O=C1NCN(c2ccccc2)C12CCN(CCCC(c1ccc(F)cc1)c1ccc(F)cc1)CC2,QOYHHIBFXOOADH-UHFFFAOYSA-N,O=C1NCN(c2ccccc2)C12CC[NH+](CCCc1ccc(Cl)cc1)CC2,ZINC15 : ZINC001207592541,morgan,0.417910447761194,zinc15
O=C1NCN(c2ccccc2)C12CCN(CCCC(c1ccc(F)cc1)c1ccc(F)cc1)CC2,QOYHHIBFXOOADH-UHFFFAOYSA-N,CC(C)(CC[NH+]1CCC2(CC1)C(=O)NCN2c1ccccc1)c1ccccc1,ZINC15 : ZINC001208663700,morgan,0.4090909090909091,zinc15
O=C1NCN(c2ccccc2)C12CCN(CCCC(c1ccc(F)cc1)c1ccc(F)cc1)CC2,QOYHHIBFXOOADH-UHFFFAOYSA-N,OCC12CC1CN(CCCC(C1=CC=C(F)C=C1)C1=CC=C(F)C=C1)C2,ENAMINE-REAL : Z1779656327,morgan,0.3968253968253968,enamine-real
O=C1NCN(c2ccccc2)C12CCN(CCCC(c1ccc(F)cc1)c1ccc(F)cc1)CC2,QOYHHIBFXOOADH-UHFFFAOYSA-N,O=C1NC(=O)C2(CC[NH+](CCCC(c3ccc(F)cc3)c3ccc(F)cc3)CC2)N1,ZINC15 : ZINC000534834951,morgan,0.390625,zinc15
O=C1NCN(c2ccccc2)C12CCN(CCCC(c1ccc(F)cc1)c1ccc(F)cc1)CC2,QOYHHIBFXOOADH-UHFFFAOYSA-N,O=C1NC[C@H]2CN(CC(c3ccc(F)cc3)c3ccc(F)cc3)CCN12,ZINC15 : ZINC000549401571,morgan,0.38095238095238093,zinc15
O=C1NCN(c2ccccc2)C12CCN(CCCC(c1ccc(F)cc1)c1ccc(F)cc1)CC2,QOYHHIBFXOOADH-UHFFFAOYSA-N,O=C1NC[C@@H]2CN(CC(c3ccc(F)cc3)c3ccc(F)cc3)CCN12,ZINC15 : ZINC000549401570,morgan,0.38095238095238093,zinc15
O=C1NCN(c2ccccc2)C12CCN(CCCC(c1ccc(F)cc1)c1ccc(F)cc1)CC2,QOYHHIBFXOOADH-UHFFFAOYSA-N,O=C1NC[C@H]2C[N@H+](CCCC(c3ccc(F)cc3)c3ccc(F)cc3)CCN12,ZINC15 : ZINC000430939154,morgan,0.373134328358209,zinc15
O=C1NCN(c2ccccc2)C12CCN(CCCC(c1ccc(F)cc1)c1ccc(F)cc1)CC2,QOYHHIBFXOOADH-UHFFFAOYSA-N,O=C1NC[C@H]2C[N@@H+](CCCC(c3ccc(F)cc3)c3ccc(F)cc3)CCN12,ZINC15 : ZINC000430939154,morgan,0.373134328358209,zinc15
O=C1NCN(c2ccccc2)C12CCN(CCCC(c1ccc(F)cc1)c1ccc(F)cc1)CC2,QOYHHIBFXOOADH-UHFFFAOYSA-N,O=C1NC[C@@H]2C[N@@H+](CCCC(c3ccc(F)cc3)c3ccc(F)cc3)CCN12,ZINC15 : ZINC000430939155,morgan,0.373134328358209,zinc15
O=C1NCN(c2ccccc2)C12CCN(CCCC(c1ccc(F)cc1)c1ccc(F)cc1)CC2,QOYHHIBFXOOADH-UHFFFAOYSA-N,O=C1NC[C@@H]2C[N@H+](CCCC(c3ccc(F)cc3)c3ccc(F)cc3)CCN12,ZINC15 : ZINC000430939155,morgan,0.373134328358209,zinc15
O=C1NCN(c2ccccc2)C12CCN(CCCC(c1ccc(F)cc1)c1ccc(F)cc1)CC2,QOYHHIBFXOOADH-UHFFFAOYSA-N,O=C1NCCN1C1CC[NH+](CCCC(c2ccc(F)cc2)c2ccc(F)cc2)CC1,ZINC15 : ZINC000053283868,morgan,0.373134328358209,zinc15
O=C1NCN(c2ccccc2)C12CCN(CCCC(c1ccc(F)cc1)c1ccc(F)cc1)CC2,QOYHHIBFXOOADH-UHFFFAOYSA-N,O=C1NC(=O)[C@@]2(CCC[N@H+](CCCC(c3ccc(F)cc3)c3ccc(F)cc3)C2)N1,ZINC15 : ZINC000434793686,morgan,0.36764705882352944,zinc15
O=C1NCN(c2ccccc2)C12CCN(CCCC(c1ccc(F)cc1)c1ccc(F)cc1)CC2,QOYHHIBFXOOADH-UHFFFAOYSA-N,O=C1NC(=O)[C@]2(CCC[N@H+](CCCC(c3ccc(F)cc3)c3ccc(F)cc3)C2)N1,ZINC15 : ZINC000434793685,morgan,0.36764705882352944,zinc15
O=C1NCN(c2ccccc2)C12CCN(CCCC(c1ccc(F)cc1)c1ccc(F)cc1)CC2,QOYHHIBFXOOADH-UHFFFAOYSA-N,O=C1NC(=O)[C@@]2(CCC[N@@H+](CCCC(c3ccc(F)cc3)c3ccc(F)cc3)C2)N1,ZINC15 : ZINC000434793686,morgan,0.36764705882352944,zinc15
O=C1NCN(c2ccccc2)C12CCN(CCCC(c1ccc(F)cc1)c1ccc(F)cc1)CC2,QOYHHIBFXOOADH-UHFFFAOYSA-N,O=C1NC(=O)[C@]2(CCC[N@@H+](CCCC(c3ccc(F)cc3)c3ccc(F)cc3)C2)N1,ZINC15 : ZINC000434793685,morgan,0.36764705882352944,zinc15
O=C1NCN(c2ccccc2)C12CCN(CCCC(c1ccc(F)cc1)c1ccc(F)cc1)CC2,QOYHHIBFXOOADH-UHFFFAOYSA-N,O=C1CN(CCCc2ccc(F)cc2)CCN1c1ccccc1,ZINC15 : ZINC001208770202,morgan,0.359375,zinc15
O=C1NCN(c2ccccc2)C12CCN(CCCC(c1ccc(F)cc1)c1ccc(F)cc1)CC2,QOYHHIBFXOOADH-UHFFFAOYSA-N,O=C1NCCN1CC[NH2+][C@@H](c1ccccc1)c1ccc(F)cc1,ZINC15 : ZINC000289959700,morgan,0.35384615384615387,zinc15
O=C1NCN(c2ccccc2)C12CCN(CCCC(c1ccc(F)cc1)c1ccc(F)cc1)CC2,QOYHHIBFXOOADH-UHFFFAOYSA-N,O=C1NCCN1CC[NH2+][C@H](c1ccccc1)c1ccc(F)cc1,ZINC15 : ZINC000289959701,morgan,0.35384615384615387,zinc15
O=C1NCN(c2ccccc2)C12CCN(CCCC(c1ccc(F)cc1)c1ccc(F)cc1)CC2,QOYHHIBFXOOADH-UHFFFAOYSA-N,O=C1NCCN1CC[NH2+]CC(c1ccc(F)cc1)c1ccc(F)cc1,ZINC15 : ZINC000886324105,morgan,0.34375,zinc15
O=C1NCN(c2ccccc2)C12CCN(CCCC(c1ccc(F)cc1)c1ccc(F)cc1)CC2,QOYHHIBFXOOADH-UHFFFAOYSA-N,O=C1NC2(CCCC2)C(=O)N1CCC[NH2+][C@H](c1ccccc1)c1ccc(F)cc1,ZINC15 : ZINC000480788949,morgan,0.34285714285714286,zinc15
O=C1NCN(c2ccccc2)C12CCN(CCCC(c1ccc(F)cc1)c1ccc(F)cc1)CC2,QOYHHIBFXOOADH-UHFFFAOYSA-N,O=C1NC2(CCCC2)C(=O)N1CCC[NH2+][C@@H](c1ccccc1)c1ccc(F)cc1,ZINC15 : ZINC000480788944,morgan,0.34285714285714286,zinc15
O=C1NCN(c2ccccc2)C12CCN(CCCC(c1ccc(F)cc1)c1ccc(F)cc1)CC2,QOYHHIBFXOOADH-UHFFFAOYSA-N,O=C1CC[C@H]2CN(CC(c3ccc(F)cc3)c3ccc(F)cc3)CCN12,ZINC15 : ZINC000555335798,morgan,0.3384615384615385,zinc15
O=C1NCN(c2ccccc2)C12CCN(CCCC(c1ccc(F)cc1)c1ccc(F)cc1)CC2,QOYHHIBFXOOADH-UHFFFAOYSA-N,O=C1CN(CCCc2ccccc2)CCN1c1ccc(F)cc1,ZINC15 : ZINC001201672680,morgan,0.3384615384615385,zinc15
O=C1NCN(c2ccccc2)C12CCN(CCCC(c1ccc(F)cc1)c1ccc(F)cc1)CC2,QOYHHIBFXOOADH-UHFFFAOYSA-N,O=C1CC[C@@H]2CN(CC(c3ccc(F)cc3)c3ccc(F)cc3)CCN12,ZINC15 : ZINC000555335799,morgan,0.3384615384615385,zinc15
O=C1NCN(c2ccccc2)C12CCN(CCCC(c1ccc(F)cc1)c1ccc(F)cc1)CC2,QOYHHIBFXOOADH-UHFFFAOYSA-N,O=C1[C@H](N2CCN(CCCOc3ccc(F)cc3)CC2)CCN1c1ccccc1,ZINC15 : ZINC000112705484,morgan,0.3380281690140845,zinc15
O=C1NCN(c2ccccc2)C12CCN(CCCC(c1ccc(F)cc1)c1ccc(F)cc1)CC2,QOYHHIBFXOOADH-UHFFFAOYSA-N,O=C1[C@@H](N2CCN(CCCOc3ccc(F)cc3)CC2)CCN1c1ccccc1,ZINC15 : ZINC000112705483,morgan,0.3380281690140845,zinc15
O=C1NCN(c2ccccc2)C12CCN(CCCC(c1ccc(F)cc1)c1ccc(F)cc1)CC2,QOYHHIBFXOOADH-UHFFFAOYSA-N,O=C1CNC(=O)N1CC[NH2+][C@H](c1ccccc1)c1ccc(F)cc1,ZINC15 : ZINC000098042195,morgan,0.3333333333333333,zinc15
O=C1NCN(c2ccccc2)C12CCN(CCCC(c1ccc(F)cc1)c1ccc(F)cc1)CC2,QOYHHIBFXOOADH-UHFFFAOYSA-N,O=C1NC2(CCCC2)C(=O)N1CCN[C@@H](c1ccccc1)c1ccc(F)cc1,ZINC15 : ZINC000119615803,morgan,0.3333333333333333,zinc15
O=C1NCN(c2ccccc2)C12CCN(CCCC(c1ccc(F)cc1)c1ccc(F)cc1)CC2,QOYHHIBFXOOADH-UHFFFAOYSA-N,O=C1NC2(CCCC2)C(=O)N1CCN[C@H](c1ccccc1)c1ccc(F)cc1,ZINC15 : ZINC000119615955,morgan,0.3333333333333333,zinc15
O=C1NCN(c2ccccc2)C12CCN(CCCC(c1ccc(F)cc1)c1ccc(F)cc1)CC2,QOYHHIBFXOOADH-UHFFFAOYSA-N,O=C1NC2(CC2)C(=O)N1CCC(c1ccccc1)c1ccccc1,ZINC15 : ZINC000272271520,morgan,0.3333333333333333,zinc15
O=C1NCN(c2ccccc2)C12CCN(CCCC(c1ccc(F)cc1)c1ccc(F)cc1)CC2,QOYHHIBFXOOADH-UHFFFAOYSA-N,O=C1N=NC2CN(CC(c3ccc(F)cc3)c3ccc(F)cc3)CCN12,ZINC15 : ZINC000572048779,morgan,0.3333333333333333,zinc15
O=C1NCN(c2ccccc2)C12CCN(CCCC(c1ccc(F)cc1)c1ccc(F)cc1)CC2,QOYHHIBFXOOADH-UHFFFAOYSA-N,O=C1CNC(=O)N1CC[NH2+][C@@H](c1ccccc1)c1ccc(F)cc1,ZINC15 : ZINC000098042194,morgan,0.3333333333333333,zinc15
O=C1NCN(c2ccccc2)C12CCN(CCCC(c1ccc(F)cc1)c1ccc(F)cc1)CC2,QOYHHIBFXOOADH-UHFFFAOYSA-N,O=C1CN(CCc2ccc(F)cc2)CCN1c1ccccc1,ZINC15 : ZINC001207515246,morgan,0.328125,zinc15
O=C1NCN(c2ccccc2)C12CCN(CCCC(c1ccc(F)cc1)c1ccc(F)cc1)CC2,QOYHHIBFXOOADH-UHFFFAOYSA-N,O=C1CN(CCC2=CC=C(F)C=C2)CCN1C1=CC=CC=C1,ENAMINE-REAL : Z5207643680,morgan,0.328125,enamine-real
O=C1NCN(c2ccccc2)C12CCN(CCCC(c1ccc(F)cc1)c1ccc(F)cc1)CC2,QOYHHIBFXOOADH-UHFFFAOYSA-N,CC[C@@H](c1ccc(F)cc1)N1CCN(C[C@H]2CN(c3ccccc3)C(=O)O2)CC1,ZINC15 : ZINC001197523435,morgan,0.32432432432432434,zinc15
O=C1NCN(c2ccccc2)C12CCN(CCCC(c1ccc(F)cc1)c1ccc(F)cc1)CC2,QOYHHIBFXOOADH-UHFFFAOYSA-N,CC[C@@H](c1ccc(F)cc1)N1CCN(C[C@@H]2CN(c3ccccc3)C(=O)O2)CC1,ZINC15 : ZINC001197523438,morgan,0.32432432432432434,zinc15
O=C1NCN(c2ccccc2)C12CCN(CCCC(c1ccc(F)cc1)c1ccc(F)cc1)CC2,QOYHHIBFXOOADH-UHFFFAOYSA-N,CC[C@H](c1ccc(F)cc1)N1CCN(C[C@@H]2CN(c3ccccc3)C(=O)O2)CC1,ZINC15 : ZINC001197523433,morgan,0.32432432432432434,zinc15
O=C1NCN(c2ccccc2)C12CCN(CCCC(c1ccc(F)cc1)c1ccc(F)cc1)CC2,QOYHHIBFXOOADH-UHFFFAOYSA-N,CC[C@H](c1ccc(F)cc1)N1CCN(C[C@H]2CN(c3ccccc3)C(=O)O2)CC1,ZINC15 : ZINC001197523431,morgan,0.32432432432432434,zinc15
O=C1NCN(c2ccccc2)C12CCN(CCCC(c1ccc(F)cc1)c1ccc(F)cc1)CC2,QOYHHIBFXOOADH-UHFFFAOYSA-N,O=C1C[C@H](N2CCN(CCCc3ccccc3)CC2)C(=O)N1c1ccc(F)cc1,ZINC15 : ZINC000022972166,morgan,0.323943661971831,zinc15
O=C1NCN(c2ccccc2)C12CCN(CCCC(c1ccc(F)cc1)c1ccc(F)cc1)CC2,QOYHHIBFXOOADH-UHFFFAOYSA-N,O=C1C[C@@H](N2CCN(CCCc3ccccc3)CC2)C(=O)N1c1ccc(F)cc1,ZINC15 : ZINC000100218682,morgan,0.323943661971831,zinc15
O=C1NCN(c2ccccc2)C12CCN(CCCC(c1ccc(F)cc1)c1ccc(F)cc1)CC2,QOYHHIBFXOOADH-UHFFFAOYSA-N,O=C1NC2(CCCC2)C(=O)N1CC[NH2+]CC(c1ccc(F)cc1)c1ccc(F)cc1,ZINC15 : ZINC000500394285,morgan,0.3235294117647059,zinc15
O=C1NCN(c2ccccc2)C12CCN(CCCC(c1ccc(F)cc1)c1ccc(F)cc1)CC2,QOYHHIBFXOOADH-UHFFFAOYSA-N,O=C1NC2(CCC2)C(=O)N1CCC(c1ccccc1)c1ccccc1,ZINC15 : ZINC000430974308,morgan,0.3225806451612903,zinc15
O=C1NCN(c2ccccc2)C12CCN(CCCC(c1ccc(F)cc1)c1ccc(F)cc1)CC2,QOYHHIBFXOOADH-UHFFFAOYSA-N,O=C1NC2(CCCC2)C(=O)N1CCC(c1ccccc1)c1ccccc1,ZINC15 : ZINC000554031115,morgan,0.3225806451612903,zinc15
O=C1NCN(c2ccccc2)C12CCN(CCCC(c1ccc(F)cc1)c1ccc(F)cc1)CC2,QOYHHIBFXOOADH-UHFFFAOYSA-N,CC[C@@H](c1ccc(F)cc1)[NH+]1CCN(C[C@@H]2CN(c3ccccc3)C(=O)O2)CC1,ZINC15 : ZINC001197523438,morgan,0.32,zinc15
O=C1NCN(c2ccccc2)C12CCN(CCCC(c1ccc(F)cc1)c1ccc(F)cc1)CC2,QOYHHIBFXOOADH-UHFFFAOYSA-N,CC[C@H](c1ccc(F)cc1)[NH+]1CCN(C[C@H]2CN(c3ccccc3)C(=O)O2)CC1,ZINC15 : ZINC001197523431,morgan,0.32,zinc15
O=C1NCN(c2ccccc2)C12CCN(CCCC(c1ccc(F)cc1)c1ccc(F)cc1)CC2,QOYHHIBFXOOADH-UHFFFAOYSA-N,CC[C@H](c1ccc(F)cc1)[NH+]1CCN(C[C@@H]2CN(c3ccccc3)C(=O)O2)CC1,ZINC15 : ZINC001197523433,morgan,0.32,zinc15
O=C1NCN(c2ccccc2)C12CCN(CCCC(c1ccc(F)cc1)c1ccc(F)cc1)CC2,QOYHHIBFXOOADH-UHFFFAOYSA-N,CC[C@@H](c1ccc(F)cc1)[NH+]1CCN(C[C@H]2CN(c3ccccc3)C(=O)O2)CC1,ZINC15 : ZINC001197523435,morgan,0.32,zinc15
O=C1NCN(c2ccccc2)C12CCN(CCCC(c1ccc(F)cc1)c1ccc(F)cc1)CC2,QOYHHIBFXOOADH-UHFFFAOYSA-N,C[C@@H](CN1CCNC(=O)[C@@H]1c1ccccc1)c1ccc(F)cc1,ZINC15 : ZINC000437685439,morgan,0.3188405797101449,zinc15
O=C1NCN(c2ccccc2)C12CCN(CCCC(c1ccc(F)cc1)c1ccc(F)cc1)CC2,QOYHHIBFXOOADH-UHFFFAOYSA-N,C[C@@H](CN1CCNC(=O)[C@H]1c1ccccc1)c1ccc(F)cc1,ZINC15 : ZINC000437685435,morgan,0.3188405797101449,zinc15
O=C1NCN(c2ccccc2)C12CCN(CCCC(c1ccc(F)cc1)c1ccc(F)cc1)CC2,QOYHHIBFXOOADH-UHFFFAOYSA-N,C[C@H](CN1CCNC(=O)[C@@H]1c1ccccc1)c1ccc(F)cc1,ZINC15 : ZINC000437685437,morgan,0.3188405797101449,zinc15
O=C1NCN(c2ccccc2)C12CCN(CCCC(c1ccc(F)cc1)c1ccc(F)cc1)CC2,QOYHHIBFXOOADH-UHFFFAOYSA-N,C[C@H](CN1CCNC(=O)[C@H]1c1ccccc1)c1ccc(F)cc1,ZINC15 : ZINC000437685441,morgan,0.3188405797101449,zinc15
O=C1NCN(c2ccccc2)C12CCN(CCCC(c1ccc(F)cc1)c1ccc(F)cc1)CC2,QOYHHIBFXOOADH-UHFFFAOYSA-N,C[C@@H](C[NH2+][C@H]1CCN(c2ccccc2)C1=O)c1ccc(F)cc1,ZINC15 : ZINC000237445329,morgan,0.3188405797101449,zinc15
O=C1NCN(c2ccccc2)C12CCN(CCCC(c1ccc(F)cc1)c1ccc(F)cc1)CC2,QOYHHIBFXOOADH-UHFFFAOYSA-N,C[C@@H](C[NH2+][C@@H]1CCN(c2ccccc2)C1=O)c1ccc(F)cc1,ZINC15 : ZINC000237442861,morgan,0.3188405797101449,zinc15
O=C1NCN(c2ccccc2)C12CCN(CCCC(c1ccc(F)cc1)c1ccc(F)cc1)CC2,QOYHHIBFXOOADH-UHFFFAOYSA-N,C[C@H](C[NH2+][C@@H]1CCN(c2ccccc2)C1=O)c1ccc(F)cc1,ZINC15 : ZINC000237606817,morgan,0.3188405797101449,zinc15
O=C1NCN(c2ccccc2)C12CCN(CCCC(c1ccc(F)cc1)c1ccc(F)cc1)CC2,QOYHHIBFXOOADH-UHFFFAOYSA-N,C[C@H](C[NH2+][C@H]1CCN(c2ccccc2)C1=O)c1ccc(F)cc1,ZINC15 : ZINC000237609621,morgan,0.3188405797101449,zinc15
O=C1NCN(c2ccccc2)C12CCN(CCCC(c1ccc(F)cc1)c1ccc(F)cc1)CC2,QOYHHIBFXOOADH-UHFFFAOYSA-N,O=C1NCN(c2ccccc2)C12CC[NH+](CCCC(c1ccc(F)cc1)c1ccc(F)cc1)CC2,ZINC15 : ZINC000000537755,espsim_electrostatic,0.7142857142857143,zinc15
O=C1NCN(c2ccccc2)C12CCN(CCCC(c1ccc(F)cc1)c1ccc(F)cc1)CC2,QOYHHIBFXOOADH-UHFFFAOYSA-N,O=C1NCN(c2ccccc2)C12CC[NH+](CCC[C@@H](c1ccc(F)cc1)c1cccc(F)c1)CC2,ZINC15 : ZINC000098175564,espsim_electrostatic,0.6349206349206349,zinc15
O=C1NCN(c2ccccc2)C12CCN(CCCC(c1ccc(F)cc1)c1ccc(F)cc1)CC2,QOYHHIBFXOOADH-UHFFFAOYSA-N,O=C1NCN(c2ccccc2)C12CC[NH+](CCC[C@H](c1ccc(F)cc1)c1cccc(F)c1)CC2,ZINC15 : ZINC000098175565,espsim_electrostatic,0.6349206349206349,zinc15
O=C1NCN(c2ccccc2)C12CCN(CCCC(c1ccc(F)cc1)c1ccc(F)cc1)CC2,QOYHHIBFXOOADH-UHFFFAOYSA-N,O=C1NCN(c2ccccc2)C12CCN(CCc1cc(F)cc(F)c1)CC2,ZINC15 : ZINC001209127337,espsim_electrostatic,0.631578947368421,zinc15
O=C1NCN(c2ccccc2)C12CCN(CCCC(c1ccc(F)cc1)c1ccc(F)cc1)CC2,QOYHHIBFXOOADH-UHFFFAOYSA-N,O=C1NCN(c2ccccc2)C12CCN(Cc1cc(F)cc(F)c1)CC2,ZINC15 : ZINC001204227282,espsim_electrostatic,0.5964912280701754,zinc15
O=C1NCN(c2ccccc2)C12CCN(CCCC(c1ccc(F)cc1)c1ccc(F)cc1)CC2,QOYHHIBFXOOADH-UHFFFAOYSA-N,O=C1NCN(c2ccc(F)cc2)C12CCN(Cc1ccccc1F)CC2,ZINC15 : ZINC001203357592,espsim_electrostatic,0.5862068965517241,zinc15
O=C1NCN(c2ccccc2)C12CCN(CCCC(c1ccc(F)cc1)c1ccc(F)cc1)CC2,QOYHHIBFXOOADH-UHFFFAOYSA-N,O=C1NCN(c2ccc(F)cc2)C12CCN(Cc1ccc(F)cc1)CC2,ZINC15 : ZINC001203915608,espsim_electrostatic,0.5818181818181818,zinc15
O=C1NCN(c2ccccc2)C12CCN(CCCC(c1ccc(F)cc1)c1ccc(F)cc1)CC2,QOYHHIBFXOOADH-UHFFFAOYSA-N,O=C1NCN(c2ccc(F)cc2)C12CCN(Cc1cccc(F)c1)CC2,ZINC15 : ZINC001203789092,espsim_electrostatic,0.55,zinc15
O=C1NCN(c2ccccc2)C12CCN(CCCC(c1ccc(F)cc1)c1ccc(F)cc1)CC2,QOYHHIBFXOOADH-UHFFFAOYSA-N,O=C1NCN(c2ccc(F)cc2)C12CCN(Cc1ccco1)CC2,ZINC15 : ZINC001203284131,espsim_electrostatic,0.5409836065573771,zinc15
O=C1NCN(c2ccccc2)C12CCN(CCCC(c1ccc(F)cc1)c1ccc(F)cc1)CC2,QOYHHIBFXOOADH-UHFFFAOYSA-N,O=C1NCN(c2ccccc2)C12CCN(Cc1c(F)cc(O)cc1F)CC2,ZINC15 : ZINC001144542399,espsim_electrostatic,0.5409836065573771,zinc15
O=C1NCN(c2ccccc2)C12CCN(CCCC(c1ccc(F)cc1)c1ccc(F)cc1)CC2,QOYHHIBFXOOADH-UHFFFAOYSA-N,O=C1NCN(c2ccccc2)C12CCN(Cc1ccncc1)CC2,ZINC15 : ZINC000028885706,espsim_electrostatic,0.5344827586206896,zinc15
O=C1NCN(c2ccccc2)C12CCN(CCCC(c1ccc(F)cc1)c1ccc(F)cc1)CC2,QOYHHIBFXOOADH-UHFFFAOYSA-N,O=C1NCN(c2ccccc2)C12CCN(Cc1ccc(O)c(F)c1F)CC2,ZINC15 : ZINC001140889617,espsim_electrostatic,0.532258064516129,zinc15
O=C1NCN(c2ccccc2)C12CCN(CCCC(c1ccc(F)cc1)c1ccc(F)cc1)CC2,QOYHHIBFXOOADH-UHFFFAOYSA-N,O=C1NCN(c2ccc(F)cc2)C12CCN(Cc1cccnc1)CC2,ZINC15 : ZINC001204075786,espsim_electrostatic,0.532258064516129,zinc15
O=C1NCN(c2ccccc2)C12CCN(CCCC(c1ccc(F)cc1)c1ccc(F)cc1)CC2,QOYHHIBFXOOADH-UHFFFAOYSA-N,O=C1NCN(c2ccccc2)C12CC[NH+](CCc1ccc(F)cc1)CC2,ZINC15 : ZINC001207511256,espsim_electrostatic,0.5245901639344263,zinc15
O=C1NCN(c2ccccc2)C12CCN(CCCC(c1ccc(F)cc1)c1ccc(F)cc1)CC2,QOYHHIBFXOOADH-UHFFFAOYSA-N,O=C1NCN(c2ccc(F)cc2)C12CCN(Cc1cccc(F)c1Cl)CC2,ZINC15 : ZINC001140568289,espsim_electrostatic,0.5238095238095238,zinc15
O=C1NCN(c2ccccc2)C12CCN(CCCC(c1ccc(F)cc1)c1ccc(F)cc1)CC2,QOYHHIBFXOOADH-UHFFFAOYSA-N,O=C1NCN(c2ccccc2)C12CCN(Cc1ccc(F)c(O)c1F)CC2,ZINC15 : ZINC001232933536,espsim_electrostatic,0.5238095238095238,zinc15
O=C1NCN(c2ccccc2)C12CCN(CCCC(c1ccc(F)cc1)c1ccc(F)cc1)CC2,QOYHHIBFXOOADH-UHFFFAOYSA-N,O=C1NCN(c2ccccc2)C12CCN(Cc1ccco1)CC2,ZINC15 : ZINC000034052401,espsim_electrostatic,0.5166666666666667,zinc15
O=C1NCN(c2ccccc2)C12CCN(CCCC(c1ccc(F)cc1)c1ccc(F)cc1)CC2,QOYHHIBFXOOADH-UHFFFAOYSA-N,O=C1NCN(c2ccccc2)C12CCN(Cc1cc(Cl)cc(Cl)c1)CC2,ZINC15 : ZINC001203808085,espsim_electrostatic,0.5166666666666667,zinc15
O=C1NCN(c2ccccc2)C12CCN(CCCC(c1ccc(F)cc1)c1ccc(F)cc1)CC2,QOYHHIBFXOOADH-UHFFFAOYSA-N,O=C1NCN(c2ccccc2)C12CCN(Cc1cncnc1)CC2,ZINC15 : ZINC001137662545,espsim_electrostatic,0.5166666666666667,zinc15
O=C1NCN(c2ccccc2)C12CCN(CCCC(c1ccc(F)cc1)c1ccc(F)cc1)CC2,QOYHHIBFXOOADH-UHFFFAOYSA-N,O=C1NCN(c2ccc(F)cc2)C12CCN(Cc1cc(F)ccc1Cl)CC2,ZINC15 : ZINC001138675014,espsim_electrostatic,0.5161290322580645,zinc15
O=C1NCN(c2ccccc2)C12CCN(CCCC(c1ccc(F)cc1)c1ccc(F)cc1)CC2,QOYHHIBFXOOADH-UHFFFAOYSA-N,O=C1NCN(c2ccc(F)cc2)C12CCN(Cc1ccc(F)cc1Cl)CC2,ZINC15 : ZINC001204438798,espsim_electrostatic,0.5161290322580645,zinc15
O=C1NCN(c2ccccc2)C12CCN(CCCC(c1ccc(F)cc1)c1ccc(F)cc1)CC2,QOYHHIBFXOOADH-UHFFFAOYSA-N,O=C1NCN(c2ccccc2)C12CC[NH+](CCCOc1ccc(F)cc1)CC2,ZINC15 : ZINC000001846593,espsim_electrostatic,0.515625,zinc15
O=C1NCN(c2ccccc2)C12CCN(CCCC(c1ccc(F)cc1)c1ccc(F)cc1)CC2,QOYHHIBFXOOADH-UHFFFAOYSA-N,O=C1NCN(c2ccccc2)C12CCN(Cc1cccnc1)CC2,ZINC15 : ZINC000024912362,espsim_electrostatic,0.5081967213114754,zinc15
O=C1NCN(c2ccccc2)C12CCN(CCCC(c1ccc(F)cc1)c1ccc(F)cc1)CC2,QOYHHIBFXOOADH-UHFFFAOYSA-N,O=C1NCN(c2ccc(F)cc2)C12CCN(Cc1cc(O)cc(F)c1)CC2,ZINC15 : ZINC001237283491,espsim_electrostatic,0.5079365079365079,zinc15
O=C1NCN(c2ccccc2)C12CCN(CCCC(c1ccc(F)cc1)c1ccc(F)cc1)CC2,QOYHHIBFXOOADH-UHFFFAOYSA-N,O=C1NCN(c2ccc(F)cc2)C12CCN(Cc1nccs1)CC2,ZINC15 : ZINC001204548579,espsim_electrostatic,0.5079365079365079,zinc15
O=C1NCN(c2ccccc2)C12CCN(CCCC(c1ccc(F)cc1)c1ccc(F)cc1)CC2,QOYHHIBFXOOADH-UHFFFAOYSA-N,O=C1NCN(c2ccc(F)cc2)C12CCN(Cc1cc(F)cc(Cl)c1)CC2,ZINC15 : ZINC001140542472,espsim_electrostatic,0.5079365079365079,zinc15
O=C1NCN(c2ccccc2)C12CCN(CCCC(c1ccc(F)cc1)c1ccc(F)cc1)CC2,QOYHHIBFXOOADH-UHFFFAOYSA-N,O=C1NCN(c2ccccc2)C12CC[NH+](CCCSc1ccc(F)cc1)CC2,ZINC15 : ZINC000001640702,espsim_electrostatic,0.5076923076923077,zinc15
O=C1NCN(c2ccccc2)C12CCN(CCCC(c1ccc(F)cc1)c1ccc(F)cc1)CC2,QOYHHIBFXOOADH-UHFFFAOYSA-N,O=C1NCN(c2ccccc2)C12CCN(Cc1cnc(F)cc1Cl)CC2,ZINC15 : ZINC001238023177,espsim_electrostatic,0.5076923076923077,zinc15
O=C1NCN(c2ccccc2)C12CCN(CCCC(c1ccc(F)cc1)c1ccc(F)cc1)CC2,QOYHHIBFXOOADH-UHFFFAOYSA-N,O=C1NCN(c2ccccc2)C12CCN(Cc1ncco1)CC2,ZINC15 : ZINC001141005418,espsim_electrostatic,0.5,zinc15
O=C1NCN(c2ccccc2)C12CCN(CCCC(c1ccc(F)cc1)c1ccc(F)cc1)CC2,QOYHHIBFXOOADH-UHFFFAOYSA-N,O=C1NCN(c2ccccc2)C12CCN(Cc1nccs1)CC2,ZINC15 : ZINC000165775510,espsim_electrostatic,0.5,zinc15
O=C1NCN(c2ccccc2)C12CCN(CCCC(c1ccc(F)cc1)c1ccc(F)cc1)CC2,QOYHHIBFXOOADH-UHFFFAOYSA-N,O=C1NCN(c2ccccc2)C12CCN(Cc1ccc(F)c(C3CC3)c1)CC2,ZINC15 : ZINC001238497019,espsim_electrostatic,0.5,zinc15
O=C1NCN(c2ccccc2)C12CCN(CCCC(c1ccc(F)cc1)c1ccc(F)cc1)CC2,QOYHHIBFXOOADH-UHFFFAOYSA-N,O=C1NCN(c2ccccc2)C12CCN(Cc1cn[nH]c1)CC2,ZINC15 : ZINC001203084206,espsim_electrostatic,0.5,zinc15
O=C1NCN(c2ccccc2)C12CCN(CCCC(c1ccc(F)cc1)c1ccc(F)cc1)CC2,QOYHHIBFXOOADH-UHFFFAOYSA-N,O=C1NCN(c2ccc(F)cc2)C12CCN(Cc1cnsc1)CC2,ZINC15 : ZINC001232229126,espsim_electrostatic,0.5,zinc15
O=C1NCN(c2ccccc2)C12CCN(CCCC(c1ccc(F)cc1)c1ccc(F)cc1)CC2,QOYHHIBFXOOADH-UHFFFAOYSA-N,O=C1NCN(c2ccc(F)cc2)C12CC[NH+](CCCCc1ccccc1)CC2,ZINC15 : ZINC001207614887,espsim_electrostatic,0.5,zinc15
O=C1NCN(c2ccccc2)C12CCN(CCCC(c1ccc(F)cc1)c1ccc(F)cc1)CC2,QOYHHIBFXOOADH-UHFFFAOYSA-N,O=C1NCN(c2ccccc2)C12CCN(Cc1cnco1)CC2,ZINC15 : ZINC001140926979,espsim_electrostatic,0.5,zinc15
O=C1NCN(c2ccccc2)C12CCN(CCCC(c1ccc(F)cc1)c1ccc(F)cc1)CC2,QOYHHIBFXOOADH-UHFFFAOYSA-N,O=C1NCN(c2ccccc2)C12CCN(Cc1cccc(Cl)c1Cl)CC2,ZINC15 : ZINC001204179281,espsim_electrostatic,0.5,zinc15
O=C1NCN(c2ccccc2)C12CCN(CCCC(c1ccc(F)cc1)c1ccc(F)cc1)CC2,QOYHHIBFXOOADH-UHFFFAOYSA-N,O=C1NCN(c2ccc(F)cc2)C12CCN(Cc1cc(O)ccc1F)CC2,ZINC15 : ZINC001140052242,espsim_electrostatic,0.5,zinc15
O=C1NCN(c2ccccc2)C12CCN(CCCC(c1ccc(F)cc1)c1ccc(F)cc1)CC2,QOYHHIBFXOOADH-UHFFFAOYSA-N,O=C1NCN(c2ccc(F)cc2)C12CCN(Cc1cncs1)CC2,ZINC15 : ZINC001209551237,espsim_electrostatic,0.5,zinc15
O=C1NCN(c2ccccc2)C12CCN(CCCC(c1ccc(F)cc1)c1ccc(F)cc1)CC2,QOYHHIBFXOOADH-UHFFFAOYSA-N,O=C1NCN(c2ccccc2)C12CCN(Cc1ccc(Cl)o1)CC2,ZINC15 : ZINC001233313692,espsim_electrostatic,0.5,zinc15
O=C1NCN(c2ccccc2)C12CCN(CCCC(c1ccc(F)cc1)c1ccc(F)cc1)CC2,QOYHHIBFXOOADH-UHFFFAOYSA-N,O=C1NCN(c2ccc(F)cc2)C12CCN(Cc1ccc(O)cn1)CC2,ZINC15 : ZINC001144262988,espsim_electrostatic,0.49230769230769234,zinc15
O=C1NCN(c2ccccc2)C12CCN(CCCC(c1ccc(F)cc1)c1ccc(F)cc1)CC2,QOYHHIBFXOOADH-UHFFFAOYSA-N,O=C1NCN(c2ccc(F)cc2)C12CC[NH+](CCCCCc1ccccc1)CC2,ZINC15 : ZINC001209233964,espsim_electrostatic,0.49230769230769234,zinc15
O=C1NCN(c2ccccc2)C12CCN(CCCC(c1ccc(F)cc1)c1ccc(F)cc1)CC2,QOYHHIBFXOOADH-UHFFFAOYSA-N,O=C1NCN(c2ccccc2)C12CCN(Cc1cncs1)CC2,ZINC15 : ZINC001209544682,espsim_electrostatic,0.49206349206349204,zinc15
O=C1NCN(c2ccccc2)C12CCN(CCCC(c1ccc(F)cc1)c1ccc(F)cc1)CC2,QOYHHIBFXOOADH-UHFFFAOYSA-N,O=C1NCN(c2ccccc2)C12CCN(Cc1cnsc1)CC2,ZINC15 : ZINC001232224725,espsim_electrostatic,0.49206349206349204,zinc15
O=C1NCN(c2ccccc2)C12CCN(CCCC(c1ccc(F)cc1)c1ccc(F)cc1)CC2,QOYHHIBFXOOADH-UHFFFAOYSA-N,O=C1NCN(c2ccccc2)C12CCN(Cc1cscn1)CC2,ZINC15 : ZINC001137590016,espsim_electrostatic,0.49206349206349204,zinc15
O=C1NCN(c2ccccc2)C12CCN(CCCC(c1ccc(F)cc1)c1ccc(F)cc1)CC2,QOYHHIBFXOOADH-UHFFFAOYSA-N,O=C1NCN(c2ccccc2)C12CCN(Cc1cc(Cl)sc1Cl)CC2,ZINC15 : ZINC001140585024,espsim_electrostatic,0.49206349206349204,zinc15
O=C1NCN(c2ccccc2)C12CCN(CCCC(c1ccc(F)cc1)c1ccc(F)cc1)CC2,QOYHHIBFXOOADH-UHFFFAOYSA-N,O=C1NCN(c2ccccc2)C12CCN(Cc1ccc(Cl)nc1)CC2,ZINC15 : ZINC000000602735,espsim_electrostatic,0.484375,zinc15
O=C1NCN(c2ccccc2)C12CCN(CCCC(c1ccc(F)cc1)c1ccc(F)cc1)CC2,QOYHHIBFXOOADH-UHFFFAOYSA-N,O=C1NCN(c2ccccc2)C12CCN(Cc1cccc(O)c1Cl)CC2,ZINC15 : ZINC001232783984,espsim_electrostatic,0.484375,zinc15
O=C1NCN(c2ccccc2)C12CCN(CCCC(c1ccc(F)cc1)c1ccc(F)cc1)CC2,QOYHHIBFXOOADH-UHFFFAOYSA-N,O=C1NCN(c2ccccc2)C12CCN(Cc1cnc(Cl)s1)CC2,ZINC15 : ZINC001209473473,espsim_electrostatic,0.484375,zinc15
O=C1NCN(c2ccccc2)C12CCN(CCCC(c1ccc(F)cc1)c1ccc(F)cc1)CC2,QOYHHIBFXOOADH-UHFFFAOYSA-N,O=C1NCN(c2ccccc2)C12CC[NH+](Cc1cc(F)cc(F)c1)CC2,ZINC15 : ZINC001204227282,espsim_electrostatic,0.4838709677419355,zinc15
O=C1NCN(c2ccccc2)C12CCN(CCCC(c1ccc(F)cc1)c1ccc(F)cc1)CC2,QOYHHIBFXOOADH-UHFFFAOYSA-N,O=C1NCN(c2ccccc2)C12CCN(Cc1cc(O)cc(Cl)c1)CC2,ZINC15 : ZINC001140786818,espsim_electrostatic,0.47692307692307695,zinc15
O=C1NCN(c2ccccc2)C12CCN(CCCC(c1ccc(F)cc1)c1ccc(F)cc1)CC2,QOYHHIBFXOOADH-UHFFFAOYSA-N,O=C1NCN(c2ccccc2)C12CCN(Cc1ccc(Cl)c(O)c1)CC2,ZINC15 : ZINC001231733458,espsim_electrostatic,0.47692307692307695,zinc15
O=C1NCN(c2ccccc2)C12CCN(CCCC(c1ccc(F)cc1)c1ccc(F)cc1)CC2,QOYHHIBFXOOADH-UHFFFAOYSA-N,O=C1NCN(c2ccc(F)cc2)C12CC[NH+](CCOc1ccccc1)CC2,ZINC15 : ZINC001209301306,espsim_electrostatic,0.47692307692307695,zinc15
O=C1NCN(c2ccccc2)C12CCN(CCCC(c1ccc(F)cc1)c1ccc(F)cc1)CC2,QOYHHIBFXOOADH-UHFFFAOYSA-N,O=C1NCN(c2ccccc2)C12CCN(Cc1ccc(O)cc1Cl)CC2,ZINC15 : ZINC001140081608,espsim_electrostatic,0.47692307692307695,zinc15
O=C1NCN(c2ccccc2)C12CCN(CCCC(c1ccc(F)cc1)c1ccc(F)cc1)CC2,QOYHHIBFXOOADH-UHFFFAOYSA-N,O=C1NCN(c2ccc(F)cc2)C12CC[NH+](Cc1ccccc1F)CC2,ZINC15 : ZINC001203357592,espsim_electrostatic,0.47619047619047616,zinc15
O=C1NCN(c2ccccc2)C12CCN(CCCC(c1ccc(F)cc1)c1ccc(F)cc1)CC2,QOYHHIBFXOOADH-UHFFFAOYSA-N,O=C1NCN(c2ccc(F)cc2)C12CCN(Cc1c3ccoc3ccc1F)CC2,ZINC15 : ZINC001248542147,espsim_electrostatic,0.47058823529411764,zinc15
O=C1NCN(c2ccccc2)C12CCN(CCCC(c1ccc(F)cc1)c1ccc(F)cc1)CC2,QOYHHIBFXOOADH-UHFFFAOYSA-N,O=C1NCN(c2ccc(F)cc2)C12CC[NH+](Cc1ccc3cccccc1-3)CC2,ZINC15 : ZINC001237193851,espsim_electrostatic,0.4696969696969697,zinc15
O=C1NCN(c2ccccc2)C12CCN(CCCC(c1ccc(F)cc1)c1ccc(F)cc1)CC2,QOYHHIBFXOOADH-UHFFFAOYSA-N,O=C1NCN(c2ccccc2)C12CC[NH+](CCc1cc(F)cc(F)c1)CC2,ZINC15 : ZINC001209127337,espsim_electrostatic,0.46875,zinc15
O=C1NCN(c2ccccc2)C12CCN(CCCC(c1ccc(F)cc1)c1ccc(F)cc1)CC2,QOYHHIBFXOOADH-UHFFFAOYSA-N,O=C1NCN(c2ccc(F)cc2)C12CC[NH+](Cc1ccc(F)cc1)CC2,ZINC15 : ZINC001203915608,espsim_electrostatic,0.4666666666666667,zinc15
O=C1NCN(c2ccccc2)C12CCN(CCCC(c1ccc(F)cc1)c1ccc(F)cc1)CC2,QOYHHIBFXOOADH-UHFFFAOYSA-N,O=C1NCN(c2ccc(F)cc2)C12CC[NH+](Cc1ccccc1C1CC1)CC2,ZINC15 : ZINC001139883347,espsim_electrostatic,0.4626865671641791,zinc15
O=C1NCN(c2ccccc2)C12CCN(CCCC(c1ccc(F)cc1)c1ccc(F)cc1)CC2,QOYHHIBFXOOADH-UHFFFAOYSA-N,CC(C)(CC[NH+]1CCC2(CC1)C(=O)NCN2c1ccc(F)cc1)c1ccccc1,ZINC15 : ZINC001208669088,espsim_electrostatic,0.4626865671641791,zinc15
O=C1NCN(c2ccccc2)C12CCN(CCCC(c1ccc(F)cc1)c1ccc(F)cc1)CC2,QOYHHIBFXOOADH-UHFFFAOYSA-N,O=C1NCN(c2ccc(F)cc2)C12CC[NH+](C1Cc3ccccc3C1)CC2,ZINC15 : ZINC001255025993,espsim_electrostatic,0.4603174603174603,zinc15
O=C1NCN(c2ccccc2)C12CCN(CCCC(c1ccc(F)cc1)c1ccc(F)cc1)CC2,QOYHHIBFXOOADH-UHFFFAOYSA-N,O=C1NCN(c2ccc(F)cc2)C12CC[NH+](CCCCO)CC2,ZINC15 : ZINC001236096459,espsim_electrostatic,0.4603174603174603,zinc15
O=C1NCN(c2ccccc2)C12CCN(CCCC(c1ccc(F)cc1)c1ccc(F)cc1)CC2,QOYHHIBFXOOADH-UHFFFAOYSA-N,O=C1NCN(c2ccc(F)cc2)C12CC[NH+](CC1CCCC1)CC2,ZINC15 : ZINC001202178568,espsim_electrostatic,0.4603174603174603,zinc15
O=C1NCN(c2ccccc2)C12CCN(CCCC(c1ccc(F)cc1)c1ccc(F)cc1)CC2,QOYHHIBFXOOADH-UHFFFAOYSA-N,O=C1NCN(c2ccc(F)cc2)C12CC[NH+](C1CCCC1)CC2,ZINC15 : ZINC001257355650,espsim_electrostatic,0.45901639344262296,zinc15
O=C1NCN(c2ccccc2)C12CCN(CCCC(c1ccc(F)cc1)c1ccc(F)cc1)CC2,QOYHHIBFXOOADH-UHFFFAOYSA-N,O=C1NCN(c2ccccc2)C12CC[NH+](Cc1ccccc1)CC2,ZINC15 : ZINC000001699052,espsim_electrostatic,0.4576271186440678,zinc15
O=C1NCN(c2ccccc2)C12CCN(CCCC(c1ccc(F)cc1)c1ccc(F)cc1)CC2,QOYHHIBFXOOADH-UHFFFAOYSA-N,O=C1NCN(c2ccccc2)C12CCN(Cc1cnc(C3CC3)s1)CC2,ZINC15 : ZINC001237785304,espsim_electrostatic,0.45588235294117646,zinc15
O=C1NCN(c2ccccc2)C12CCN(CCCC(c1ccc(F)cc1)c1ccc(F)cc1)CC2,QOYHHIBFXOOADH-UHFFFAOYSA-N,O=C1NCN(c2ccccc2)C12CC[NH+](CCc1cccc(F)c1)CC2,ZINC15 : ZINC001208196550,espsim_electrostatic,0.45454545454545453,zinc15
O=C1NCN(c2ccccc2)C12CCN(CCCC(c1ccc(F)cc1)c1ccc(F)cc1)CC2,QOYHHIBFXOOADH-UHFFFAOYSA-N,O=C1NCN(c2ccc(F)cc2)C12CC[NH+](CC1CCCCC1)CC2,ZINC15 : ZINC001201401279,espsim_electrostatic,0.453125,zinc15
O=C1NCN(c2ccccc2)C12CCN(CCCC(c1ccc(F)cc1)c1ccc(F)cc1)CC2,QOYHHIBFXOOADH-UHFFFAOYSA-N,O=C1NCN(c2ccccc2)C12CC[NH+](CCCC1CCCC1)CC2,ZINC15 : ZINC001208086863,espsim_electrostatic,0.453125,zinc15
O=C1NCN(c2ccccc2)C12CCN(CCCC(c1ccc(F)cc1)c1ccc(F)cc1)CC2,QOYHHIBFXOOADH-UHFFFAOYSA-N,O=C1NCN(c2ccc(F)cc2)C12CC[NH+](C1CCc3ccccc3CC1)CC2,ZINC15 : ZINC001254464100,espsim_electrostatic,0.453125,zinc15
O=C1NCN(c2ccccc2)C12CCN(CCCC(c1ccc(F)cc1)c1ccc(F)cc1)CC2,QOYHHIBFXOOADH-UHFFFAOYSA-N,O=C1NCN(c2ccc(F)cc2)C12CC[NH+](C1CCCCC1)CC2,ZINC15 : ZINC001257460890,espsim_electrostatic,0.45161290322580644,zinc15
O=C1NCN(c2ccccc2)C12CCN(CCCC(c1ccc(F)cc1)c1ccc(F)cc1)CC2,QOYHHIBFXOOADH-UHFFFAOYSA-N,O=C1NCN(c2ccc(F)cc2)C12CC[NH+](CCc1ccc(F)cc1)CC2,ZINC15 : ZINC001207516687,espsim_electrostatic,0.45161290322580644,zinc15
O=C1NCN(c2ccccc2)C12CCN(CCCC(c1ccc(F)cc1)c1ccc(F)cc1)CC2,QOYHHIBFXOOADH-UHFFFAOYSA-N,O=C1NCN(c2ccc(F)cc2)C12CC[NH+](CC1CC1)CC2,ZINC15 : ZINC001201951711,espsim_electrostatic,0.45161290322580644,zinc15
O=C1NCN(c2ccccc2)C12CCN(CCCC(c1ccc(F)cc1)c1ccc(F)cc1)CC2,QOYHHIBFXOOADH-UHFFFAOYSA-N,O=C1NCN(c2ccccc2)C12CC[NH+](CCCCO)CC2,ZINC15 : ZINC001204599169,espsim_electrostatic,0.45161290322580644,zinc15
O=C1NCN(c2ccccc2)C12CCN(CCCC(c1ccc(F)cc1)c1ccc(F)cc1)CC2,QOYHHIBFXOOADH-UHFFFAOYSA-N,O=C1NCN(c2ccc(F)cc2)C12CC[NH+](Cc1ccc(-c3ccccc3)s1)CC2,ZINC15 : ZINC000143284731,espsim_electrostatic,0.4492753623188406,zinc15
O=C1NCN(c2ccccc2)C12CCN(CCCC(c1ccc(F)cc1)c1ccc(F)cc1)CC2,QOYHHIBFXOOADH-UHFFFAOYSA-N,O=C1NCN(c2ccc(F)cc2)C12CC[NH+](Cc1ccc3ccccc3c1)CC2,ZINC15 : ZINC001203999362,espsim_electrostatic,0.44776119402985076,zinc15
O=C1NCN(c2ccccc2)C12CCN(CCCC(c1ccc(F)cc1)c1ccc(F)cc1)CC2,QOYHHIBFXOOADH-UHFFFAOYSA-N,O=C1NCN(c2ccc(F)cc2)C12CC[NH+](Cc1cc[nH]c1)CC2,ZINC15 : ZINC001140707912,espsim_electrostatic,0.4461538461538462,zinc15
O=C1NCN(c2ccccc2)C12CCN(CCCC(c1ccc(F)cc1)c1ccc(F)cc1)CC2,QOYHHIBFXOOADH-UHFFFAOYSA-N,O=C1NCN(c2ccc(F)cc2)C12CC[NH+](Cc1ccco1)CC2,ZINC15 : ZINC001203284131,espsim_electrostatic,0.4461538461538462,zinc15
O=C1NCN(c2ccccc2)C12CCN(CCCC(c1ccc(F)cc1)c1ccc(F)cc1)CC2,QOYHHIBFXOOADH-UHFFFAOYSA-N,O=C1NCN(c2ccccc2)C12CC[NH+](Cc1ccc(F)c3ccccc13)CC2,ZINC15 : ZINC001139889132,espsim_electrostatic,0.4461538461538462,zinc15
O=C1NCN(c2ccccc2)C12CCN(CCCC(c1ccc(F)cc1)c1ccc(F)cc1)CC2,QOYHHIBFXOOADH-UHFFFAOYSA-N,O=C1NCN(c2ccc(F)cc2)C12CC[NH+](Cc1cccc(F)c1)CC2,ZINC15 : ZINC001203789092,espsim_electrostatic,0.4461538461538462,zinc15
O=C1NCN(c2ccccc2)C12CCN(CCCC(c1ccc(F)cc1)c1ccc(F)cc1)CC2,QOYHHIBFXOOADH-UHFFFAOYSA-N,O=C1NCN(c2ccc(F)cc2)C12CC[NH+](CCC1CCCC1)CC2,ZINC15 : ZINC001208696260,espsim_electrostatic,0.4461538461538462,zinc15
O=C1NCN(c2ccccc2)C12CCN(CCCC(c1ccc(F)cc1)c1ccc(F)cc1)CC2,QOYHHIBFXOOADH-UHFFFAOYSA-N,O=C1NCN(c2ccccc2)C12CCN([C@H]1CCC[NH2+]C1)CC2,ZINC15 : ZINC001246517752,espsim_electrostatic,0.4444444444444444,zinc15
O=C1NCN(c2ccccc2)C12CCN(CCCC(c1ccc(F)cc1)c1ccc(F)cc1)CC2,QOYHHIBFXOOADH-UHFFFAOYSA-N,O=C1NCN(c2ccccc2)C12CCN([C@@H]1CCC[NH2+]C1)CC2,ZINC15 : ZINC001246517754,espsim_electrostatic,0.4444444444444444,zinc15
O=C1NCN(c2ccccc2)C12CCN(CCCC(c1ccc(F)cc1)c1ccc(F)cc1)CC2,QOYHHIBFXOOADH-UHFFFAOYSA-N,O=C1NCN(c2ccccc2)C12CC[NH+](CCCCCO)CC2,ZINC15 : ZINC001204599373,espsim_electrostatic,0.4444444444444444,zinc15
O=C1NCN(c2ccccc2)C12CCN(CCCC(c1ccc(F)cc1)c1ccc(F)cc1)CC2,QOYHHIBFXOOADH-UHFFFAOYSA-N,Cc1ccc([C@H](C)CC[NH+]2CCC3(CC2)C(=O)NCN3c2ccc(F)cc2)o1,ZINC15 : ZINC001208167749,espsim_electrostatic,0.44285714285714284,zinc15
O=C1NCN(c2ccccc2)C12CCN(CCCC(c1ccc(F)cc1)c1ccc(F)cc1)CC2,QOYHHIBFXOOADH-UHFFFAOYSA-N,Cc1ccc([C@@H](C)CC[NH+]2CCC3(CC2)C(=O)NCN3c2ccc(F)cc2)o1,ZINC15 : ZINC001208167744,espsim_electrostatic,0.44285714285714284,zinc15
O=C1NCN(c2ccccc2)C12CCN(CCCC(c1ccc(F)cc1)c1ccc(F)cc1)CC2,QOYHHIBFXOOADH-UHFFFAOYSA-N,O=C1NCN(c2ccc(F)cc2)C12CC[NH+]([C@H]1CC[C@@H](c3ccccc3)C1)CC2,ZINC15 : ZINC001172568581,espsim_electrostatic,0.4411764705882353,zinc15
O=C1NCN(c2ccccc2)C12CCN(CCCC(c1ccc(F)cc1)c1ccc(F)cc1)CC2,QOYHHIBFXOOADH-UHFFFAOYSA-N,O=C1NCN(c2ccc(F)cc2)C12CC[NH+]([C@@H]1CC[C@@H](c3ccccc3)C1)CC2,ZINC15 : ZINC001172568580,espsim_electrostatic,0.4411764705882353,zinc15
O=C1NCN(c2ccccc2)C12CCN(CCCC(c1ccc(F)cc1)c1ccc(F)cc1)CC2,QOYHHIBFXOOADH-UHFFFAOYSA-N,O=C1NCN(c2ccccc2)C12CC[NH+](Cc1cc(F)c(F)cc1O)CC2,ZINC15 : ZINC001142501794,espsim_electrostatic,0.4393939393939394,zinc15
O=C1NCN(c2ccccc2)C12CCN(CCCC(c1ccc(F)cc1)c1ccc(F)cc1)CC2,QOYHHIBFXOOADH-UHFFFAOYSA-N,O=C1NCN(c2ccc(F)cc2)C12CC[NH+](Cc1cccs1)CC2,ZINC15 : ZINC001204018564,espsim_electrostatic,0.4393939393939394,zinc15
O=C1NCN(c2ccccc2)C12CCN(CCCC(c1ccc(F)cc1)c1ccc(F)cc1)CC2,QOYHHIBFXOOADH-UHFFFAOYSA-N,O=C1NCN(c2ccc(F)cc2)C12CC[NH+](CC1CCC1)CC2,ZINC15 : ZINC001202776574,espsim_electrostatic,0.4375,zinc15
O=C1NCN(c2ccccc2)C12CCN(CCCC(c1ccc(F)cc1)c1ccc(F)cc1)CC2,QOYHHIBFXOOADH-UHFFFAOYSA-N,O=C1NCN(c2ccccc2)C12CC[NH+](CCC1CCCC1)CC2,ZINC15 : ZINC001208690603,espsim_electrostatic,0.4375,zinc15
O=C1NCN(c2ccccc2)C12CCN(CCCC(c1ccc(F)cc1)c1ccc(F)cc1)CC2,QOYHHIBFXOOADH-UHFFFAOYSA-N,O=C1NCN(c2ccccc2)C12CC[NH+](Cc1cc[nH]c1)CC2,ZINC15 : ZINC001140704546,espsim_electrostatic,0.4375,zinc15
O=C1NCN(c2ccccc2)C12CCN(CCCC(c1ccc(F)cc1)c1ccc(F)cc1)CC2,QOYHHIBFXOOADH-UHFFFAOYSA-N,O=C1NCN(c2ccc(F)cc2)C12CC[NH+](CCC1CC1)CC2,ZINC15 : ZINC001208688641,espsim_electrostatic,0.4375,zinc15
O=C1NCN(c2ccccc2)C12CCN(CCCC(c1ccc(F)cc1)c1ccc(F)cc1)CC2,QOYHHIBFXOOADH-UHFFFAOYSA-N,O=C1NCN(c2ccc(F)cc2)C12CC[NH+](Cc1cc3ccccc3o1)CC2,ZINC15 : ZINC001139064239,espsim_electrostatic,0.43478260869565216,zinc15
O=C1NCN(c2ccccc2)C12CCN(CCCC(c1ccc(F)cc1)c1ccc(F)cc1)CC2,QOYHHIBFXOOADH-UHFFFAOYSA-N,O=C1NCN(c2ccccc2)C12CC[NH+](CCc1ccc(F)c(F)c1)CC2,ZINC15 : ZINC001209239819,espsim_electrostatic,0.43283582089552236,zinc15
O=C1NCN(c2ccccc2)C12CCN(CCCC(c1ccc(F)cc1)c1ccc(F)cc1)CC2,QOYHHIBFXOOADH-UHFFFAOYSA-N,O=C1NCN(c2ccc(F)cc2)C12CC[NH+](Cc1cccnc1)CC2,ZINC15 : ZINC001204075786,espsim_electrostatic,0.43283582089552236,zinc15
O=C1NCN(c2ccccc2)C12CCN(CCCC(c1ccc(F)cc1)c1ccc(F)cc1)CC2,QOYHHIBFXOOADH-UHFFFAOYSA-N,O=C1NCN(c2ccc(F)cc2)C12CC[NH+](CCc1cccc(F)c1)CC2,ZINC15 : ZINC001208202394,espsim_electrostatic,0.43283582089552236,zinc15
O=C1NCN(c2ccccc2)C12CCN(CCCC(c1ccc(F)cc1)c1ccc(F)cc1)CC2,QOYHHIBFXOOADH-UHFFFAOYSA-N,O=C1NCN(c2ccccc2)C12CC[NH+](CCC1CCCCC1)CC2,ZINC15 : ZINC001207254666,espsim_electrostatic,0.4307692307692308,zinc15
O=C1NCN(c2ccccc2)C12CCN(CCCC(c1ccc(F)cc1)c1ccc(F)cc1)CC2,QOYHHIBFXOOADH-UHFFFAOYSA-N,O=C1NCN(c2ccc(F)cc2)C12CC[NH+]([C@@H]1C[C@H]3C[C@H]3C1)CC2,ZINC15 : ZINC001167954504,espsim_electrostatic,0.42857142857142855,zinc15
O=C1NCN(c2ccccc2)C12CCN(CCCC(c1ccc(F)cc1)c1ccc(F)cc1)CC2,QOYHHIBFXOOADH-UHFFFAOYSA-N,O=C1NCN(c2ccccc2)C12CC[NH+](CCCC(c1ccc(F)cc1)c1ccc(F)cc1)CC2,ZINC15 : ZINC000000537755,espsim_shape,0.7142857142857143,zinc15
O=C1NCN(c2ccccc2)C12CCN(CCCC(c1ccc(F)cc1)c1ccc(F)cc1)CC2,QOYHHIBFXOOADH-UHFFFAOYSA-N,O=C1NCN(c2ccccc2)C12CC[NH+](CCC[C@@H](c1ccc(F)cc1)c1cccc(F)c1)CC2,ZINC15 : ZINC000098175564,espsim_shape,0.6349206349206349,zinc15
O=C1NCN(c2ccccc2)C12CCN(CCCC(c1ccc(F)cc1)c1ccc(F)cc1)CC2,QOYHHIBFXOOADH-UHFFFAOYSA-N,O=C1NCN(c2ccccc2)C12CC[NH+](CCC[C@H](c1ccc(F)cc1)c1cccc(F)c1)CC2,ZINC15 : ZINC000098175565,espsim_shape,0.6349206349206349,zinc15
O=C1NCN(c2ccccc2)C12CCN(CCCC(c1ccc(F)cc1)c1ccc(F)cc1)CC2,QOYHHIBFXOOADH-UHFFFAOYSA-N,O=C(O)C1(O)CCN(CCCC(C2=CC=C(F)C=C2)C2=CC=C(F)C=C2)CC1,ENAMINE-REAL : Z2483312009,espsim_shape,0.5357142857142857,enamine-real
O=C1NCN(c2ccccc2)C12CCN(CCCC(c1ccc(F)cc1)c1ccc(F)cc1)CC2,QOYHHIBFXOOADH-UHFFFAOYSA-N,NC(=O)C1(O)CCN(CCCC(C2=CC=C(F)C=C2)C2=CC=C(F)C=C2)CC1,ENAMINE-REAL : Z2274700863,espsim_shape,0.5172413793103449,enamine-real
O=C1NCN(c2ccccc2)C12CCN(CCCC(c1ccc(F)cc1)c1ccc(F)cc1)CC2,QOYHHIBFXOOADH-UHFFFAOYSA-N,NC(=O)C1(N)CCN(CCCC(C2=CC=C(F)C=C2)C2=CC=C(F)C=C2)CC1,ENAMINE-REAL : Z3498566338,espsim_shape,0.5172413793103449,enamine-real
O=C1NCN(c2ccccc2)C12CCN(CCCC(c1ccc(F)cc1)c1ccc(F)cc1)CC2,QOYHHIBFXOOADH-UHFFFAOYSA-N,NCC1(O)CCN(CCCC(C2=CC=C(F)C=C2)C2=CC=C(F)C=C2)CC1,ENAMINE-REAL : Z2369605971,espsim_shape,0.5087719298245614,enamine-real
O=C1NCN(c2ccccc2)C12CCN(CCCC(c1ccc(F)cc1)c1ccc(F)cc1)CC2,QOYHHIBFXOOADH-UHFFFAOYSA-N,O=C1NCN(c2ccccc2)C12CC[NH+](CCCSc1ccc(F)cc1)CC2,ZINC15 : ZINC000001640702,espsim_shape,0.5076923076923077,zinc15
O=C1NCN(c2ccccc2)C12CCN(CCCC(c1ccc(F)cc1)c1ccc(F)cc1)CC2,QOYHHIBFXOOADH-UHFFFAOYSA-N,CS(=O)CCN1CCN(CCCC(C2=CC=C(F)C=C2)C2=CC=C(F)C=C2)CC1,ENAMINE-REAL : Z1317997671,espsim_shape,0.49122807017543857,enamine-real
O=C1NCN(c2ccccc2)C12CCN(CCCC(c1ccc(F)cc1)c1ccc(F)cc1)CC2,QOYHHIBFXOOADH-UHFFFAOYSA-N,C[S@@](=O)CCN1CCN(CCCC(c2ccc(F)cc2)c2ccc(F)cc2)CC1,ZINC15 : ZINC000078969629,espsim_shape,0.49122807017543857,zinc15
O=C1NCN(c2ccccc2)C12CCN(CCCC(c1ccc(F)cc1)c1ccc(F)cc1)CC2,QOYHHIBFXOOADH-UHFFFAOYSA-N,C[S@](=O)CCN1CCN(CCCC(c2ccc(F)cc2)c2ccc(F)cc2)CC1,ZINC15 : ZINC000078969635,espsim_shape,0.49122807017543857,zinc15
O=C1NCN(c2ccccc2)C12CCN(CCCC(c1ccc(F)cc1)c1ccc(F)cc1)CC2,QOYHHIBFXOOADH-UHFFFAOYSA-N,COCC1(O)CCN(CCCC(C2=CC=C(F)C=C2)C2=CC=C(F)C=C2)CC1,ENAMINE-REAL : Z1529058058,espsim_shape,0.48333333333333334,enamine-real
O=C1NCN(c2ccccc2)C12CCN(CCCC(c1ccc(F)cc1)c1ccc(F)cc1)CC2,QOYHHIBFXOOADH-UHFFFAOYSA-N,C[NH+]1CCN(CCCC(c2ccc(F)cc2)c2ccc(F)cc2)CC1,ZINC15 : ZINC000066261935,espsim_shape,0.4642857142857143,zinc15
O=C1NCN(c2ccccc2)C12CCN(CCCC(c1ccc(F)cc1)c1ccc(F)cc1)CC2,QOYHHIBFXOOADH-UHFFFAOYSA-N,COCCN1CCN(CCCC(C2=CC=C(F)C=C2)C2=CC=C(F)C=C2)CC1,ENAMINE-REAL : Z241924048,espsim_shape,0.45614035087719296,enamine-real
O=C1NCN(c2ccccc2)C12CCN(CCCC(c1ccc(F)cc1)c1ccc(F)cc1)CC2,QOYHHIBFXOOADH-UHFFFAOYSA-N,N#CCCN1CCN(CCCC(C2=CC=C(F)C=C2)C2=CC=C(F)C=C2)CC1,ENAMINE-REAL : Z1535409010,espsim_shape,0.45614035087719296,enamine-real
O=C1NCN(c2ccccc2)C12CCN(CCCC(c1ccc(F)cc1)c1ccc(F)cc1)CC2,QOYHHIBFXOOADH-UHFFFAOYSA-N,CCNC(=O)N1CCN(CCCC(c2ccc(F)cc2)c2ccc(F)cc2)CC1,ZINC15 : ZINC000004214849,espsim_shape,0.45161290322580644,zinc15
O=C1NCN(c2ccccc2)C12CCN(CCCC(c1ccc(F)cc1)c1ccc(F)cc1)CC2,QOYHHIBFXOOADH-UHFFFAOYSA-N,CN1C=CN=C1CN1CCN(CCCC(C2=CC=C(F)C=C2)C2=CC=C(F)C=C2)CC1,ENAMINE-REAL : Z1193359971,espsim_shape,0.45161290322580644,enamine-real
O=C1NCN(c2ccccc2)C12CCN(CCCC(c1ccc(F)cc1)c1ccc(F)cc1)CC2,QOYHHIBFXOOADH-UHFFFAOYSA-N,CN(C)C(=O)CN1CCN(CCCC(c2ccc(F)cc2)c2ccc(F)cc2)CC1,ZINC15 : ZINC000057621865,espsim_shape,0.45,zinc15
O=C1NCN(c2ccccc2)C12CCN(CCCC(c1ccc(F)cc1)c1ccc(F)cc1)CC2,QOYHHIBFXOOADH-UHFFFAOYSA-N,C[C@H](O)CN1CCN(CCCC(C2=CC=C(F)C=C2)C2=CC=C(F)C=C2)CC1,ENAMINE-REAL : Z1745225232,espsim_shape,0.4482758620689655,enamine-real
O=C1NCN(c2ccccc2)C12CCN(CCCC(c1ccc(F)cc1)c1ccc(F)cc1)CC2,QOYHHIBFXOOADH-UHFFFAOYSA-N,C[C@@H](O)CN1CCN(CCCC(C2=CC=C(F)C=C2)C2=CC=C(F)C=C2)CC1,ENAMINE-REAL : Z1770913966,espsim_shape,0.4482758620689655,enamine-real
O=C1NCN(c2ccccc2)C12CCN(CCCC(c1ccc(F)cc1)c1ccc(F)cc1)CC2,QOYHHIBFXOOADH-UHFFFAOYSA-N,CC(O)CN1CCN(CCCC(C2=CC=C(F)C=C2)C2=CC=C(F)C=C2)CC1,ENAMINE-REAL : Z1245683550,espsim_shape,0.4482758620689655,enamine-real
O=C1NCN(c2ccccc2)C12CCN(CCCC(c1ccc(F)cc1)c1ccc(F)cc1)CC2,QOYHHIBFXOOADH-UHFFFAOYSA-N,O=C1CCCN1C1CCN(CCCC(C2=CC=C(F)C=C2)C2=CC=C(F)C=C2)CC1,ENAMINE-REAL : Z1130249240,espsim_shape,0.4444444444444444,enamine-real
O=C1NCN(c2ccccc2)C12CCN(CCCC(c1ccc(F)cc1)c1ccc(F)cc1)CC2,QOYHHIBFXOOADH-UHFFFAOYSA-N,COC(=O)CN1CCN(CCCC(C2=CC=C(F)C=C2)C2=CC=C(F)C=C2)CC1,ENAMINE-REAL : Z280141794,espsim_shape,0.4426229508196721,enamine-real
O=C1NCN(c2ccccc2)C12CCN(CCCC(c1ccc(F)cc1)c1ccc(F)cc1)CC2,QOYHHIBFXOOADH-UHFFFAOYSA-N,CC(C)(O)CN1CCN(CCCC(C2=CC=C(F)C=C2)C2=CC=C(F)C=C2)CC1,ENAMINE-REAL : Z1091783994,espsim_shape,0.4406779661016949,enamine-real
O=C1NCN(c2ccccc2)C12CCN(CCCC(c1ccc(F)cc1)c1ccc(F)cc1)CC2,QOYHHIBFXOOADH-UHFFFAOYSA-N,O=C(C1=CNC(=O)N1)N1CCN(CCCC(C2=CC=C(F)C=C2)C2=CC=C(F)C=C2)CC1,ENAMINE-REAL : Z1171360266,espsim_shape,0.4393939393939394,enamine-real
O=C1NCN(c2ccccc2)C12CCN(CCCC(c1ccc(F)cc1)c1ccc(F)cc1)CC2,QOYHHIBFXOOADH-UHFFFAOYSA-N,NC(=O)CC1CCN(CCCC(C2=CC=C(F)C=C2)C2=CC=C(F)C=C2)CC1,ENAMINE-REAL : Z649136332,espsim_shape,0.43548387096774194,enamine-real
O=C1NCN(c2ccccc2)C12CCN(CCCC(c1ccc(F)cc1)c1ccc(F)cc1)CC2,QOYHHIBFXOOADH-UHFFFAOYSA-N,CC(C)(C(N)=O)N1CCN(CCCC(c2ccc(F)cc2)c2ccc(F)cc2)CC1,ZINC15 : ZINC000470977258,espsim_shape,0.43548387096774194,zinc15
O=C1NCN(c2ccccc2)C12CCN(CCCC(c1ccc(F)cc1)c1ccc(F)cc1)CC2,QOYHHIBFXOOADH-UHFFFAOYSA-N,CC(CO)N1CCN(CCCC(C2=CC=C(F)C=C2)C2=CC=C(F)C=C2)CC1,ENAMINE-REAL : Z1665923997,espsim_shape,0.43333333333333335,enamine-real
O=C1NCN(c2ccccc2)C12CCN(CCCC(c1ccc(F)cc1)c1ccc(F)cc1)CC2,QOYHHIBFXOOADH-UHFFFAOYSA-N,OCC[NH+]1CCN(CCCC(c2ccc(F)cc2)c2ccc(F)cc2)CC1,ZINC15 : ZINC000022459551,espsim_shape,0.43333333333333335,zinc15
O=C1NCN(c2ccccc2)C12CCN(CCCC(c1ccc(F)cc1)c1ccc(F)cc1)CC2,QOYHHIBFXOOADH-UHFFFAOYSA-N,CC(=O)NC1CCN(CCCC(C2=CC=C(F)C=C2)C2=CC=C(F)C=C2)CC1,ENAMINE-REAL : Z961240750,espsim_shape,0.42857142857142855,enamine-real
O=C1NCN(c2ccccc2)C12CCN(CCCC(c1ccc(F)cc1)c1ccc(F)cc1)CC2,QOYHHIBFXOOADH-UHFFFAOYSA-N,CNC(=O)C1CCN(CCCC(C2=CC=C(F)C=C2)C2=CC=C(F)C=C2)CC1,ENAMINE-REAL : Z268595886,espsim_shape,0.42857142857142855,enamine-real
O=C1NCN(c2ccccc2)C12CCN(CCCC(c1ccc(F)cc1)c1ccc(F)cc1)CC2,QOYHHIBFXOOADH-UHFFFAOYSA-N,CCNC(=O)CN1CCN(CCCC(c2ccc(F)cc2)c2ccc(F)cc2)CC1,ZINC15 : ZINC000044739996,espsim_shape,0.42857142857142855,zinc15
O=C1NCN(c2ccccc2)C12CCN(CCCC(c1ccc(F)cc1)c1ccc(F)cc1)CC2,QOYHHIBFXOOADH-UHFFFAOYSA-N,N#CCC(=O)N1CCN(CCCC(c2ccc(F)cc2)c2ccc(F)cc2)CC1,ZINC15 : ZINC001170399783,espsim_shape,0.42857142857142855,zinc15
O=C1NCN(c2ccccc2)C12CCN(CCCC(c1ccc(F)cc1)c1ccc(F)cc1)CC2,QOYHHIBFXOOADH-UHFFFAOYSA-N,NC(=O)C1=CC=CN=C1N1CCN(CCCC(C2=CC=C(F)C=C2)C2=CC=C(F)C=C2)CC1,ENAMINE-REAL : Z1024653240,espsim_shape,0.4264705882352941,enamine-real
O=C1NCN(c2ccccc2)C12CCN(CCCC(c1ccc(F)cc1)c1ccc(F)cc1)CC2,QOYHHIBFXOOADH-UHFFFAOYSA-N,CC(C)(O)C[NH+]1CCN(CCCC(c2ccc(F)cc2)c2ccc(F)cc2)CC1,ZINC15 : ZINC000303131532,espsim_shape,0.4262295081967213,zinc15
O=C1NCN(c2ccccc2)C12CCN(CCCC(c1ccc(F)cc1)c1ccc(F)cc1)CC2,QOYHHIBFXOOADH-UHFFFAOYSA-N,CC(C)(CO)N1CCN(CCCC(C2=CC=C(F)C=C2)C2=CC=C(F)C=C2)CC1,ENAMINE-REAL : Z1329295543,espsim_shape,0.4262295081967213,enamine-real
O=C1NCN(c2ccccc2)C12CCN(CCCC(c1ccc(F)cc1)c1ccc(F)cc1)CC2,QOYHHIBFXOOADH-UHFFFAOYSA-N,O=C1N=NC2CN(CCCC(c3ccc(F)cc3)c3ccc(F)cc3)CCN12,ZINC15 : ZINC000475107857,espsim_shape,0.421875,zinc15
O=C1NCN(c2ccccc2)C12CCN(CCCC(c1ccc(F)cc1)c1ccc(F)cc1)CC2,QOYHHIBFXOOADH-UHFFFAOYSA-N,C[C@@H](O)C[NH+]1CCN(CCCC(c2ccc(F)cc2)c2ccc(F)cc2)CC1,ZINC15 : ZINC000189344016,espsim_shape,0.41935483870967744,zinc15
O=C1NCN(c2ccccc2)C12CCN(CCCC(c1ccc(F)cc1)c1ccc(F)cc1)CC2,QOYHHIBFXOOADH-UHFFFAOYSA-N,C[C@H](O)C[NH+]1CCN(CCCC(c2ccc(F)cc2)c2ccc(F)cc2)CC1,ZINC15 : ZINC000189394202,espsim_shape,0.41935483870967744,zinc15
O=C1NCN(c2ccccc2)C12CCN(CCCC(c1ccc(F)cc1)c1ccc(F)cc1)CC2,QOYHHIBFXOOADH-UHFFFAOYSA-N,OCCOC1CCN(CCCC(C2=CC=C(F)C=C2)C2=CC=C(F)C=C2)CC1,ENAMINE-REAL : Z1522352549,espsim_shape,0.4126984126984127,enamine-real
O=C1NCN(c2ccccc2)C12CCN(CCCC(c1ccc(F)cc1)c1ccc(F)cc1)CC2,QOYHHIBFXOOADH-UHFFFAOYSA-N,O=C(O)[C@@H]1C[C@@H]2CN(CCCC(C3=CC=C(F)C=C3)C3=CC=C(F)C=C3)C[C@@H]2C1,ENAMINE-REAL : Z3634482488,espsim_shape,0.4098360655737705,enamine-real
O=C1NCN(c2ccccc2)C12CCN(CCCC(c1ccc(F)cc1)c1ccc(F)cc1)CC2,QOYHHIBFXOOADH-UHFFFAOYSA-N,O=C(NCCO)C1CCN(CCCC(C2=CC=C(F)C=C2)C2=CC=C(F)C=C2)CC1,ENAMINE-REAL : Z981532870,espsim_shape,0.4090909090909091,enamine-real
O=C1NCN(c2ccccc2)C12CCN(CCCC(c1ccc(F)cc1)c1ccc(F)cc1)CC2,QOYHHIBFXOOADH-UHFFFAOYSA-N,C[S@@](=O)CCN1CC[NH+](CCCC(c2ccc(F)cc2)c2ccc(F)cc2)CC1,ZINC15 : ZINC000078969629,espsim_shape,0.40625,zinc15
O=C1NCN(c2ccccc2)C12CCN(CCCC(c1ccc(F)cc1)c1ccc(F)cc1)CC2,QOYHHIBFXOOADH-UHFFFAOYSA-N,OCCCOC1CCN(CCCC(C2=CC=C(F)C=C2)C2=CC=C(F)C=C2)CC1,ENAMINE-REAL : Z1400806460,espsim_shape,0.40625,enamine-real
O=C1NCN(c2ccccc2)C12CCN(CCCC(c1ccc(F)cc1)c1ccc(F)cc1)CC2,QOYHHIBFXOOADH-UHFFFAOYSA-N,C[S@](=O)CCN1CC[NH+](CCCC(c2ccc(F)cc2)c2ccc(F)cc2)CC1,ZINC15 : ZINC000078969635,espsim_shape,0.40625,zinc15
O=C1NCN(c2ccccc2)C12CCN(CCCC(c1ccc(F)cc1)c1ccc(F)cc1)CC2,QOYHHIBFXOOADH-UHFFFAOYSA-N,O=[S@](c1ccc(F)cc1)C1=CCN(CCCC(c2ccc(F)cc2)c2ccc(F)cc2)CC1,ZINC15 : ZINC000095918154,espsim_shape,0.40625,zinc15
O=C1NCN(c2ccccc2)C12CCN(CCCC(c1ccc(F)cc1)c1ccc(F)cc1)CC2,QOYHHIBFXOOADH-UHFFFAOYSA-N,O=[S@@](c1ccc(F)cc1)C1=CCN(CCCC(c2ccc(F)cc2)c2ccc(F)cc2)CC1,ZINC15 : ZINC000095918153,espsim_shape,0.40625,zinc15
O=C1NCN(c2ccccc2)C12CCN(CCCC(c1ccc(F)cc1)c1ccc(F)cc1)CC2,QOYHHIBFXOOADH-UHFFFAOYSA-N,NC(=O)C1CCCN1C1CCN(CCCC(C2=CC=C(F)C=C2)C2=CC=C(F)C=C2)CC1,ENAMINE-REAL : Z1559541818,espsim_shape,0.39705882352941174,enamine-real
O=C1NCN(c2ccccc2)C12CCN(CCCC(c1ccc(F)cc1)c1ccc(F)cc1)CC2,QOYHHIBFXOOADH-UHFFFAOYSA-N,OCCN1CC[NH+](CCCC(c2ccc(F)cc2)c2ccc(F)cc2)CC1,ZINC15 : ZINC000022459551,espsim_shape,0.39344262295081966,zinc15
O=C1NCN(c2ccccc2)C12CCN(CCCC(c1ccc(F)cc1)c1ccc(F)cc1)CC2,QOYHHIBFXOOADH-UHFFFAOYSA-N,O=S1(=O)CC[C@H]2CN(CCCC(c3ccc(F)cc3)c3ccc(F)cc3)C[C@H]21,ZINC15 : ZINC000513117898,espsim_shape,0.390625,zinc15
O=C1NCN(c2ccccc2)C12CCN(CCCC(c1ccc(F)cc1)c1ccc(F)cc1)CC2,QOYHHIBFXOOADH-UHFFFAOYSA-N,Cc1ccc([S@@](=O)C2=CCN(CCCC(c3ccc(F)cc3)c3ccc(F)cc3)CC2)cc1,ZINC15 : ZINC000095918217,espsim_shape,0.37681159420289856,zinc15
O=C1NCN(c2ccccc2)C12CCN(CCCC(c1ccc(F)cc1)c1ccc(F)cc1)CC2,QOYHHIBFXOOADH-UHFFFAOYSA-N,O=[S@](c1ccc(Br)cc1)C1=CCN(CCCC(c2ccc(F)cc2)c2ccc(F)cc2)CC1,ZINC15 : ZINC000097973093,espsim_shape,0.37681159420289856,zinc15
O=C1NCN(c2ccccc2)C12CCN(CCCC(c1ccc(F)cc1)c1ccc(F)cc1)CC2,QOYHHIBFXOOADH-UHFFFAOYSA-N,Cc1ccc([S@](=O)C2=CCN(CCCC(c3ccc(F)cc3)c3ccc(F)cc3)CC2)cc1,ZINC15 : ZINC000095918218,espsim_shape,0.37681159420289856,zinc15
O=C1NCN(c2ccccc2)C12CCN(CCCC(c1ccc(F)cc1)c1ccc(F)cc1)CC2,QOYHHIBFXOOADH-UHFFFAOYSA-N,O=[S@@](c1ccc(Br)cc1)C1=CCN(CCCC(c2ccc(F)cc2)c2ccc(F)cc2)CC1,ZINC15 : ZINC000097973092,espsim_shape,0.37681159420289856,zinc15
O=C1NCN(c2ccccc2)C12CCN(CCCC(c1ccc(F)cc1)c1ccc(F)cc1)CC2,QOYHHIBFXOOADH-UHFFFAOYSA-N,C[C@H]1CN(CCCC(c2ccc(F)cc2)c2ccc(F)cc2)CC[N@@H+]1CCO,ZINC15 : ZINC000187723573,espsim_shape,0.373134328358209,zinc15
O=C1NCN(c2ccccc2)C12CCN(CCCC(c1ccc(F)cc1)c1ccc(F)cc1)CC2,QOYHHIBFXOOADH-UHFFFAOYSA-N,C[C@@H]1CN(CCCC(c2ccc(F)cc2)c2ccc(F)cc2)CC[N@H+]1CCO,ZINC15 : ZINC000187723553,espsim_shape,0.373134328358209,zinc15
O=C1NCN(c2ccccc2)C12CCN(CCCC(c1ccc(F)cc1)c1ccc(F)cc1)CC2,QOYHHIBFXOOADH-UHFFFAOYSA-N,C[C@@H]1CN(CCCC(c2ccc(F)cc2)c2ccc(F)cc2)CC[N@@H+]1CCO,ZINC15 : ZINC000187723553,espsim_shape,0.373134328358209,zinc15
O=C1NCN(c2ccccc2)C12CCN(CCCC(c1ccc(F)cc1)c1ccc(F)cc1)CC2,QOYHHIBFXOOADH-UHFFFAOYSA-N,O=C1NCCN1C1CC[NH+](CCCC(c2ccc(F)cc2)c2ccc(F)cc2)CC1,ZINC15 : ZINC000053283868,espsim_shape,0.373134328358209,zinc15
O=C1NCN(c2ccccc2)C12CCN(CCCC(c1ccc(F)cc1)c1ccc(F)cc1)CC2,QOYHHIBFXOOADH-UHFFFAOYSA-N,C[C@H]1CN(CCCC(c2ccc(F)cc2)c2ccc(F)cc2)CC[N@H+]1CCO,ZINC15 : ZINC000187723573,espsim_shape,0.373134328358209,zinc15
O=C1NCN(c2ccccc2)C12CCN(CCCC(c1ccc(F)cc1)c1ccc(F)cc1)CC2,QOYHHIBFXOOADH-UHFFFAOYSA-N,CN1CC[NH+](CCCC(c2ccc(F)cc2)c2ccc(F)cc2)CC1,ZINC15 : ZINC000066261935,espsim_shape,0.3728813559322034,zinc15
O=C1NCN(c2ccccc2)C12CCN(CCCC(c1ccc(F)cc1)c1ccc(F)cc1)CC2,QOYHHIBFXOOADH-UHFFFAOYSA-N,O=C(NCCCN1CCOCC1)N[C@@H](c1ccccc1)c1ccc(F)cc1,ZINC15 : ZINC000123797410,espsim_shape,0.36231884057971014,zinc15
O=C1NCN(c2ccccc2)C12CCN(CCCC(c1ccc(F)cc1)c1ccc(F)cc1)CC2,QOYHHIBFXOOADH-UHFFFAOYSA-N,O=C(NCCCN1CCOCC1)N[C@H](c1ccccc1)c1ccc(F)cc1,ZINC15 : ZINC000123797604,espsim_shape,0.36231884057971014,zinc15
O=C1NCN(c2ccccc2)C12CCN(CCCC(c1ccc(F)cc1)c1ccc(F)cc1)CC2,QOYHHIBFXOOADH-UHFFFAOYSA-N,Fc1ccc(C(CCC[NH+]2CCC(Sc3ccccc3)(Sc3ccccc3)CC2)c2ccc(F)cc2)cc1,ZINC15 : ZINC000097973097,espsim_shape,0.359375,zinc15
O=C1NCN(c2ccccc2)C12CCN(CCCC(c1ccc(F)cc1)c1ccc(F)cc1)CC2,QOYHHIBFXOOADH-UHFFFAOYSA-N,O=C(CN1C(=O)NC2(CCCC2)C1=O)OCCCC(c1ccc(F)cc1)c1ccc(F)cc1,ZINC15 : ZINC000009713927,espsim_shape,0.352112676056338,zinc15
O=C1NCN(c2ccccc2)C12CCN(CCCC(c1ccc(F)cc1)c1ccc(F)cc1)CC2,QOYHHIBFXOOADH-UHFFFAOYSA-N,O=c1[nH]c2ccccc2n1C1CC[NH+](CCCC(c2ccc(F)cc2)c2ccc(F)cc2)CC1,ZINC15 : ZINC000004175630,espsim_shape,0.3472222222222222,zinc15
O=C1NCN(c2ccccc2)C12CCN(CCCC(c1ccc(F)cc1)c1ccc(F)cc1)CC2,QOYHHIBFXOOADH-UHFFFAOYSA-N,CN(C)C(=O)CN1CC[NH+](CCCC(c2ccc(F)cc2)c2ccc(F)cc2)CC1,ZINC15 : ZINC000057621865,espsim_shape,0.34328358208955223,zinc15
O=C1NCN(c2ccccc2)C12CCN(CCCC(c1ccc(F)cc1)c1ccc(F)cc1)CC2,QOYHHIBFXOOADH-UHFFFAOYSA-N,OCC1(CO)CC[NH+](CCCC(c2ccc(F)cc2)c2ccc(F)cc2)CC1,ZINC15 : ZINC001197603817,espsim_shape,0.3387096774193548,zinc15
O=C1NCN(c2ccccc2)C12CCN(CCCC(c1ccc(F)cc1)c1ccc(F)cc1)CC2,QOYHHIBFXOOADH-UHFFFAOYSA-N,C[C@@H](O)CN1CC[NH+](CCCC(c2ccc(F)cc2)c2ccc(F)cc2)CC1,ZINC15 : ZINC000189344016,espsim_shape,0.3384615384615385,zinc15
O=C1NCN(c2ccccc2)C12CCN(CCCC(c1ccc(F)cc1)c1ccc(F)cc1)CC2,QOYHHIBFXOOADH-UHFFFAOYSA-N,C[C@H](O)CN1CC[NH+](CCCC(c2ccc(F)cc2)c2ccc(F)cc2)CC1,ZINC15 : ZINC000189394202,espsim_shape,0.3384615384615385,zinc15
O=C1NCN(c2ccccc2)C12CCN(CCCC(c1ccc(F)cc1)c1ccc(F)cc1)CC2,QOYHHIBFXOOADH-UHFFFAOYSA-N,O=C([O-])C1(O)CC[NH+](CCCC(c2ccc(F)cc2)c2ccc(F)cc2)CC1,ZINC15 : ZINC000568059026,espsim_shape,0.3384615384615385,zinc15
O=C1NCN(c2ccccc2)C12CCN(CCCC(c1ccc(F)cc1)c1ccc(F)cc1)CC2,QOYHHIBFXOOADH-UHFFFAOYSA-N,CCNC(=O)N1CC[NH+](CCCC(c2ccc(F)cc2)c2ccc(F)cc2)CC1,ZINC15 : ZINC000004214849,espsim_shape,0.3382352941176471,zinc15
O=C1NCN(c2ccccc2)C12CCN(CCCC(c1ccc(F)cc1)c1ccc(F)cc1)CC2,QOYHHIBFXOOADH-UHFFFAOYSA-N,CN1CN(c2ccccc2)C2(CC[NH+](CCCN(c3ccc(F)cc3)c3ccc(F)cc3)CC2)C1=O,ZINC15 : ZINC000028097110,espsim_shape,0.33783783783783783,zinc15
O=C1NCN(c2ccccc2)C12CCN(CCCC(c1ccc(F)cc1)c1ccc(F)cc1)CC2,QOYHHIBFXOOADH-UHFFFAOYSA-N,O=C1CCCN1CCCN1CCN(C(c2ccc(F)cc2)c2ccc(F)cc2)CC1,ZINC15 : ZINC000064139228,espsim_shape,0.3333333333333333,zinc15
O=C1NCN(c2ccccc2)C12CCN(CCCC(c1ccc(F)cc1)c1ccc(F)cc1)CC2,QOYHHIBFXOOADH-UHFFFAOYSA-N,O=c1[nH]c2ccccc2n1C1CC[N+]([O-])(CCCC(c2ccc(F)cc2)c2ccc(F)cc2)CC1,ZINC15 : ZINC000077312480,espsim_shape,0.3333333333333333,zinc15
O=C1NCN(c2ccccc2)C12CCN(CCCC(c1ccc(F)cc1)c1ccc(F)cc1)CC2,QOYHHIBFXOOADH-UHFFFAOYSA-N,CC(C)(O)CN1CC[NH+](CCCC(c2ccc(F)cc2)c2ccc(F)cc2)CC1,ZINC15 : ZINC000303131532,espsim_shape,0.3333333333333333,zinc15
O=C1NCN(c2ccccc2)C12CCN(CCCC(c1ccc(F)cc1)c1ccc(F)cc1)CC2,QOYHHIBFXOOADH-UHFFFAOYSA-N,C[N@@H+](CCCN1CC[NH+](C)CC1)CC(c1ccc(F)cc1)c1ccc(F)cc1,ZINC15 : ZINC000571960082,espsim_shape,0.3333333333333333,zinc15
O=C1NCN(c2ccccc2)C12CCN(CCCC(c1ccc(F)cc1)c1ccc(F)cc1)CC2,QOYHHIBFXOOADH-UHFFFAOYSA-N,O=C1CCCN1CCCN1CCN(C(C2=CC=C(F)C=C2)C2=CC=C(F)C=C2)CC1,ENAMINE-REAL : Z821676652,espsim_shape,0.3333333333333333,enamine-real
O=C1NCN(c2ccccc2)C12CCN(CCCC(c1ccc(F)cc1)c1ccc(F)cc1)CC2,QOYHHIBFXOOADH-UHFFFAOYSA-N,C[N@H+](CCCN1CC[NH+](C)CC1)CC(c1ccc(F)cc1)c1ccc(F)cc1,ZINC15 : ZINC000571960082,espsim_shape,0.3333333333333333,zinc15
O=C1NCN(c2ccccc2)C12CCN(CCCC(c1ccc(F)cc1)c1ccc(F)cc1)CC2,QOYHHIBFXOOADH-UHFFFAOYSA-N,CCNC(=O)CN1CC[NH+](CCCC(c2ccc(F)cc2)c2ccc(F)cc2)CC1,ZINC15 : ZINC000044739996,espsim_shape,0.32857142857142857,zinc15
O=C1NCN(c2ccccc2)C12CCN(CCCC(c1ccc(F)cc1)c1ccc(F)cc1)CC2,QOYHHIBFXOOADH-UHFFFAOYSA-N,O=C(OCCCC(c1ccc(F)cc1)c1ccc(F)cc1)[C@H]1CCNC(=O)C1,ZINC15 : ZINC000761213576,espsim_shape,0.32857142857142857,zinc15
O=C1NCN(c2ccccc2)C12CCN(CCCC(c1ccc(F)cc1)c1ccc(F)cc1)CC2,QOYHHIBFXOOADH-UHFFFAOYSA-N,O=C(OCCCC(c1ccc(F)cc1)c1ccc(F)cc1)[C@@H]1CCNC(=O)C1,ZINC15 : ZINC000761213577,espsim_shape,0.32857142857142857,zinc15
O=C1NCN(c2ccccc2)C12CCN(CCCC(c1ccc(F)cc1)c1ccc(F)cc1)CC2,QOYHHIBFXOOADH-UHFFFAOYSA-N,[NH3+]CC1(O)CC[NH+](CCCC(c2ccc(F)cc2)c2ccc(F)cc2)CC1,ZINC15 : ZINC000420402024,espsim_shape,0.328125,zinc15
O=C1NCN(c2ccccc2)C12CCN(CCCC(c1ccc(F)cc1)c1ccc(F)cc1)CC2,QOYHHIBFXOOADH-UHFFFAOYSA-N,C=C1N(C(C)(C)C)C(=O)OC12CC[NH+](CCCC(c1ccc(F)cc1)c1ccc(F)cc1)CC2,ZINC15 : ZINC000002010309,espsim_shape,0.32432432432432434,zinc15
O=C1NCN(c2ccccc2)C12CCN(CCCC(c1ccc(F)cc1)c1ccc(F)cc1)CC2,QOYHHIBFXOOADH-UHFFFAOYSA-N,O=c1n2ccccc2nn1CCN1CCN(C(c2ccc(F)cc2)c2ccc(F)cc2)CC1,ZINC15 : ZINC000022933421,espsim_shape,0.323943661971831,zinc15
O=C1NCN(c2ccccc2)C12CCN(CCCC(c1ccc(F)cc1)c1ccc(F)cc1)CC2,QOYHHIBFXOOADH-UHFFFAOYSA-N,NC(=O)N1CCC[N@H+](CCCC(c2ccc(F)cc2)c2ccc(F)cc2)CC1,ZINC15 : ZINC000153625431,espsim_shape,0.3235294117647059,zinc15
O=C1NCN(c2ccccc2)C12CCN(CCCC(c1ccc(F)cc1)c1ccc(F)cc1)CC2,QOYHHIBFXOOADH-UHFFFAOYSA-N,CC(C)(C(N)=O)N1CC[NH+](CCCC(c2ccc(F)cc2)c2ccc(F)cc2)CC1,ZINC15 : ZINC000470977258,espsim_shape,0.3235294117647059,zinc15
O=C1NCN(c2ccccc2)C12CCN(CCCC(c1ccc(F)cc1)c1ccc(F)cc1)CC2,QOYHHIBFXOOADH-UHFFFAOYSA-N,NC(=O)N1CCC[N@@H+](CCCC(c2ccc(F)cc2)c2ccc(F)cc2)CC1,ZINC15 : ZINC000153625431,espsim_shape,0.3235294117647059,zinc15
O=C1NCN(c2ccccc2)C12CCN(CCCC(c1ccc(F)cc1)c1ccc(F)cc1)CC2,QOYHHIBFXOOADH-UHFFFAOYSA-N,COC(=O)C1(O)CC[NH+](CCCC(c2ccc(F)cc2)c2ccc(F)cc2)CC1,ZINC15 : ZINC000535792706,espsim_shape,0.3235294117647059,zinc15
O=C1NCN(c2ccccc2)C12CCN(CCCC(c1ccc(F)cc1)c1ccc(F)cc1)CC2,QOYHHIBFXOOADH-UHFFFAOYSA-N,N#CCC(=O)N1CC[NH+](CCCC(c2ccc(F)cc2)c2ccc(F)cc2)CC1,ZINC15 : ZINC001170399783,espsim_shape,0.3188405797101449,zinc15
O=C1NCN(c2ccccc2)C12CCN(CCCC(c1ccc(F)cc1)c1ccc(F)cc1)CC2,QOYHHIBFXOOADH-UHFFFAOYSA-N,Fc1ccc(C(CCC[NH+]2CCN([C@H]3CC[NH2+]C3)CC2)c2ccc(F)cc2)cc1,ZINC15 : ZINC000489934956,espsim_shape,0.3188405797101449,zinc15
O=C1NCN(c2ccccc2)C12CCN(CCCC(c1ccc(F)cc1)c1ccc(F)cc1)CC2,QOYHHIBFXOOADH-UHFFFAOYSA-N,Fc1ccc(C(CCC[NH+]2CCN([C@@H]3CC[NH2+]C3)CC2)c2ccc(F)cc2)cc1,ZINC15 : ZINC000489934954,espsim_shape,0.3188405797101449,zinc15
O=C1NCN(c2ccccc2)C12CCN(CCCC(c1ccc(F)cc1)c1ccc(F)cc1)CC2,QOYHHIBFXOOADH-UHFFFAOYSA-N,Cn1nc2c(cc1=O)C[N@@H+](CCCC(c1ccc(F)cc1)c1ccc(F)cc1)CC2,ZINC15 : ZINC000462977610,espsim_shape,0.3150684931506849,zinc15
O=C1NCN(c2ccccc2)C12CCN(CCCC(c1ccc(F)cc1)c1ccc(F)cc1)CC2,QOYHHIBFXOOADH-UHFFFAOYSA-N,Cn1nc2c(cc1=O)C[N@H+](CCCC(c1ccc(F)cc1)c1ccc(F)cc1)CC2,ZINC15 : ZINC000462977610,espsim_shape,0.3150684931506849,zinc15
O=C1NCN(c2ccccc2)C12CCN(CCCC(c1ccc(F)cc1)c1ccc(F)cc1)CC2,QOYHHIBFXOOADH-UHFFFAOYSA-N,C[C@@H]1C[N@@H+](CCCC(c2ccc(F)cc2)c2ccc(F)cc2)CCN1CCO,ZINC15 : ZINC000187723553,espsim_shape,0.3142857142857143,zinc15
O=C1NCN(c2ccccc2)C12CCN(CCCC(c1ccc(F)cc1)c1ccc(F)cc1)CC2,QOYHHIBFXOOADH-UHFFFAOYSA-N,C[C@H]1C[N@@H+](CCCC(c2ccc(F)cc2)c2ccc(F)cc2)CCN1CCO,ZINC15 : ZINC000187723573,espsim_shape,0.3142857142857143,zinc15
O=C1NCN(c2ccccc2)C12CCN(CCCC(c1ccc(F)cc1)c1ccc(F)cc1)CC2,QOYHHIBFXOOADH-UHFFFAOYSA-N,C[C@H]1C[N@H+](CCCC(c2ccc(F)cc2)c2ccc(F)cc2)CCN1CCO,ZINC15 : ZINC000187723573,espsim_shape,0.3142857142857143,zinc15
O=C1NCN(c2ccccc2)C12CCN(CCCC(c1ccc(F)cc1)c1ccc(F)cc1)CC2,QOYHHIBFXOOADH-UHFFFAOYSA-N,C[C@@H]1C[N@H+](CCCC(c2ccc(F)cc2)c2ccc(F)cc2)CCN1CCO,ZINC15 : ZINC000187723553,espsim_shape,0.3142857142857143,zinc15
O=C1NCN(c2ccccc2)C12CCN(CCCC(c1ccc(F)cc1)c1ccc(F)cc1)CC2,QOYHHIBFXOOADH-UHFFFAOYSA-N,O=C(CC(c1ccccc1)c1ccccc1)N1CCN(c2ccc(F)cc2)CC1,ZINC15 : ZINC000000759409,espsim_shape,0.3125,zinc15
O=C1NCN(c2ccccc2)C12CCN(CCCC(c1ccc(F)cc1)c1ccc(F)cc1)CC2,QOYHHIBFXOOADH-UHFFFAOYSA-N,Fc1ccc(N2CCN(CCN[C@@H](c3ncc[nH]3)c3ccccc3)CC2)cc1,ZINC15 : ZINC000125736624,espsim_shape,0.3108108108108108,zinc15
O=C1NCN(c2ccccc2)C12CCN(CCCC(c1ccc(F)cc1)c1ccc(F)cc1)CC2,QOYHHIBFXOOADH-UHFFFAOYSA-N,O=S(=O)(CCCN1CCN(CC2=NN=NN2C2=CC=CC=C2)CC1)C1=CC=C(F)C=C1,ENAMINE-REAL : Z1171415638,espsim_shape,0.3108108108108108,enamine-real
