query_smiles,query_inchikey,smiles,identifier,search_type,score,database
[H]N1C(=O)C(=C)OC2=CC(OC)=CC(C(=O)O[C@H]3COC(=O)C[C@@H](C4=CC(O)=C(O[C@]5([H])C6=C(C=C3C=C6)C3=CC=C[C@]53O[C@@H]3OC(C)(C)[C@H]([C@@H](O)[C@H]3O)N(C)C)C(Cl)=C4)[N+]([H])([H])[H])=C12,SAWXMTQYIIZWNU-RGEBLUSTSA-O,COC1=CC(C(=O)N(C)[C@@H]2C3=CC=CC=C3C[C@@H]2O)=C2NC(=O)COC2=C1,ENAMINE-REAL : Z5600023151,consensus,0.2755905511811024,enamine-real
[H]N1C(=O)C(=C)OC2=CC(OC)=CC(C(=O)O[C@H]3COC(=O)C[C@@H](C4=CC(O)=C(O[C@]5([H])C6=C(C=C3C=C6)C3=CC=C[C@]53O[C@@H]3OC(C)(C)[C@H]([C@@H](O)[C@H]3O)N(C)C)C(Cl)=C4)[N+]([H])([H])[H])=C12,SAWXMTQYIIZWNU-RGEBLUSTSA-O,COC1=CC(C(=O)N(C)[C@H]2C3=CC=CC=C3C[C@H]2O)=C2NC(=O)COC2=C1,ENAMINE-REAL : Z5597773819,consensus,0.2755905511811024,enamine-real
[H]N1C(=O)C(=C)OC2=CC(OC)=CC(C(=O)O[C@H]3COC(=O)C[C@@H](C4=CC(O)=C(O[C@]5([H])C6=C(C=C3C=C6)C3=CC=C[C@]53O[C@@H]3OC(C)(C)[C@H]([C@@H](O)[C@H]3O)N(C)C)C(Cl)=C4)[N+]([H])([H])[H])=C12,SAWXMTQYIIZWNU-RGEBLUSTSA-O,COc1ccc([C@H]2CC(=O)C3=C(C2)NC(C)=C(C(=O)OC(C)C)[C@@H]3c2cc3c(cc2Cl)OCO3)cc1,ZINC15 : ZINC000019830832,consensus,0.2127659574468085,zinc15
[H]N1C(=O)C(=C)OC2=CC(OC)=CC(C(=O)O[C@H]3COC(=O)C[C@@H](C4=CC(O)=C(O[C@]5([H])C6=C(C=C3C=C6)C3=CC=C[C@]53O[C@@H]3OC(C)(C)[C@H]([C@@H](O)[C@H]3O)N(C)C)C(Cl)=C4)[N+]([H])([H])[H])=C12,SAWXMTQYIIZWNU-RGEBLUSTSA-O,COc1ccc([C@H]2CC(=O)C3=C(C2)NC(C)=C(C(=O)OC(C)C)[C@H]3c2cc3c(cc2Cl)OCO3)cc1,ZINC15 : ZINC000019830834,consensus,0.2127659574468085,zinc15
[H]N1C(=O)C(=C)OC2=CC(OC)=CC(C(=O)O[C@H]3COC(=O)C[C@@H](C4=CC(O)=C(O[C@]5([H])C6=C(C=C3C=C6)C3=CC=C[C@]53O[C@@H]3OC(C)(C)[C@H]([C@@H](O)[C@H]3O)N(C)C)C(Cl)=C4)[N+]([H])([H])[H])=C12,SAWXMTQYIIZWNU-RGEBLUSTSA-O,COc1ccc([C@@H]2CC(=O)C3=C(C2)NC(C)=C(C(=O)OC(C)C)[C@H]3c2cc3c(cc2Cl)OCO3)cc1,ZINC15 : ZINC000019830833,consensus,0.2127659574468085,zinc15
[H]N1C(=O)C(=C)OC2=CC(OC)=CC(C(=O)O[C@H]3COC(=O)C[C@@H](C4=CC(O)=C(O[C@]5([H])C6=C(C=C3C=C6)C3=CC=C[C@]53O[C@@H]3OC(C)(C)[C@H]([C@@H](O)[C@H]3O)N(C)C)C(Cl)=C4)[N+]([H])([H])[H])=C12,SAWXMTQYIIZWNU-RGEBLUSTSA-O,COc1ccc([C@@H]2CC(=O)C3=C(C2)NC(C)=C(C(=O)OC(C)C)[C@@H]3c2cc3c(cc2Cl)OCO3)cc1,ZINC15 : ZINC000019830831,consensus,0.2127659574468085,zinc15
[H]N1C(=O)C(=C)OC2=CC(OC)=CC(C(=O)O[C@H]3COC(=O)C[C@@H](C4=CC(O)=C(O[C@]5([H])C6=C(C=C3C=C6)C3=CC=C[C@]53O[C@@H]3OC(C)(C)[C@H]([C@@H](O)[C@H]3O)N(C)C)C(Cl)=C4)[N+]([H])([H])[H])=C12,SAWXMTQYIIZWNU-RGEBLUSTSA-O,COC(=O)[C@@H]1c2cc3c(c([O-])c2[C@@H](O[C@@H]2O[C@@H](C)[C@H](OC)[C@@](C)(OC)[C@H]2OC)C[C@]1(C)O)C(=O)c1c(O)cc2c(c1C3=O)O[C@@H]1O[C@@]2(C)[C@H](O)[C@@H](N(C)C)[C@@H]1O,ZINC15 : ZINC000085540240,consensus,0.20987654320987653,zinc15
[H]N1C(=O)C(=C)OC2=CC(OC)=CC(C(=O)O[C@H]3COC(=O)C[C@@H](C4=CC(O)=C(O[C@]5([H])C6=C(C=C3C=C6)C3=CC=C[C@]53O[C@@H]3OC(C)(C)[C@H]([C@@H](O)[C@H]3O)N(C)C)C(Cl)=C4)[N+]([H])([H])[H])=C12,SAWXMTQYIIZWNU-RGEBLUSTSA-O,COc1ccc([C@@H]2CC(=O)C3=C(C2)NC(C)=C(C(=O)OCC(C)C)[C@@H]3c2cc3c(cc2Cl)OCO3)cc1,ZINC15 : ZINC000000708077,consensus,0.20833333333333334,zinc15
[H]N1C(=O)C(=C)OC2=CC(OC)=CC(C(=O)O[C@H]3COC(=O)C[C@@H](C4=CC(O)=C(O[C@]5([H])C6=C(C=C3C=C6)C3=CC=C[C@]53O[C@@H]3OC(C)(C)[C@H]([C@@H](O)[C@H]3O)N(C)C)C(Cl)=C4)[N+]([H])([H])[H])=C12,SAWXMTQYIIZWNU-RGEBLUSTSA-O,COc1ccc([C@@H]2CC(=O)C3=C(C2)NC(C)=C(C(=O)OCC(C)C)[C@H]3c2cc3c(cc2Cl)OCO3)cc1,ZINC15 : ZINC000000708076,consensus,0.20833333333333334,zinc15
[H]N1C(=O)C(=C)OC2=CC(OC)=CC(C(=O)O[C@H]3COC(=O)C[C@@H](C4=CC(O)=C(O[C@]5([H])C6=C(C=C3C=C6)C3=CC=C[C@]53O[C@@H]3OC(C)(C)[C@H]([C@@H](O)[C@H]3O)N(C)C)C(Cl)=C4)[N+]([H])([H])[H])=C12,SAWXMTQYIIZWNU-RGEBLUSTSA-O,COc1ccc([C@H]2CC(=O)C3=C(C2)NC(C)=C(C(=O)OCC(C)C)[C@@H]3c2cc3c(cc2Cl)OCO3)cc1,ZINC15 : ZINC000000708075,consensus,0.20833333333333334,zinc15
[H]N1C(=O)C(=C)OC2=CC(OC)=CC(C(=O)O[C@H]3COC(=O)C[C@@H](C4=CC(O)=C(O[C@]5([H])C6=C(C=C3C=C6)C3=CC=C[C@]53O[C@@H]3OC(C)(C)[C@H]([C@@H](O)[C@H]3O)N(C)C)C(Cl)=C4)[N+]([H])([H])[H])=C12,SAWXMTQYIIZWNU-RGEBLUSTSA-O,COc1ccc([C@H]2CC(=O)C3=C(C2)NC(C)=C(C(=O)OCC(C)C)[C@H]3c2cc3c(cc2Cl)OCO3)cc1,ZINC15 : ZINC000000708074,consensus,0.20833333333333334,zinc15
[H]N1C(=O)C(=C)OC2=CC(OC)=CC(C(=O)O[C@H]3COC(=O)C[C@@H](C4=CC(O)=C(O[C@]5([H])C6=C(C=C3C=C6)C3=CC=C[C@]53O[C@@H]3OC(C)(C)[C@H]([C@@H](O)[C@H]3O)N(C)C)C(Cl)=C4)[N+]([H])([H])[H])=C12,SAWXMTQYIIZWNU-RGEBLUSTSA-O,COC(=O)[C@@H]1c2cc3c(c(O)c2[C@@H](O[C@@H]2O[C@@H](C)[C@H](OC)[C@@](C)(OC)[C@H]2OC)C[C@]1(C)O)C(=O)c1c(O)cc2c(c1C3=O)O[C@@H]1O[C@@]2(C)[C@H](O)[C@@H](N(C)C)[C@@H]1O,ZINC15 : ZINC000085540240,consensus,0.20625,zinc15
[H]N1C(=O)C(=C)OC2=CC(OC)=CC(C(=O)O[C@H]3COC(=O)C[C@@H](C4=CC(O)=C(O[C@]5([H])C6=C(C=C3C=C6)C3=CC=C[C@]53O[C@@H]3OC(C)(C)[C@H]([C@@H](O)[C@H]3O)N(C)C)C(Cl)=C4)[N+]([H])([H])[H])=C12,SAWXMTQYIIZWNU-RGEBLUSTSA-O,C=C(CO[C@H]1O[C@@H](CO)[C@@H](O)[C@@H](O)[C@H]1O)[C@H]1Cc2c(ccc3c2O[C@@H]2COc4cc(OC)c(OC)cc4[C@H]2C3=O)O1,ZINC15 : ZINC000006907018,consensus,0.20270270270270271,zinc15
[H]N1C(=O)C(=C)OC2=CC(OC)=CC(C(=O)O[C@H]3COC(=O)C[C@@H](C4=CC(O)=C(O[C@]5([H])C6=C(C=C3C=C6)C3=CC=C[C@]53O[C@@H]3OC(C)(C)[C@H]([C@@H](O)[C@H]3O)N(C)C)C(Cl)=C4)[N+]([H])([H])[H])=C12,SAWXMTQYIIZWNU-RGEBLUSTSA-O,C=C(CO[C@H]1O[C@@H](CO)[C@@H](O)[C@@H](O)[C@H]1O)[C@H]1Cc2c(ccc3c2O[C@H]2COc4cc(OC)c(OC)cc4[C@H]2C3=O)O1,ZINC15 : ZINC000006907020,consensus,0.20270270270270271,zinc15
[H]N1C(=O)C(=C)OC2=CC(OC)=CC(C(=O)O[C@H]3COC(=O)C[C@@H](C4=CC(O)=C(O[C@]5([H])C6=C(C=C3C=C6)C3=CC=C[C@]53O[C@@H]3OC(C)(C)[C@H]([C@@H](O)[C@H]3O)N(C)C)C(Cl)=C4)[N+]([H])([H])[H])=C12,SAWXMTQYIIZWNU-RGEBLUSTSA-O,C=C(CO[C@H]1O[C@@H](CO)[C@H](O)[C@@H](O)[C@@H]1O)[C@@H]1Cc2c(ccc3c2O[C@@H]2COc4cc(OC)c(OC)cc4[C@H]2C3=O)O1,ZINC15 : ZINC000253501237,consensus,0.20270270270270271,zinc15
[H]N1C(=O)C(=C)OC2=CC(OC)=CC(C(=O)O[C@H]3COC(=O)C[C@@H](C4=CC(O)=C(O[C@]5([H])C6=C(C=C3C=C6)C3=CC=C[C@]53O[C@@H]3OC(C)(C)[C@H]([C@@H](O)[C@H]3O)N(C)C)C(Cl)=C4)[N+]([H])([H])[H])=C12,SAWXMTQYIIZWNU-RGEBLUSTSA-O,C=C(CO[C@H]1O[C@@H](CO)[C@@H](O)[C@@H](O)[C@H]1O)[C@H]1Cc2c(ccc3c2O[C@H]2COc4cc(OC)c(OC)cc4[C@@H]2C3=O)O1,ZINC15 : ZINC000006907021,consensus,0.20270270270270271,zinc15
[H]N1C(=O)C(=C)OC2=CC(OC)=CC(C(=O)O[C@H]3COC(=O)C[C@@H](C4=CC(O)=C(O[C@]5([H])C6=C(C=C3C=C6)C3=CC=C[C@]53O[C@@H]3OC(C)(C)[C@H]([C@@H](O)[C@H]3O)N(C)C)C(Cl)=C4)[N+]([H])([H])[H])=C12,SAWXMTQYIIZWNU-RGEBLUSTSA-O,C=C(CO[C@H]1O[C@@H](CO)[C@H](O)[C@@H](O)[C@@H]1O)[C@@H]1Cc2c(ccc3c2O[C@@H]2COc4cc(OC)c(OC)cc4[C@@H]2C3=O)O1,ZINC15 : ZINC000253501246,consensus,0.20270270270270271,zinc15
[H]N1C(=O)C(=C)OC2=CC(OC)=CC(C(=O)O[C@H]3COC(=O)C[C@@H](C4=CC(O)=C(O[C@]5([H])C6=C(C=C3C=C6)C3=CC=C[C@]53O[C@@H]3OC(C)(C)[C@H]([C@@H](O)[C@H]3O)N(C)C)C(Cl)=C4)[N+]([H])([H])[H])=C12,SAWXMTQYIIZWNU-RGEBLUSTSA-O,C=C(CO[C@H]1O[C@@H](CO)[C@@H](O)[C@@H](O)[C@H]1O)[C@H]1Cc2c(ccc3c2O[C@@H]2COc4cc(OC)c(OC)cc4[C@@H]2C3=O)O1,ZINC15 : ZINC000006907019,consensus,0.20270270270270271,zinc15
[H]N1C(=O)C(=C)OC2=CC(OC)=CC(C(=O)O[C@H]3COC(=O)C[C@@H](C4=CC(O)=C(O[C@]5([H])C6=C(C=C3C=C6)C3=CC=C[C@]53O[C@@H]3OC(C)(C)[C@H]([C@@H](O)[C@H]3O)N(C)C)C(Cl)=C4)[N+]([H])([H])[H])=C12,SAWXMTQYIIZWNU-RGEBLUSTSA-O,C=C(CO[C@H]1O[C@@H](CO)[C@H](O)[C@@H](O)[C@@H]1O)[C@@H]1Cc2c(ccc3c2O[C@H]2COc4cc(OC)c(OC)cc4[C@H]2C3=O)O1,ZINC15 : ZINC000238762297,consensus,0.20270270270270271,zinc15
[H]N1C(=O)C(=C)OC2=CC(OC)=CC(C(=O)O[C@H]3COC(=O)C[C@@H](C4=CC(O)=C(O[C@]5([H])C6=C(C=C3C=C6)C3=CC=C[C@]53O[C@@H]3OC(C)(C)[C@H]([C@@H](O)[C@H]3O)N(C)C)C(Cl)=C4)[N+]([H])([H])[H])=C12,SAWXMTQYIIZWNU-RGEBLUSTSA-O,C=C(CO[C@H]1O[C@@H](CO)[C@H](O)[C@@H](O)[C@@H]1O)[C@@H]1Cc2c(ccc3c2O[C@H]2COc4cc(OC)c(OC)cc4[C@@H]2C3=O)O1,ZINC15 : ZINC000253501232,consensus,0.20270270270270271,zinc15
[H]N1C(=O)C(=C)OC2=CC(OC)=CC(C(=O)O[C@H]3COC(=O)C[C@@H](C4=CC(O)=C(O[C@]5([H])C6=C(C=C3C=C6)C3=CC=C[C@]53O[C@@H]3OC(C)(C)[C@H]([C@@H](O)[C@H]3O)N(C)C)C(Cl)=C4)[N+]([H])([H])[H])=C12,SAWXMTQYIIZWNU-RGEBLUSTSA-O,COC1=CC=CC([C@H]2C[C@H](N(C)C(=O)NC(C)C3=CC=C4OCC(=O)NC4=C3)C2)=C1,ENAMINE-REAL : PV-002147506380,consensus,0.19858156028368795,enamine-real
[H]N1C(=O)C(=C)OC2=CC(OC)=CC(C(=O)O[C@H]3COC(=O)C[C@@H](C4=CC(O)=C(O[C@]5([H])C6=C(C=C3C=C6)C3=CC=C[C@]53O[C@@H]3OC(C)(C)[C@H]([C@@H](O)[C@H]3O)N(C)C)C(Cl)=C4)[N+]([H])([H])[H])=C12,SAWXMTQYIIZWNU-RGEBLUSTSA-O,COC1=CC=C2NN=C(C(=O)N(C)C3C4=C(CC3O)C(Cl)=CC(Cl)=C4)C2=C1,ENAMINE-REAL : PV-002595720200,consensus,0.19852941176470587,enamine-real
[H]N1C(=O)C(=C)OC2=CC(OC)=CC(C(=O)O[C@H]3COC(=O)C[C@@H](C4=CC(O)=C(O[C@]5([H])C6=C(C=C3C=C6)C3=CC=C[C@]53O[C@@H]3OC(C)(C)[C@H]([C@@H](O)[C@H]3O)N(C)C)C(Cl)=C4)[N+]([H])([H])[H])=C12,SAWXMTQYIIZWNU-RGEBLUSTSA-O,COc1ccc([C@H]2CC(=O)C3=C(C2)NC(C)=C(C(=O)OC(C)C)[C@H]3c2cc3c(cc2Br)OCO3)cc1,ZINC15 : ZINC000059844558,consensus,0.1875,zinc15
[H]N1C(=O)C(=C)OC2=CC(OC)=CC(C(=O)O[C@H]3COC(=O)C[C@@H](C4=CC(O)=C(O[C@]5([H])C6=C(C=C3C=C6)C3=CC=C[C@]53O[C@@H]3OC(C)(C)[C@H]([C@@H](O)[C@H]3O)N(C)C)C(Cl)=C4)[N+]([H])([H])[H])=C12,SAWXMTQYIIZWNU-RGEBLUSTSA-O,COc1ccc([C@@H]2CC(=O)C3=C(C2)NC(C)=C(C(=O)OC(C)C)[C@H]3c2cc3c(cc2Br)OCO3)cc1,ZINC15 : ZINC000059844554,consensus,0.1875,zinc15
[H]N1C(=O)C(=C)OC2=CC(OC)=CC(C(=O)O[C@H]3COC(=O)C[C@@H](C4=CC(O)=C(O[C@]5([H])C6=C(C=C3C=C6)C3=CC=C[C@]53O[C@@H]3OC(C)(C)[C@H]([C@@H](O)[C@H]3O)N(C)C)C(Cl)=C4)[N+]([H])([H])[H])=C12,SAWXMTQYIIZWNU-RGEBLUSTSA-O,COc1ccc([C@H]2CC(=O)C3=C(C2)NC(C)=C(C(=O)OC(C)C)[C@@H]3c2cc3c(cc2Br)OCO3)cc1,ZINC15 : ZINC000059844555,consensus,0.1875,zinc15
[H]N1C(=O)C(=C)OC2=CC(OC)=CC(C(=O)O[C@H]3COC(=O)C[C@@H](C4=CC(O)=C(O[C@]5([H])C6=C(C=C3C=C6)C3=CC=C[C@]53O[C@@H]3OC(C)(C)[C@H]([C@@H](O)[C@H]3O)N(C)C)C(Cl)=C4)[N+]([H])([H])[H])=C12,SAWXMTQYIIZWNU-RGEBLUSTSA-O,COc1ccc([C@@H]2CC(=O)C3=C(C2)NC(C)=C(C(=O)OC(C)C)[C@@H]3c2cc3c(cc2Br)OCO3)cc1,ZINC15 : ZINC000059844553,consensus,0.1875,zinc15
[H]N1C(=O)C(=C)OC2=CC(OC)=CC(C(=O)O[C@H]3COC(=O)C[C@@H](C4=CC(O)=C(O[C@]5([H])C6=C(C=C3C=C6)C3=CC=C[C@]53O[C@@H]3OC(C)(C)[C@H]([C@@H](O)[C@H]3O)N(C)C)C(Cl)=C4)[N+]([H])([H])[H])=C12,SAWXMTQYIIZWNU-RGEBLUSTSA-O,O=C1C[C@@H](c2ccc(O)cc2)Oc2cc(O[C@@H]3O[C@H](CO)[C@@H](O)[C@H](O)[C@H]3O)cc(O)c21,ZINC15 : ZINC000004097895,consensus,0.1865671641791045,zinc15
[H]N1C(=O)C(=C)OC2=CC(OC)=CC(C(=O)O[C@H]3COC(=O)C[C@@H](C4=CC(O)=C(O[C@]5([H])C6=C(C=C3C=C6)C3=CC=C[C@]53O[C@@H]3OC(C)(C)[C@H]([C@@H](O)[C@H]3O)N(C)C)C(Cl)=C4)[N+]([H])([H])[H])=C12,SAWXMTQYIIZWNU-RGEBLUSTSA-O,COC1=CC=C2C(C(=O)N(C)[C@@H]3C4=CC=CC=C4C[C@@H]3O)=CC(=O)NC2=C1,ENAMINE-REAL : PV-006982118024,consensus,0.18518518518518517,enamine-real
[H]N1C(=O)C(=C)OC2=CC(OC)=CC(C(=O)O[C@H]3COC(=O)C[C@@H](C4=CC(O)=C(O[C@]5([H])C6=C(C=C3C=C6)C3=CC=C[C@]53O[C@@H]3OC(C)(C)[C@H]([C@@H](O)[C@H]3O)N(C)C)C(Cl)=C4)[N+]([H])([H])[H])=C12,SAWXMTQYIIZWNU-RGEBLUSTSA-O,COC1=CC=C2C(C(=O)N(C)[C@H]3C4=CC=CC=C4C[C@H]3O)=CC(=O)NC2=C1,ENAMINE-REAL : PV-006982118026,consensus,0.18518518518518517,enamine-real
[H]N1C(=O)C(=C)OC2=CC(OC)=CC(C(=O)O[C@H]3COC(=O)C[C@@H](C4=CC(O)=C(O[C@]5([H])C6=C(C=C3C=C6)C3=CC=C[C@]53O[C@@H]3OC(C)(C)[C@H]([C@@H](O)[C@H]3O)N(C)C)C(Cl)=C4)[N+]([H])([H])[H])=C12,SAWXMTQYIIZWNU-RGEBLUSTSA-O,CC1=C(C(=O)OCCc2ccccc2)[C@@H](c2cc3c(cc2Cl)OCO3)C2=C(C[C@H](c3ccc(Cl)cc3)CC2=O)N1,ZINC15 : ZINC000002758315,consensus,0.1836734693877551,zinc15
[H]N1C(=O)C(=C)OC2=CC(OC)=CC(C(=O)O[C@H]3COC(=O)C[C@@H](C4=CC(O)=C(O[C@]5([H])C6=C(C=C3C=C6)C3=CC=C[C@]53O[C@@H]3OC(C)(C)[C@H]([C@@H](O)[C@H]3O)N(C)C)C(Cl)=C4)[N+]([H])([H])[H])=C12,SAWXMTQYIIZWNU-RGEBLUSTSA-O,CC1=C(C(=O)OCCc2ccccc2)[C@@H](c2cc3c(cc2Cl)OCO3)C2=C(C[C@@H](c3ccc(Cl)cc3)CC2=O)N1,ZINC15 : ZINC000002758313,consensus,0.1836734693877551,zinc15
[H]N1C(=O)C(=C)OC2=CC(OC)=CC(C(=O)O[C@H]3COC(=O)C[C@@H](C4=CC(O)=C(O[C@]5([H])C6=C(C=C3C=C6)C3=CC=C[C@]53O[C@@H]3OC(C)(C)[C@H]([C@@H](O)[C@H]3O)N(C)C)C(Cl)=C4)[N+]([H])([H])[H])=C12,SAWXMTQYIIZWNU-RGEBLUSTSA-O,CC1=C(C(=O)OCCc2ccccc2)[C@H](c2cc3c(cc2Cl)OCO3)C2=C(C[C@@H](c3ccc(Cl)cc3)CC2=O)N1,ZINC15 : ZINC000002758314,consensus,0.1836734693877551,zinc15
[H]N1C(=O)C(=C)OC2=CC(OC)=CC(C(=O)O[C@H]3COC(=O)C[C@@H](C4=CC(O)=C(O[C@]5([H])C6=C(C=C3C=C6)C3=CC=C[C@]53O[C@@H]3OC(C)(C)[C@H]([C@@H](O)[C@H]3O)N(C)C)C(Cl)=C4)[N+]([H])([H])[H])=C12,SAWXMTQYIIZWNU-RGEBLUSTSA-O,CC1=C(C(=O)OCCc2ccccc2)[C@H](c2cc3c(cc2Cl)OCO3)C2=C(C[C@H](c3ccc(Cl)cc3)CC2=O)N1,ZINC15 : ZINC000002758316,consensus,0.1836734693877551,zinc15
[H]N1C(=O)C(=C)OC2=CC(OC)=CC(C(=O)O[C@H]3COC(=O)C[C@@H](C4=CC(O)=C(O[C@]5([H])C6=C(C=C3C=C6)C3=CC=C[C@]53O[C@@H]3OC(C)(C)[C@H]([C@@H](O)[C@H]3O)N(C)C)C(Cl)=C4)[N+]([H])([H])[H])=C12,SAWXMTQYIIZWNU-RGEBLUSTSA-O,COC1=CC=C2N=C(C3CC3)C=C(C(=O)N(C)[C@@H]3COC(C)(C)OC[C@H]3O)C2=C1,ENAMINE-REAL : PV-007390753801,consensus,0.18248175182481752,enamine-real
[H]N1C(=O)C(=C)OC2=CC(OC)=CC(C(=O)O[C@H]3COC(=O)C[C@@H](C4=CC(O)=C(O[C@]5([H])C6=C(C=C3C=C6)C3=CC=C[C@]53O[C@@H]3OC(C)(C)[C@H]([C@@H](O)[C@H]3O)N(C)C)C(Cl)=C4)[N+]([H])([H])[H])=C12,SAWXMTQYIIZWNU-RGEBLUSTSA-O,COc1cccc2c1C(=O)c1c(O)c3c(c(O)c1C2=O)C[C@H](C(=O)CO)C[C@@H]3O[C@H]1C[C@H]([NH3+])[C@H](O)[C@H](C)O1,ZINC15 : ZINC000100504461,consensus,0.18243243243243243,zinc15
[H]N1C(=O)C(=C)OC2=CC(OC)=CC(C(=O)O[C@H]3COC(=O)C[C@@H](C4=CC(O)=C(O[C@]5([H])C6=C(C=C3C=C6)C3=CC=C[C@]53O[C@@H]3OC(C)(C)[C@H]([C@@H](O)[C@H]3O)N(C)C)C(Cl)=C4)[N+]([H])([H])[H])=C12,SAWXMTQYIIZWNU-RGEBLUSTSA-O,COc1cccc2c1C(=O)c1c(O)c3c(c(O)c1C2=O)C[C@@H](C(=O)CO)C[C@@H]3O[C@H]1C[C@H]([NH3+])[C@H](O)[C@H](C)O1,ZINC15 : ZINC000095749712,consensus,0.18243243243243243,zinc15
[H]N1C(=O)C(=C)OC2=CC(OC)=CC(C(=O)O[C@H]3COC(=O)C[C@@H](C4=CC(O)=C(O[C@]5([H])C6=C(C=C3C=C6)C3=CC=C[C@]53O[C@@H]3OC(C)(C)[C@H]([C@@H](O)[C@H]3O)N(C)C)C(Cl)=C4)[N+]([H])([H])[H])=C12,SAWXMTQYIIZWNU-RGEBLUSTSA-O,CC(C)(C)OC(=O)N1CC[C@@H]2O[C@@H]3c4ccc(O[C@@H]5OC[C@@H](O)[C@H](O)[C@H]5O)cc4OC(C)(C)[C@H]3C[C@@H]2C1,ZINC15 : ZINC000257323536,consensus,0.18120805369127516,zinc15
[H]N1C(=O)C(=C)OC2=CC(OC)=CC(C(=O)O[C@H]3COC(=O)C[C@@H](C4=CC(O)=C(O[C@]5([H])C6=C(C=C3C=C6)C3=CC=C[C@]53O[C@@H]3OC(C)(C)[C@H]([C@@H](O)[C@H]3O)N(C)C)C(Cl)=C4)[N+]([H])([H])[H])=C12,SAWXMTQYIIZWNU-RGEBLUSTSA-O,COc1ccc([C@@H]2C(C(=O)OC3CCCC3)=C(C)NC3=C2C(=O)CC(C)(C)C3)cc1O,ZINC15 : ZINC000001213390,consensus,0.18115942028985507,zinc15
[H]N1C(=O)C(=C)OC2=CC(OC)=CC(C(=O)O[C@H]3COC(=O)C[C@@H](C4=CC(O)=C(O[C@]5([H])C6=C(C=C3C=C6)C3=CC=C[C@]53O[C@@H]3OC(C)(C)[C@H]([C@@H](O)[C@H]3O)N(C)C)C(Cl)=C4)[N+]([H])([H])[H])=C12,SAWXMTQYIIZWNU-RGEBLUSTSA-O,COc1ccc([C@H]2C(C(=O)OC3CCCC3)=C(C)NC3=C2C(=O)CC(C)(C)C3)cc1O,ZINC15 : ZINC000019972782,consensus,0.18115942028985507,zinc15
[H]N1C(=O)C(=C)OC2=CC(OC)=CC(C(=O)O[C@H]3COC(=O)C[C@@H](C4=CC(O)=C(O[C@]5([H])C6=C(C=C3C=C6)C3=CC=C[C@]53O[C@@H]3OC(C)(C)[C@H]([C@@H](O)[C@H]3O)N(C)C)C(Cl)=C4)[N+]([H])([H])[H])=C12,SAWXMTQYIIZWNU-RGEBLUSTSA-O,COc1ccc([C@@H]2CC(=O)Oc3cc4c(c(O)c32)C(=O)O[C@H](C)CCCC(=O)CCC/C=C/4)cc1,ZINC15 : ZINC000079193659,consensus,0.18055555555555555,zinc15
[H]N1C(=O)C(=C)OC2=CC(OC)=CC(C(=O)O[C@H]3COC(=O)C[C@@H](C4=CC(O)=C(O[C@]5([H])C6=C(C=C3C=C6)C3=CC=C[C@]53O[C@@H]3OC(C)(C)[C@H]([C@@H](O)[C@H]3O)N(C)C)C(Cl)=C4)[N+]([H])([H])[H])=C12,SAWXMTQYIIZWNU-RGEBLUSTSA-O,COc1ccc([C@@H]2CC(=O)Oc3cc4c(c(O)c32)C(=O)O[C@@H](C)CCCC(=O)CCC/C=C/4)cc1,ZINC15 : ZINC000079193664,consensus,0.18055555555555555,zinc15
[H]N1C(=O)C(=C)OC2=CC(OC)=CC(C(=O)O[C@H]3COC(=O)C[C@@H](C4=CC(O)=C(O[C@]5([H])C6=C(C=C3C=C6)C3=CC=C[C@]53O[C@@H]3OC(C)(C)[C@H]([C@@H](O)[C@H]3O)N(C)C)C(Cl)=C4)[N+]([H])([H])[H])=C12,SAWXMTQYIIZWNU-RGEBLUSTSA-O,COc1ccc([C@H]2CC(=O)Oc3cc4c(c(O)c32)C(=O)O[C@@H](C)CCCC(=O)CCC/C=C/4)cc1,ZINC15 : ZINC000079193680,consensus,0.18055555555555555,zinc15
[H]N1C(=O)C(=C)OC2=CC(OC)=CC(C(=O)O[C@H]3COC(=O)C[C@@H](C4=CC(O)=C(O[C@]5([H])C6=C(C=C3C=C6)C3=CC=C[C@]53O[C@@H]3OC(C)(C)[C@H]([C@@H](O)[C@H]3O)N(C)C)C(Cl)=C4)[N+]([H])([H])[H])=C12,SAWXMTQYIIZWNU-RGEBLUSTSA-O,COc1ccc([C@H]2CC(=O)Oc3cc4c(c(O)c32)C(=O)O[C@H](C)CCCC(=O)CCC/C=C/4)cc1,ZINC15 : ZINC000079193668,consensus,0.18055555555555555,zinc15
[H]N1C(=O)C(=C)OC2=CC(OC)=CC(C(=O)O[C@H]3COC(=O)C[C@@H](C4=CC(O)=C(O[C@]5([H])C6=C(C=C3C=C6)C3=CC=C[C@]53O[C@@H]3OC(C)(C)[C@H]([C@@H](O)[C@H]3O)N(C)C)C(Cl)=C4)[N+]([H])([H])[H])=C12,SAWXMTQYIIZWNU-RGEBLUSTSA-O,COC1=CC2=C(OCC2OC(=O)CSC2=CC=NC=C2)C(Br)=C1,ENAMINE-REAL : PV-008673542100,consensus,0.18045112781954886,enamine-real
[H]N1C(=O)C(=C)OC2=CC(OC)=CC(C(=O)O[C@H]3COC(=O)C[C@@H](C4=CC(O)=C(O[C@]5([H])C6=C(C=C3C=C6)C3=CC=C[C@]53O[C@@H]3OC(C)(C)[C@H]([C@@H](O)[C@H]3O)N(C)C)C(Cl)=C4)[N+]([H])([H])[H])=C12,SAWXMTQYIIZWNU-RGEBLUSTSA-O,COc1cccc2c1C(=O)c1c(O)c3c(c(O)c1C2=O)C[C@@](O)(C(C)=O)C[C@H]3O[C@H]1C[C@@H](N(C)C)[C@H](O)[C@H](C)O1,ZINC15 : ZINC000059364626,consensus,0.18,zinc15
[H]N1C(=O)C(=C)OC2=CC(OC)=CC(C(=O)O[C@H]3COC(=O)C[C@@H](C4=CC(O)=C(O[C@]5([H])C6=C(C=C3C=C6)C3=CC=C[C@]53O[C@@H]3OC(C)(C)[C@H]([C@@H](O)[C@H]3O)N(C)C)C(Cl)=C4)[N+]([H])([H])[H])=C12,SAWXMTQYIIZWNU-RGEBLUSTSA-O,COc1cccc2c1C(=O)c1c(O)c3c(c(O)c1C2=O)C[C@@](O)(C(C)=O)C[C@H]3O[C@H]1C[C@@H](N(C)C)[C@@H](O)[C@H](C)O1,ZINC15 : ZINC000059364623,consensus,0.18,zinc15
[H]N1C(=O)C(=C)OC2=CC(OC)=CC(C(=O)O[C@H]3COC(=O)C[C@@H](C4=CC(O)=C(O[C@]5([H])C6=C(C=C3C=C6)C3=CC=C[C@]53O[C@@H]3OC(C)(C)[C@H]([C@@H](O)[C@H]3O)N(C)C)C(Cl)=C4)[N+]([H])([H])[H])=C12,SAWXMTQYIIZWNU-RGEBLUSTSA-O,COc1cccc2c1C(=O)c1c(O)c3c(c(O)c1C2=O)C[C@@](O)(C(C)=O)C[C@H]3O[C@H]1C[C@@H](N(C)C)[C@H](O)[C@@H](C)O1,ZINC15 : ZINC000059364624,consensus,0.18,zinc15
[H]N1C(=O)C(=C)OC2=CC(OC)=CC(C(=O)O[C@H]3COC(=O)C[C@@H](C4=CC(O)=C(O[C@]5([H])C6=C(C=C3C=C6)C3=CC=C[C@]53O[C@@H]3OC(C)(C)[C@H]([C@@H](O)[C@H]3O)N(C)C)C(Cl)=C4)[N+]([H])([H])[H])=C12,SAWXMTQYIIZWNU-RGEBLUSTSA-O,COc1cccc2c1C(=O)c1c(O)c3c(c(O)c1C2=O)C[C@@](O)(C(C)=O)C[C@H]3O[C@H]1C[C@@H](N(C)C)[C@@H](O)[C@@H](C)O1,ZINC15 : ZINC000059364622,consensus,0.18,zinc15
[H]N1C(=O)C(=C)OC2=CC(OC)=CC(C(=O)O[C@H]3COC(=O)C[C@@H](C4=CC(O)=C(O[C@]5([H])C6=C(C=C3C=C6)C3=CC=C[C@]53O[C@@H]3OC(C)(C)[C@H]([C@@H](O)[C@H]3O)N(C)C)C(Cl)=C4)[N+]([H])([H])[H])=C12,SAWXMTQYIIZWNU-RGEBLUSTSA-O,COc1ccc([C@H]2C(C(=O)OC3CCCCC3)=C(C)NC3=C2C(=O)CC(C)(C)C3)cc1O,ZINC15 : ZINC000000720137,consensus,0.17985611510791366,zinc15
[H]N1C(=O)C(=C)OC2=CC(OC)=CC(C(=O)O[C@H]3COC(=O)C[C@@H](C4=CC(O)=C(O[C@]5([H])C6=C(C=C3C=C6)C3=CC=C[C@]53O[C@@H]3OC(C)(C)[C@H]([C@@H](O)[C@H]3O)N(C)C)C(Cl)=C4)[N+]([H])([H])[H])=C12,SAWXMTQYIIZWNU-RGEBLUSTSA-O,C=C(C)[C@@H]1Cc2c(cc(O)c3c2O[C@H]2COc4cc(OC)c(OC)cc4[C@]2(O)C3=O)O1,ZINC15 : ZINC000014829204,consensus,0.17985611510791366,zinc15
[H]N1C(=O)C(=C)OC2=CC(OC)=CC(C(=O)O[C@H]3COC(=O)C[C@@H](C4=CC(O)=C(O[C@]5([H])C6=C(C=C3C=C6)C3=CC=C[C@]53O[C@@H]3OC(C)(C)[C@H]([C@@H](O)[C@H]3O)N(C)C)C(Cl)=C4)[N+]([H])([H])[H])=C12,SAWXMTQYIIZWNU-RGEBLUSTSA-O,CCOC(=O)C1=C(CN(C)CC2=CC=C(O)C(OC)=C2)NC(=O)NC1C1=CC=CC=C1,ENAMINE-REAL : Z1317869659,consensus,0.17985611510791366,enamine-real
[H]N1C(=O)C(=C)OC2=CC(OC)=CC(C(=O)O[C@H]3COC(=O)C[C@@H](C4=CC(O)=C(O[C@]5([H])C6=C(C=C3C=C6)C3=CC=C[C@]53O[C@@H]3OC(C)(C)[C@H]([C@@H](O)[C@H]3O)N(C)C)C(Cl)=C4)[N+]([H])([H])[H])=C12,SAWXMTQYIIZWNU-RGEBLUSTSA-O,C=C(C)[C@@H]1Cc2c(cc(O)c3c2O[C@@H]2COc4cc(OC)c(OC)cc4[C@]2(O)C3=O)O1,ZINC15 : ZINC000014829206,consensus,0.17985611510791366,zinc15
[H]N1C(=O)C(=C)OC2=CC(OC)=CC(C(=O)O[C@H]3COC(=O)C[C@@H](C4=CC(O)=C(O[C@]5([H])C6=C(C=C3C=C6)C3=CC=C[C@]53O[C@@H]3OC(C)(C)[C@H]([C@@H](O)[C@H]3O)N(C)C)C(Cl)=C4)[N+]([H])([H])[H])=C12,SAWXMTQYIIZWNU-RGEBLUSTSA-O,C=C(C)[C@@H]1Cc2c(cc(O)c3c2O[C@@H]2COc4cc(OC)c(OC)cc4[C@@]2(O)C3=O)O1,ZINC15 : ZINC000229771685,consensus,0.17985611510791366,zinc15
[H]N1C(=O)C(=C)OC2=CC(OC)=CC(C(=O)O[C@H]3COC(=O)C[C@@H](C4=CC(O)=C(O[C@]5([H])C6=C(C=C3C=C6)C3=CC=C[C@]53O[C@@H]3OC(C)(C)[C@H]([C@@H](O)[C@H]3O)N(C)C)C(Cl)=C4)[N+]([H])([H])[H])=C12,SAWXMTQYIIZWNU-RGEBLUSTSA-O,C=C(C)[C@@H]1Cc2c(cc(O)c3c2O[C@H]2COc4cc(OC)c(OC)cc4[C@@]2(O)C3=O)O1,ZINC15 : ZINC000229771696,consensus,0.17985611510791366,zinc15
[H]N1C(=O)C(=C)OC2=CC(OC)=CC(C(=O)O[C@H]3COC(=O)C[C@@H](C4=CC(O)=C(O[C@]5([H])C6=C(C=C3C=C6)C3=CC=C[C@]53O[C@@H]3OC(C)(C)[C@H]([C@@H](O)[C@H]3O)N(C)C)C(Cl)=C4)[N+]([H])([H])[H])=C12,SAWXMTQYIIZWNU-RGEBLUSTSA-O,C=C(C)[C@H]1Cc2c(cc(O)c3c2O[C@@H]2COc4cc(OC)c(OC)cc4[C@]2(O)C3=O)O1,ZINC15 : ZINC000014829210,consensus,0.17985611510791366,zinc15
[H]N1C(=O)C(=C)OC2=CC(OC)=CC(C(=O)O[C@H]3COC(=O)C[C@@H](C4=CC(O)=C(O[C@]5([H])C6=C(C=C3C=C6)C3=CC=C[C@]53O[C@@H]3OC(C)(C)[C@H]([C@@H](O)[C@H]3O)N(C)C)C(Cl)=C4)[N+]([H])([H])[H])=C12,SAWXMTQYIIZWNU-RGEBLUSTSA-O,CC1=C(C(=O)OC2CCCC2)[C@H](c2cc3c(cc2Cl)OCO3)C2=C(CC(C)(C)CC2=O)N1,ZINC15 : ZINC000003098414,consensus,0.17985611510791366,zinc15
[H]N1C(=O)C(=C)OC2=CC(OC)=CC(C(=O)O[C@H]3COC(=O)C[C@@H](C4=CC(O)=C(O[C@]5([H])C6=C(C=C3C=C6)C3=CC=C[C@]53O[C@@H]3OC(C)(C)[C@H]([C@@H](O)[C@H]3O)N(C)C)C(Cl)=C4)[N+]([H])([H])[H])=C12,SAWXMTQYIIZWNU-RGEBLUSTSA-O,C=C(C)[C@H]1Cc2c(cc(O)c3c2O[C@H]2COc4cc(OC)c(OC)cc4[C@]2(O)C3=O)O1,ZINC15 : ZINC000014829208,consensus,0.17985611510791366,zinc15
[H]N1C(=O)C(=C)OC2=CC(OC)=CC(C(=O)O[C@H]3COC(=O)C[C@@H](C4=CC(O)=C(O[C@]5([H])C6=C(C=C3C=C6)C3=CC=C[C@]53O[C@@H]3OC(C)(C)[C@H]([C@@H](O)[C@H]3O)N(C)C)C(Cl)=C4)[N+]([H])([H])[H])=C12,SAWXMTQYIIZWNU-RGEBLUSTSA-O,COc1ccc([C@@H]2C(C(=O)OC3CCCCC3)=C(C)NC3=C2C(=O)CC(C)(C)C3)cc1O,ZINC15 : ZINC000000720135,consensus,0.17985611510791366,zinc15
[H]N1C(=O)C(=C)OC2=CC(OC)=CC(C(=O)O[C@H]3COC(=O)C[C@@H](C4=CC(O)=C(O[C@]5([H])C6=C(C=C3C=C6)C3=CC=C[C@]53O[C@@H]3OC(C)(C)[C@H]([C@@H](O)[C@H]3O)N(C)C)C(Cl)=C4)[N+]([H])([H])[H])=C12,SAWXMTQYIIZWNU-RGEBLUSTSA-O,CC1=C(C(=O)OC2CCCC2)[C@@H](c2cc3c(cc2Cl)OCO3)C2=C(CC(C)(C)CC2=O)N1,ZINC15 : ZINC000003098413,consensus,0.17985611510791366,zinc15
[H]N1C(=O)C(=C)OC2=CC(OC)=CC(C(=O)O[C@H]3COC(=O)C[C@@H](C4=CC(O)=C(O[C@]5([H])C6=C(C=C3C=C6)C3=CC=C[C@]53O[C@@H]3OC(C)(C)[C@H]([C@@H](O)[C@H]3O)N(C)C)C(Cl)=C4)[N+]([H])([H])[H])=C12,SAWXMTQYIIZWNU-RGEBLUSTSA-O,COc1ccc2c(c1)c(/C=C1\Oc3c(ccc4c3[C@H](c3ccc(O)cc3)CC(=O)O4)C1=O)cn2C,ZINC15 : ZINC000263584943,consensus,0.1793103448275862,zinc15
[H]N1C(=O)C(=C)OC2=CC(OC)=CC(C(=O)O[C@H]3COC(=O)C[C@@H](C4=CC(O)=C(O[C@]5([H])C6=C(C=C3C=C6)C3=CC=C[C@]53O[C@@H]3OC(C)(C)[C@H]([C@@H](O)[C@H]3O)N(C)C)C(Cl)=C4)[N+]([H])([H])[H])=C12,SAWXMTQYIIZWNU-RGEBLUSTSA-O,COc1ccc2c(c1)c(/C=C1\Oc3c(ccc4c3[C@@H](c3ccc(O)cc3)CC(=O)O4)C1=O)cn2C,ZINC15 : ZINC000263584942,consensus,0.1793103448275862,zinc15
[H]N1C(=O)C(=C)OC2=CC(OC)=CC(C(=O)O[C@H]3COC(=O)C[C@@H](C4=CC(O)=C(O[C@]5([H])C6=C(C=C3C=C6)C3=CC=C[C@]53O[C@@H]3OC(C)(C)[C@H]([C@@H](O)[C@H]3O)N(C)C)C(Cl)=C4)[N+]([H])([H])[H])=C12,SAWXMTQYIIZWNU-RGEBLUSTSA-O,COC1=CC2=C(C(=O)CC2NC(=O)C2=CC=C3NC(N(C)C)=NC3=C2)C(OC)=C1,ENAMINE-REAL : PV-006822647857,consensus,0.17857142857142858,enamine-real
[H]N1C(=O)C(=C)OC2=CC(OC)=CC(C(=O)O[C@H]3COC(=O)C[C@@H](C4=CC(O)=C(O[C@]5([H])C6=C(C=C3C=C6)C3=CC=C[C@]53O[C@@H]3OC(C)(C)[C@H]([C@@H](O)[C@H]3O)N(C)C)C(Cl)=C4)[N+]([H])([H])[H])=C12,SAWXMTQYIIZWNU-RGEBLUSTSA-O,COC1=CC=C2OC=C(C(=O)N(C)CC3(NC(=O)C4=C(O)C(C)=CC=C4)CC3)C2=C1,ENAMINE-REAL : PV-008398323421,consensus,0.17857142857142858,enamine-real
[H]N1C(=O)C(=C)OC2=CC(OC)=CC(C(=O)O[C@H]3COC(=O)C[C@@H](C4=CC(O)=C(O[C@]5([H])C6=C(C=C3C=C6)C3=CC=C[C@]53O[C@@H]3OC(C)(C)[C@H]([C@@H](O)[C@H]3O)N(C)C)C(Cl)=C4)[N+]([H])([H])[H])=C12,SAWXMTQYIIZWNU-RGEBLUSTSA-O,COc1cccc2c1C(=O)c1c(O)c3c(c(O)c1C2=O)C[C@@](O)(C(=O)COC(=O)c1ccccc1)C[C@H]3O[C@H]1C[C@@H]([NH3+])[C@H](O)[C@@H](C)O1,ZINC15 : ZINC000150384255,consensus,0.17834394904458598,zinc15
[H]N1C(=O)C(=C)OC2=CC(OC)=CC(C(=O)O[C@H]3COC(=O)C[C@@H](C4=CC(O)=C(O[C@]5([H])C6=C(C=C3C=C6)C3=CC=C[C@]53O[C@@H]3OC(C)(C)[C@H]([C@@H](O)[C@H]3O)N(C)C)C(Cl)=C4)[N+]([H])([H])[H])=C12,SAWXMTQYIIZWNU-RGEBLUSTSA-O,COc1cccc2c1C(=O)c1c(O)c3c(c(O)c1C2=O)C[C@@](O)(C(=O)COC(=O)c1ccccc1)C[C@H]3O[C@H]1C[C@@H]([NH3+])[C@@H](O)[C@@H](C)O1,ZINC15 : ZINC000150384251,consensus,0.17834394904458598,zinc15
[H]N1C(=O)C(=C)OC2=CC(OC)=CC(C(=O)O[C@H]3COC(=O)C[C@@H](C4=CC(O)=C(O[C@]5([H])C6=C(C=C3C=C6)C3=CC=C[C@]53O[C@@H]3OC(C)(C)[C@H]([C@@H](O)[C@H]3O)N(C)C)C(Cl)=C4)[N+]([H])([H])[H])=C12,SAWXMTQYIIZWNU-RGEBLUSTSA-O,COc1cccc2c1C(=O)c1c(O)c3c(c(O)c1C2=O)C[C@@](O)(C(=O)COC(=O)c1ccccc1)C[C@H]3O[C@H]1C[C@@H]([NH3+])[C@H](O)[C@H](C)O1,ZINC15 : ZINC000150384257,consensus,0.17834394904458598,zinc15
[H]N1C(=O)C(=C)OC2=CC(OC)=CC(C(=O)O[C@H]3COC(=O)C[C@@H](C4=CC(O)=C(O[C@]5([H])C6=C(C=C3C=C6)C3=CC=C[C@]53O[C@@H]3OC(C)(C)[C@H]([C@@H](O)[C@H]3O)N(C)C)C(Cl)=C4)[N+]([H])([H])[H])=C12,SAWXMTQYIIZWNU-RGEBLUSTSA-O,COc1cccc2c1C(=O)c1c(O)c3c(c(O)c1C2=O)C[C@@](O)(C(=O)COC(=O)c1ccccc1)C[C@H]3O[C@H]1C[C@@H]([NH3+])[C@@H](O)[C@H](C)O1,ZINC15 : ZINC000150384253,consensus,0.17834394904458598,zinc15
[H]N1C(=O)C(=C)OC2=CC(OC)=CC(C(=O)O[C@H]3COC(=O)C[C@@H](C4=CC(O)=C(O[C@]5([H])C6=C(C=C3C=C6)C3=CC=C[C@]53O[C@@H]3OC(C)(C)[C@H]([C@@H](O)[C@H]3O)N(C)C)C(Cl)=C4)[N+]([H])([H])[H])=C12,SAWXMTQYIIZWNU-RGEBLUSTSA-O,COC(=O)C1=C(C)NC2=C(C(=O)CCC2)[C@H]1c1ccc(N(C)C)cc1Cl,ZINC15 : ZINC000001030506,consensus,0.17777777777777778,zinc15
[H]N1C(=O)C(=C)OC2=CC(OC)=CC(C(=O)O[C@H]3COC(=O)C[C@@H](C4=CC(O)=C(O[C@]5([H])C6=C(C=C3C=C6)C3=CC=C[C@]53O[C@@H]3OC(C)(C)[C@H]([C@@H](O)[C@H]3O)N(C)C)C(Cl)=C4)[N+]([H])([H])[H])=C12,SAWXMTQYIIZWNU-RGEBLUSTSA-O,COC(=O)C1=C(C)NC2=C(C(=O)CCC2)[C@@H]1c1ccc(N(C)C)cc1Cl,ZINC15 : ZINC000001030505,consensus,0.17777777777777778,zinc15
[H]N1C(=O)C(=C)OC2=CC(OC)=CC(C(=O)O[C@H]3COC(=O)C[C@@H](C4=CC(O)=C(O[C@]5([H])C6=C(C=C3C=C6)C3=CC=C[C@]53O[C@@H]3OC(C)(C)[C@H]([C@@H](O)[C@H]3O)N(C)C)C(Cl)=C4)[N+]([H])([H])[H])=C12,SAWXMTQYIIZWNU-RGEBLUSTSA-O,CC[C@@H](C)OC(=O)C1=C(C)NC2=C(C(=O)C[C@H](c3ccc(OC)cc3)C2)[C@H]1c1cc2c(cc1[N+](=O)[O-])OCO2,ZINC15 : ZINC000000708082,consensus,0.17763157894736842,zinc15
[H]N1C(=O)C(=C)OC2=CC(OC)=CC(C(=O)O[C@H]3COC(=O)C[C@@H](C4=CC(O)=C(O[C@]5([H])C6=C(C=C3C=C6)C3=CC=C[C@]53O[C@@H]3OC(C)(C)[C@H]([C@@H](O)[C@H]3O)N(C)C)C(Cl)=C4)[N+]([H])([H])[H])=C12,SAWXMTQYIIZWNU-RGEBLUSTSA-O,CC[C@H](C)OC(=O)C1=C(C)NC2=C(C(=O)C[C@@H](c3ccc(OC)cc3)C2)[C@H]1c1cc2c(cc1[N+](=O)[O-])OCO2,ZINC15 : ZINC000001024800,consensus,0.17763157894736842,zinc15
[H]N1C(=O)C(=C)OC2=CC(OC)=CC(C(=O)O[C@H]3COC(=O)C[C@@H](C4=CC(O)=C(O[C@]5([H])C6=C(C=C3C=C6)C3=CC=C[C@]53O[C@@H]3OC(C)(C)[C@H]([C@@H](O)[C@H]3O)N(C)C)C(Cl)=C4)[N+]([H])([H])[H])=C12,SAWXMTQYIIZWNU-RGEBLUSTSA-O,COC(=O)[C@H](O)[C@H]1C(C)(C)[C@H](OC(=O)C(C)C)[C@@]2(O)C(=O)[C@]1(C)[C@H]1CC[C@]3(C)[C@@H](CC(=O)O[C@H]3c3ccoc3)[C@]13O[C@@H]32,ZINC15 : ZINC000067911543,consensus,0.17763157894736842,zinc15
[H]N1C(=O)C(=C)OC2=CC(OC)=CC(C(=O)O[C@H]3COC(=O)C[C@@H](C4=CC(O)=C(O[C@]5([H])C6=C(C=C3C=C6)C3=CC=C[C@]53O[C@@H]3OC(C)(C)[C@H]([C@@H](O)[C@H]3O)N(C)C)C(Cl)=C4)[N+]([H])([H])[H])=C12,SAWXMTQYIIZWNU-RGEBLUSTSA-O,CC[C@H](C)OC(=O)C1=C(C)NC2=C(C(=O)C[C@@H](c3ccc(OC)cc3)C2)[C@@H]1c1cc2c(cc1[N+](=O)[O-])OCO2,ZINC15 : ZINC000169616265,consensus,0.17763157894736842,zinc15
[H]N1C(=O)C(=C)OC2=CC(OC)=CC(C(=O)O[C@H]3COC(=O)C[C@@H](C4=CC(O)=C(O[C@]5([H])C6=C(C=C3C=C6)C3=CC=C[C@]53O[C@@H]3OC(C)(C)[C@H]([C@@H](O)[C@H]3O)N(C)C)C(Cl)=C4)[N+]([H])([H])[H])=C12,SAWXMTQYIIZWNU-RGEBLUSTSA-O,CC[C@H](C)OC(=O)C1=C(C)NC2=C(C(=O)C[C@H](c3ccc(OC)cc3)C2)[C@H]1c1cc2c(cc1[N+](=O)[O-])OCO2,ZINC15 : ZINC000059844525,consensus,0.17763157894736842,zinc15
[H]N1C(=O)C(=C)OC2=CC(OC)=CC(C(=O)O[C@H]3COC(=O)C[C@@H](C4=CC(O)=C(O[C@]5([H])C6=C(C=C3C=C6)C3=CC=C[C@]53O[C@@H]3OC(C)(C)[C@H]([C@@H](O)[C@H]3O)N(C)C)C(Cl)=C4)[N+]([H])([H])[H])=C12,SAWXMTQYIIZWNU-RGEBLUSTSA-O,CC[C@@H](C)OC(=O)C1=C(C)NC2=C(C(=O)C[C@H](c3ccc(OC)cc3)C2)[C@@H]1c1cc2c(cc1[N+](=O)[O-])OCO2,ZINC15 : ZINC000059844515,consensus,0.17763157894736842,zinc15
[H]N1C(=O)C(=C)OC2=CC(OC)=CC(C(=O)O[C@H]3COC(=O)C[C@@H](C4=CC(O)=C(O[C@]5([H])C6=C(C=C3C=C6)C3=CC=C[C@]53O[C@@H]3OC(C)(C)[C@H]([C@@H](O)[C@H]3O)N(C)C)C(Cl)=C4)[N+]([H])([H])[H])=C12,SAWXMTQYIIZWNU-RGEBLUSTSA-O,CC[C@H](C)OC(=O)C1=C(C)NC2=C(C(=O)C[C@H](c3ccc(OC)cc3)C2)[C@@H]1c1cc2c(cc1[N+](=O)[O-])OCO2,ZINC15 : ZINC000059844522,consensus,0.17763157894736842,zinc15
[H]N1C(=O)C(=C)OC2=CC(OC)=CC(C(=O)O[C@H]3COC(=O)C[C@@H](C4=CC(O)=C(O[C@]5([H])C6=C(C=C3C=C6)C3=CC=C[C@]53O[C@@H]3OC(C)(C)[C@H]([C@@H](O)[C@H]3O)N(C)C)C(Cl)=C4)[N+]([H])([H])[H])=C12,SAWXMTQYIIZWNU-RGEBLUSTSA-O,COC(=O)[C@H](O)[C@H]1C(C)(C)[C@H](OC(=O)C(C)C)[C@@]2(O)C(=O)[C@]1(C)[C@@H]1CC[C@]3(C)[C@@H](CC(=O)O[C@H]3c3ccoc3)[C@]13O[C@@H]32,ZINC15 : ZINC000067911539,consensus,0.17763157894736842,zinc15
[H]N1C(=O)C(=C)OC2=CC(OC)=CC(C(=O)O[C@H]3COC(=O)C[C@@H](C4=CC(O)=C(O[C@]5([H])C6=C(C=C3C=C6)C3=CC=C[C@]53O[C@@H]3OC(C)(C)[C@H]([C@@H](O)[C@H]3O)N(C)C)C(Cl)=C4)[N+]([H])([H])[H])=C12,SAWXMTQYIIZWNU-RGEBLUSTSA-O,COc1ccc([C@H]2CC(=O)Oc3cc4c(c(O)c32)C(=O)O[C@H](C)CCCC(=O)CCC/C=C/4)c(OC)c1,ZINC15 : ZINC000079193412,consensus,0.17687074829931973,zinc15
[H]N1C(=O)C(=C)OC2=CC(OC)=CC(C(=O)O[C@H]3COC(=O)C[C@@H](C4=CC(O)=C(O[C@]5([H])C6=C(C=C3C=C6)C3=CC=C[C@]53O[C@@H]3OC(C)(C)[C@H]([C@@H](O)[C@H]3O)N(C)C)C(Cl)=C4)[N+]([H])([H])[H])=C12,SAWXMTQYIIZWNU-RGEBLUSTSA-O,COc1ccc([C@@H]2CC(=O)Oc3cc4c(c(O)c32)C(=O)O[C@H](C)CCCC(=O)CCC/C=C/4)c(OC)c1,ZINC15 : ZINC000079193396,consensus,0.17687074829931973,zinc15
[H]N1C(=O)C(=C)OC2=CC(OC)=CC(C(=O)O[C@H]3COC(=O)C[C@@H](C4=CC(O)=C(O[C@]5([H])C6=C(C=C3C=C6)C3=CC=C[C@]53O[C@@H]3OC(C)(C)[C@H]([C@@H](O)[C@H]3O)N(C)C)C(Cl)=C4)[N+]([H])([H])[H])=C12,SAWXMTQYIIZWNU-RGEBLUSTSA-O,COc1ccc([C@@H]2CC(=O)Oc3cc4c(c(O)c32)C(=O)O[C@@H](C)CCCC(=O)CCC/C=C/4)c(OC)c1,ZINC15 : ZINC000079193402,consensus,0.17687074829931973,zinc15
[H]N1C(=O)C(=C)OC2=CC(OC)=CC(C(=O)O[C@H]3COC(=O)C[C@@H](C4=CC(O)=C(O[C@]5([H])C6=C(C=C3C=C6)C3=CC=C[C@]53O[C@@H]3OC(C)(C)[C@H]([C@@H](O)[C@H]3O)N(C)C)C(Cl)=C4)[N+]([H])([H])[H])=C12,SAWXMTQYIIZWNU-RGEBLUSTSA-O,COc1ccc([C@H]2CC(=O)Oc3cc4c(c(O)c32)C(=O)O[C@@H](C)CCCC(=O)CCC/C=C/4)c(OC)c1,ZINC15 : ZINC000079193415,consensus,0.17687074829931973,zinc15
[H]N1C(=O)C(=C)OC2=CC(OC)=CC(C(=O)O[C@H]3COC(=O)C[C@@H](C4=CC(O)=C(O[C@]5([H])C6=C(C=C3C=C6)C3=CC=C[C@]53O[C@@H]3OC(C)(C)[C@H]([C@@H](O)[C@H]3O)N(C)C)C(Cl)=C4)[N+]([H])([H])[H])=C12,SAWXMTQYIIZWNU-RGEBLUSTSA-O,COc1cccc2c1C(=O)c1c(O)c3c(c(O)c1C2=O)C[C@@](O)(C(=O)CO)C[C@H]3O[C@H]1C[C@@H](N(C)C)[C@H](O)[C@H](C)O1,ZINC15 : ZINC000066123022,consensus,0.17647058823529413,zinc15
[H]N1C(=O)C(=C)OC2=CC(OC)=CC(C(=O)O[C@H]3COC(=O)C[C@@H](C4=CC(O)=C(O[C@]5([H])C6=C(C=C3C=C6)C3=CC=C[C@]53O[C@@H]3OC(C)(C)[C@H]([C@@H](O)[C@H]3O)N(C)C)C(Cl)=C4)[N+]([H])([H])[H])=C12,SAWXMTQYIIZWNU-RGEBLUSTSA-O,COc1cccc2c1C(=O)c1c(O)c3c(c(O)c1C2=O)C[C@@](O)(C(=O)CO)C[C@H]3O[C@H]1C[C@@H](N(C)C)[C@H](O)[C@@H](C)O1,ZINC15 : ZINC000066123020,consensus,0.17647058823529413,zinc15
[H]N1C(=O)C(=C)OC2=CC(OC)=CC(C(=O)O[C@H]3COC(=O)C[C@@H](C4=CC(O)=C(O[C@]5([H])C6=C(C=C3C=C6)C3=CC=C[C@]53O[C@@H]3OC(C)(C)[C@H]([C@@H](O)[C@H]3O)N(C)C)C(Cl)=C4)[N+]([H])([H])[H])=C12,SAWXMTQYIIZWNU-RGEBLUSTSA-O,COc1cccc2c1C(=O)c1c(O)c3c(c(O)c1C2=O)C[C@@](O)(C(=O)CO)C[C@H]3O[C@H]1C[C@@H](N(C)C)[C@@H](O)[C@@H](C)O1,ZINC15 : ZINC000066123016,consensus,0.17647058823529413,zinc15
[H]N1C(=O)C(=C)OC2=CC(OC)=CC(C(=O)O[C@H]3COC(=O)C[C@@H](C4=CC(O)=C(O[C@]5([H])C6=C(C=C3C=C6)C3=CC=C[C@]53O[C@@H]3OC(C)(C)[C@H]([C@@H](O)[C@H]3O)N(C)C)C(Cl)=C4)[N+]([H])([H])[H])=C12,SAWXMTQYIIZWNU-RGEBLUSTSA-O,COc1cccc2c1C(=O)c1c(O)c3c(c(O)c1C2=O)C[C@@](O)(C(=O)CO)C[C@H]3O[C@H]1C[C@@H](N(C)C)[C@@H](O)[C@H](C)O1,ZINC15 : ZINC000066123018,consensus,0.17647058823529413,zinc15
[H]N1C(=O)C(=C)OC2=CC(OC)=CC(C(=O)O[C@H]3COC(=O)C[C@@H](C4=CC(O)=C(O[C@]5([H])C6=C(C=C3C=C6)C3=CC=C[C@]53O[C@@H]3OC(C)(C)[C@H]([C@@H](O)[C@H]3O)N(C)C)C(Cl)=C4)[N+]([H])([H])[H])=C12,SAWXMTQYIIZWNU-RGEBLUSTSA-O,CC1(C)O[C@H]2CC(=O)OC[C@@]23[C@@H]1CC(=O)[C@]1(C)[C@H]3CC[C@@](C)([C@@H](O[C@H]2O[C@@H](CO)[C@H](O)[C@@H](O)[C@@H]2O)c2ccoc2)[C@@]12O[C@@H]2C(=O)[O-],ZINC15 : ZINC000514287712,consensus,0.1761006289308176,zinc15
[H]N1C(=O)C(=C)OC2=CC(OC)=CC(C(=O)O[C@H]3COC(=O)C[C@@H](C4=CC(O)=C(O[C@]5([H])C6=C(C=C3C=C6)C3=CC=C[C@]53O[C@@H]3OC(C)(C)[C@H]([C@@H](O)[C@H]3O)N(C)C)C(Cl)=C4)[N+]([H])([H])[H])=C12,SAWXMTQYIIZWNU-RGEBLUSTSA-O,CC1(C)O[C@H]2CC(=O)OC[C@@]23[C@H]1CC(=O)[C@]1(C)[C@H]3CC[C@@](C)([C@@H](O[C@H]2O[C@@H](CO)[C@H](O)[C@@H](O)[C@@H]2O)c2ccoc2)[C@@]12O[C@@H]2C(=O)[O-],ZINC15 : ZINC000514287713,consensus,0.1761006289308176,zinc15
[H]N1C(=O)C(=C)OC2=CC(OC)=CC(C(=O)O[C@H]3COC(=O)C[C@@H](C4=CC(O)=C(O[C@]5([H])C6=C(C=C3C=C6)C3=CC=C[C@]53O[C@@H]3OC(C)(C)[C@H]([C@@H](O)[C@H]3O)N(C)C)C(Cl)=C4)[N+]([H])([H])[H])=C12,SAWXMTQYIIZWNU-RGEBLUSTSA-O,CC1(C)O[C@H]2CC(=O)OC[C@@]23[C@H]1CC(=O)[C@]1(C)[C@@H]3CC[C@@](C)([C@@H](O[C@@H]2O[C@H](CO)[C@@H](O)[C@H](O)[C@H]2O)c2ccoc2)[C@@]12O[C@@H]2C(=O)[O-],ZINC15 : ZINC000087493118,consensus,0.1761006289308176,zinc15
[H]N1C(=O)C(=C)OC2=CC(OC)=CC(C(=O)O[C@H]3COC(=O)C[C@@H](C4=CC(O)=C(O[C@]5([H])C6=C(C=C3C=C6)C3=CC=C[C@]53O[C@@H]3OC(C)(C)[C@H]([C@@H](O)[C@H]3O)N(C)C)C(Cl)=C4)[N+]([H])([H])[H])=C12,SAWXMTQYIIZWNU-RGEBLUSTSA-O,CC1(C)O[C@H]2CC(=O)OC[C@@]23[C@@H]1CC(=O)[C@]1(C)[C@@H]3CC[C@@](C)([C@@H](O[C@H]2O[C@@H](CO)[C@H](O)[C@@H](O)[C@@H]2O)c2ccoc2)[C@@]12O[C@@H]2C(=O)[O-],ZINC15 : ZINC000514287714,consensus,0.1761006289308176,zinc15
[H]N1C(=O)C(=C)OC2=CC(OC)=CC(C(=O)O[C@H]3COC(=O)C[C@@H](C4=CC(O)=C(O[C@]5([H])C6=C(C=C3C=C6)C3=CC=C[C@]53O[C@@H]3OC(C)(C)[C@H]([C@@H](O)[C@H]3O)N(C)C)C(Cl)=C4)[N+]([H])([H])[H])=C12,SAWXMTQYIIZWNU-RGEBLUSTSA-O,CC1(C)O[C@H]2CC(=O)OC[C@@]23[C@H]1CC(=O)[C@]1(C)[C@@H]3CC[C@@](C)([C@@H](O[C@H]2O[C@@H](CO)[C@H](O)[C@@H](O)[C@@H]2O)c2ccoc2)[C@@]12O[C@@H]2C(=O)[O-],ZINC15 : ZINC000514287711,consensus,0.1761006289308176,zinc15
[H]N1C(=O)C(=C)OC2=CC(OC)=CC(C(=O)O[C@H]3COC(=O)C[C@@H](C4=CC(O)=C(O[C@]5([H])C6=C(C=C3C=C6)C3=CC=C[C@]53O[C@@H]3OC(C)(C)[C@H]([C@@H](O)[C@H]3O)N(C)C)C(Cl)=C4)[N+]([H])([H])[H])=C12,SAWXMTQYIIZWNU-RGEBLUSTSA-O,COC1=CC=C2C(=C1)CCC2C(=O)NC1CC(N(C)C(=O)C2=C(O)C(C)=CN=C2)C1,ENAMINE-REAL : PV-008812833010,consensus,0.176056338028169,enamine-real
[H]N1C(=O)C(=C)OC2=CC(OC)=CC(C(=O)O[C@H]3COC(=O)C[C@@H](C4=CC(O)=C(O[C@]5([H])C6=C(C=C3C=C6)C3=CC=C[C@]53O[C@@H]3OC(C)(C)[C@H]([C@@H](O)[C@H]3O)N(C)C)C(Cl)=C4)[N+]([H])([H])[H])=C12,SAWXMTQYIIZWNU-RGEBLUSTSA-O,C=C(C)COc1ccc([C@@H]2CC(=O)Oc3cc4c(c(O)c32)C(=O)O[C@H](C)CCCC(=O)CCC/C=C/4)cc1OC,ZINC15 : ZINC000079192549,consensus,0.17532467532467533,zinc15
[H]N1C(=O)C(=C)OC2=CC(OC)=CC(C(=O)O[C@H]3COC(=O)C[C@@H](C4=CC(O)=C(O[C@]5([H])C6=C(C=C3C=C6)C3=CC=C[C@]53O[C@@H]3OC(C)(C)[C@H]([C@@H](O)[C@H]3O)N(C)C)C(Cl)=C4)[N+]([H])([H])[H])=C12,SAWXMTQYIIZWNU-RGEBLUSTSA-O,C=C(C)COc1ccc([C@H]2CC(=O)Oc3cc4c(c(O)c32)C(=O)O[C@H](C)CCCC(=O)CCC/C=C/4)cc1OC,ZINC15 : ZINC000079192561,consensus,0.17532467532467533,zinc15
[H]N1C(=O)C(=C)OC2=CC(OC)=CC(C(=O)O[C@H]3COC(=O)C[C@@H](C4=CC(O)=C(O[C@]5([H])C6=C(C=C3C=C6)C3=CC=C[C@]53O[C@@H]3OC(C)(C)[C@H]([C@@H](O)[C@H]3O)N(C)C)C(Cl)=C4)[N+]([H])([H])[H])=C12,SAWXMTQYIIZWNU-RGEBLUSTSA-O,C=C(C)COc1ccc([C@@H]2CC(=O)Oc3cc4c(c(O)c32)C(=O)O[C@@H](C)CCCC(=O)CCC/C=C/4)cc1OC,ZINC15 : ZINC000079192552,consensus,0.17532467532467533,zinc15
[H]N1C(=O)C(=C)OC2=CC(OC)=CC(C(=O)O[C@H]3COC(=O)C[C@@H](C4=CC(O)=C(O[C@]5([H])C6=C(C=C3C=C6)C3=CC=C[C@]53O[C@@H]3OC(C)(C)[C@H]([C@@H](O)[C@H]3O)N(C)C)C(Cl)=C4)[N+]([H])([H])[H])=C12,SAWXMTQYIIZWNU-RGEBLUSTSA-O,C=C(C)COc1ccc([C@H]2CC(=O)Oc3cc4c(c(O)c32)C(=O)O[C@@H](C)CCCC(=O)CCC/C=C/4)cc1OC,ZINC15 : ZINC000079192569,consensus,0.17532467532467533,zinc15
[H]N1C(=O)C(=C)OC2=CC(OC)=CC(C(=O)O[C@H]3COC(=O)C[C@@H](C4=CC(O)=C(O[C@]5([H])C6=C(C=C3C=C6)C3=CC=C[C@]53O[C@@H]3OC(C)(C)[C@H]([C@@H](O)[C@H]3O)N(C)C)C(Cl)=C4)[N+]([H])([H])[H])=C12,SAWXMTQYIIZWNU-RGEBLUSTSA-O,COC1=CC=CC([C@H]2C[C@H](N(C)C(=O)C3=CC(O)=C4OC(C)=NC4=C3)C2)=C1,ENAMINE-REAL : Z6243404075,consensus,0.17518248175182483,enamine-real
[H]N1C(=O)C(=C)OC2=CC(OC)=CC(C(=O)O[C@H]3COC(=O)C[C@@H](C4=CC(O)=C(O[C@]5([H])C6=C(C=C3C=C6)C3=CC=C[C@]53O[C@@H]3OC(C)(C)[C@H]([C@@H](O)[C@H]3O)N(C)C)C(Cl)=C4)[N+]([H])([H])[H])=C12,SAWXMTQYIIZWNU-RGEBLUSTSA-O,COc1cccc2c1C(=O)c1c(O)c3c(c(O)c1C2=O)C[C@@](O)(C(=O)COC(C)=O)C[C@H]3O[C@H]1C[C@@H]([NH3+])[C@H](O)[C@@H](C)O1,ZINC15 : ZINC000104135445,consensus,0.17419354838709677,zinc15
[H]N1C(=O)C(=C)OC2=CC(OC)=CC(C(=O)O[C@H]3COC(=O)C[C@@H](C4=CC(O)=C(O[C@]5([H])C6=C(C=C3C=C6)C3=CC=C[C@]53O[C@@H]3OC(C)(C)[C@H]([C@@H](O)[C@H]3O)N(C)C)C(Cl)=C4)[N+]([H])([H])[H])=C12,SAWXMTQYIIZWNU-RGEBLUSTSA-O,COc1cccc2c1C(=O)c1c(O)c3c(c(O)c1C2=O)C[C@@](O)(C(=O)COC(C)=O)C[C@H]3O[C@H]1C[C@@H]([NH3+])[C@@H](O)[C@@H](C)O1,ZINC15 : ZINC000104135437,consensus,0.17419354838709677,zinc15
[H]N1C(=O)C(=C)OC2=CC(OC)=CC(C(=O)O[C@H]3COC(=O)C[C@@H](C4=CC(O)=C(O[C@]5([H])C6=C(C=C3C=C6)C3=CC=C[C@]53O[C@@H]3OC(C)(C)[C@H]([C@@H](O)[C@H]3O)N(C)C)C(Cl)=C4)[N+]([H])([H])[H])=C12,SAWXMTQYIIZWNU-RGEBLUSTSA-O,COc1cccc2c1C(=O)c1c(O)c3c(c(O)c1C2=O)C[C@@](O)(C(=O)COC(C)=O)C[C@H]3O[C@H]1C[C@@H]([NH3+])[C@H](O)[C@H](C)O1,ZINC15 : ZINC000104135446,consensus,0.17419354838709677,zinc15
[H]N1C(=O)C(=C)OC2=CC(OC)=CC(C(=O)O[C@H]3COC(=O)C[C@@H](C4=CC(O)=C(O[C@]5([H])C6=C(C=C3C=C6)C3=CC=C[C@]53O[C@@H]3OC(C)(C)[C@H]([C@@H](O)[C@H]3O)N(C)C)C(Cl)=C4)[N+]([H])([H])[H])=C12,SAWXMTQYIIZWNU-RGEBLUSTSA-O,COc1cccc2c1C(=O)c1c(O)c3c(c(O)c1C2=O)C[C@@](O)(C(=O)COC(C)=O)C[C@H]3O[C@H]1C[C@@H]([NH3+])[C@@H](O)[C@H](C)O1,ZINC15 : ZINC000104135441,consensus,0.17419354838709677,zinc15
[H]N1C(=O)C(=C)OC2=CC(OC)=CC(C(=O)O[C@H]3COC(=O)C[C@@H](C4=CC(O)=C(O[C@]5([H])C6=C(C=C3C=C6)C3=CC=C[C@]53O[C@@H]3OC(C)(C)[C@H]([C@@H](O)[C@H]3O)N(C)C)C(Cl)=C4)[N+]([H])([H])[H])=C12,SAWXMTQYIIZWNU-RGEBLUSTSA-O,COC1=CC(C(=O)N(C)[C@H]2C3=CC=CC=C3C[C@H]2O)=C2NC(=O)COC2=C1,ENAMINE-REAL : Z5597773819,morgan,0.2755905511811024,enamine-real
[H]N1C(=O)C(=C)OC2=CC(OC)=CC(C(=O)O[C@H]3COC(=O)C[C@@H](C4=CC(O)=C(O[C@]5([H])C6=C(C=C3C=C6)C3=CC=C[C@]53O[C@@H]3OC(C)(C)[C@H]([C@@H](O)[C@H]3O)N(C)C)C(Cl)=C4)[N+]([H])([H])[H])=C12,SAWXMTQYIIZWNU-RGEBLUSTSA-O,COC1=CC(C(=O)N(C)[C@@H]2C3=CC=CC=C3C[C@@H]2O)=C2NC(=O)COC2=C1,ENAMINE-REAL : Z5600023151,morgan,0.2755905511811024,enamine-real
[H]N1C(=O)C(=C)OC2=CC(OC)=CC(C(=O)O[C@H]3COC(=O)C[C@@H](C4=CC(O)=C(O[C@]5([H])C6=C(C=C3C=C6)C3=CC=C[C@]53O[C@@H]3OC(C)(C)[C@H]([C@@H](O)[C@H]3O)N(C)C)C(Cl)=C4)[N+]([H])([H])[H])=C12,SAWXMTQYIIZWNU-RGEBLUSTSA-O,COc1ccc([C@@H]2CC(=O)C3=C(C2)NC(C)=C(C(=O)OC(C)C)[C@@H]3c2cc3c(cc2Cl)OCO3)cc1,ZINC15 : ZINC000019830831,morgan,0.2127659574468085,zinc15
[H]N1C(=O)C(=C)OC2=CC(OC)=CC(C(=O)O[C@H]3COC(=O)C[C@@H](C4=CC(O)=C(O[C@]5([H])C6=C(C=C3C=C6)C3=CC=C[C@]53O[C@@H]3OC(C)(C)[C@H]([C@@H](O)[C@H]3O)N(C)C)C(Cl)=C4)[N+]([H])([H])[H])=C12,SAWXMTQYIIZWNU-RGEBLUSTSA-O,COc1ccc([C@H]2CC(=O)C3=C(C2)NC(C)=C(C(=O)OC(C)C)[C@@H]3c2cc3c(cc2Cl)OCO3)cc1,ZINC15 : ZINC000019830832,morgan,0.2127659574468085,zinc15
[H]N1C(=O)C(=C)OC2=CC(OC)=CC(C(=O)O[C@H]3COC(=O)C[C@@H](C4=CC(O)=C(O[C@]5([H])C6=C(C=C3C=C6)C3=CC=C[C@]53O[C@@H]3OC(C)(C)[C@H]([C@@H](O)[C@H]3O)N(C)C)C(Cl)=C4)[N+]([H])([H])[H])=C12,SAWXMTQYIIZWNU-RGEBLUSTSA-O,COc1ccc([C@H]2CC(=O)C3=C(C2)NC(C)=C(C(=O)OC(C)C)[C@H]3c2cc3c(cc2Cl)OCO3)cc1,ZINC15 : ZINC000019830834,morgan,0.2127659574468085,zinc15
[H]N1C(=O)C(=C)OC2=CC(OC)=CC(C(=O)O[C@H]3COC(=O)C[C@@H](C4=CC(O)=C(O[C@]5([H])C6=C(C=C3C=C6)C3=CC=C[C@]53O[C@@H]3OC(C)(C)[C@H]([C@@H](O)[C@H]3O)N(C)C)C(Cl)=C4)[N+]([H])([H])[H])=C12,SAWXMTQYIIZWNU-RGEBLUSTSA-O,COc1ccc([C@@H]2CC(=O)C3=C(C2)NC(C)=C(C(=O)OC(C)C)[C@H]3c2cc3c(cc2Cl)OCO3)cc1,ZINC15 : ZINC000019830833,morgan,0.2127659574468085,zinc15
[H]N1C(=O)C(=C)OC2=CC(OC)=CC(C(=O)O[C@H]3COC(=O)C[C@@H](C4=CC(O)=C(O[C@]5([H])C6=C(C=C3C=C6)C3=CC=C[C@]53O[C@@H]3OC(C)(C)[C@H]([C@@H](O)[C@H]3O)N(C)C)C(Cl)=C4)[N+]([H])([H])[H])=C12,SAWXMTQYIIZWNU-RGEBLUSTSA-O,COc1ccc([C@H]2CC(=O)C3=C(C2)NC(C)=C(C(=O)OCC(C)C)[C@H]3c2cc3c(cc2Cl)OCO3)cc1,ZINC15 : ZINC000000708074,morgan,0.20833333333333334,zinc15
[H]N1C(=O)C(=C)OC2=CC(OC)=CC(C(=O)O[C@H]3COC(=O)C[C@@H](C4=CC(O)=C(O[C@]5([H])C6=C(C=C3C=C6)C3=CC=C[C@]53O[C@@H]3OC(C)(C)[C@H]([C@@H](O)[C@H]3O)N(C)C)C(Cl)=C4)[N+]([H])([H])[H])=C12,SAWXMTQYIIZWNU-RGEBLUSTSA-O,COc1ccc([C@H]2CC(=O)C3=C(C2)NC(C)=C(C(=O)OCC(C)C)[C@@H]3c2cc3c(cc2Cl)OCO3)cc1,ZINC15 : ZINC000000708075,morgan,0.20833333333333334,zinc15
[H]N1C(=O)C(=C)OC2=CC(OC)=CC(C(=O)O[C@H]3COC(=O)C[C@@H](C4=CC(O)=C(O[C@]5([H])C6=C(C=C3C=C6)C3=CC=C[C@]53O[C@@H]3OC(C)(C)[C@H]([C@@H](O)[C@H]3O)N(C)C)C(Cl)=C4)[N+]([H])([H])[H])=C12,SAWXMTQYIIZWNU-RGEBLUSTSA-O,COc1ccc([C@@H]2CC(=O)C3=C(C2)NC(C)=C(C(=O)OCC(C)C)[C@H]3c2cc3c(cc2Cl)OCO3)cc1,ZINC15 : ZINC000000708076,morgan,0.20833333333333334,zinc15
[H]N1C(=O)C(=C)OC2=CC(OC)=CC(C(=O)O[C@H]3COC(=O)C[C@@H](C4=CC(O)=C(O[C@]5([H])C6=C(C=C3C=C6)C3=CC=C[C@]53O[C@@H]3OC(C)(C)[C@H]([C@@H](O)[C@H]3O)N(C)C)C(Cl)=C4)[N+]([H])([H])[H])=C12,SAWXMTQYIIZWNU-RGEBLUSTSA-O,COc1ccc([C@@H]2CC(=O)C3=C(C2)NC(C)=C(C(=O)OCC(C)C)[C@@H]3c2cc3c(cc2Cl)OCO3)cc1,ZINC15 : ZINC000000708077,morgan,0.20833333333333334,zinc15
[H]N1C(=O)C(=C)OC2=CC(OC)=CC(C(=O)O[C@H]3COC(=O)C[C@@H](C4=CC(O)=C(O[C@]5([H])C6=C(C=C3C=C6)C3=CC=C[C@]53O[C@@H]3OC(C)(C)[C@H]([C@@H](O)[C@H]3O)N(C)C)C(Cl)=C4)[N+]([H])([H])[H])=C12,SAWXMTQYIIZWNU-RGEBLUSTSA-O,COC1=CC=CC([C@H]2C[C@H](N(C)C(=O)NC(C)C3=CC=C4OCC(=O)NC4=C3)C2)=C1,ENAMINE-REAL : PV-002147506380,morgan,0.19858156028368795,enamine-real
[H]N1C(=O)C(=C)OC2=CC(OC)=CC(C(=O)O[C@H]3COC(=O)C[C@@H](C4=CC(O)=C(O[C@]5([H])C6=C(C=C3C=C6)C3=CC=C[C@]53O[C@@H]3OC(C)(C)[C@H]([C@@H](O)[C@H]3O)N(C)C)C(Cl)=C4)[N+]([H])([H])[H])=C12,SAWXMTQYIIZWNU-RGEBLUSTSA-O,COC1=CC=C2NN=C(C(=O)N(C)C3C4=C(CC3O)C(Cl)=CC(Cl)=C4)C2=C1,ENAMINE-REAL : PV-002595720200,morgan,0.19852941176470587,enamine-real
[H]N1C(=O)C(=C)OC2=CC(OC)=CC(C(=O)O[C@H]3COC(=O)C[C@@H](C4=CC(O)=C(O[C@]5([H])C6=C(C=C3C=C6)C3=CC=C[C@]53O[C@@H]3OC(C)(C)[C@H]([C@@H](O)[C@H]3O)N(C)C)C(Cl)=C4)[N+]([H])([H])[H])=C12,SAWXMTQYIIZWNU-RGEBLUSTSA-O,COc1ccc([C@@H]2CC(=O)C3=C(C2)NC(C)=C(C(=O)OC(C)C)[C@@H]3c2cc3c(cc2Br)OCO3)cc1,ZINC15 : ZINC000059844553,morgan,0.1875,zinc15
[H]N1C(=O)C(=C)OC2=CC(OC)=CC(C(=O)O[C@H]3COC(=O)C[C@@H](C4=CC(O)=C(O[C@]5([H])C6=C(C=C3C=C6)C3=CC=C[C@]53O[C@@H]3OC(C)(C)[C@H]([C@@H](O)[C@H]3O)N(C)C)C(Cl)=C4)[N+]([H])([H])[H])=C12,SAWXMTQYIIZWNU-RGEBLUSTSA-O,COc1ccc([C@H]2CC(=O)C3=C(C2)NC(C)=C(C(=O)OC(C)C)[C@@H]3c2cc3c(cc2Br)OCO3)cc1,ZINC15 : ZINC000059844555,morgan,0.1875,zinc15
[H]N1C(=O)C(=C)OC2=CC(OC)=CC(C(=O)O[C@H]3COC(=O)C[C@@H](C4=CC(O)=C(O[C@]5([H])C6=C(C=C3C=C6)C3=CC=C[C@]53O[C@@H]3OC(C)(C)[C@H]([C@@H](O)[C@H]3O)N(C)C)C(Cl)=C4)[N+]([H])([H])[H])=C12,SAWXMTQYIIZWNU-RGEBLUSTSA-O,COc1ccc([C@@H]2CC(=O)C3=C(C2)NC(C)=C(C(=O)OC(C)C)[C@H]3c2cc3c(cc2Br)OCO3)cc1,ZINC15 : ZINC000059844554,morgan,0.1875,zinc15
[H]N1C(=O)C(=C)OC2=CC(OC)=CC(C(=O)O[C@H]3COC(=O)C[C@@H](C4=CC(O)=C(O[C@]5([H])C6=C(C=C3C=C6)C3=CC=C[C@]53O[C@@H]3OC(C)(C)[C@H]([C@@H](O)[C@H]3O)N(C)C)C(Cl)=C4)[N+]([H])([H])[H])=C12,SAWXMTQYIIZWNU-RGEBLUSTSA-O,COc1ccc([C@H]2CC(=O)C3=C(C2)NC(C)=C(C(=O)OC(C)C)[C@H]3c2cc3c(cc2Br)OCO3)cc1,ZINC15 : ZINC000059844558,morgan,0.1875,zinc15
[H]N1C(=O)C(=C)OC2=CC(OC)=CC(C(=O)O[C@H]3COC(=O)C[C@@H](C4=CC(O)=C(O[C@]5([H])C6=C(C=C3C=C6)C3=CC=C[C@]53O[C@@H]3OC(C)(C)[C@H]([C@@H](O)[C@H]3O)N(C)C)C(Cl)=C4)[N+]([H])([H])[H])=C12,SAWXMTQYIIZWNU-RGEBLUSTSA-O,COC1=CC=C2C(C(=O)N(C)[C@H]3C4=CC=CC=C4C[C@H]3O)=CC(=O)NC2=C1,ENAMINE-REAL : PV-006982118026,morgan,0.18518518518518517,enamine-real
[H]N1C(=O)C(=C)OC2=CC(OC)=CC(C(=O)O[C@H]3COC(=O)C[C@@H](C4=CC(O)=C(O[C@]5([H])C6=C(C=C3C=C6)C3=CC=C[C@]53O[C@@H]3OC(C)(C)[C@H]([C@@H](O)[C@H]3O)N(C)C)C(Cl)=C4)[N+]([H])([H])[H])=C12,SAWXMTQYIIZWNU-RGEBLUSTSA-O,COC1=CC=C2C(C(=O)N(C)[C@@H]3C4=CC=CC=C4C[C@@H]3O)=CC(=O)NC2=C1,ENAMINE-REAL : PV-006982118024,morgan,0.18518518518518517,enamine-real
[H]N1C(=O)C(=C)OC2=CC(OC)=CC(C(=O)O[C@H]3COC(=O)C[C@@H](C4=CC(O)=C(O[C@]5([H])C6=C(C=C3C=C6)C3=CC=C[C@]53O[C@@H]3OC(C)(C)[C@H]([C@@H](O)[C@H]3O)N(C)C)C(Cl)=C4)[N+]([H])([H])[H])=C12,SAWXMTQYIIZWNU-RGEBLUSTSA-O,COc1cccc2c1C(=O)c1c(O)c3c(c(O)c1C2=O)C[C@@H](C(=O)CO)C[C@@H]3O[C@H]1C[C@H]([NH3+])[C@H](O)[C@H](C)O1,ZINC15 : ZINC000095749712,morgan,0.18243243243243243,zinc15
[H]N1C(=O)C(=C)OC2=CC(OC)=CC(C(=O)O[C@H]3COC(=O)C[C@@H](C4=CC(O)=C(O[C@]5([H])C6=C(C=C3C=C6)C3=CC=C[C@]53O[C@@H]3OC(C)(C)[C@H]([C@@H](O)[C@H]3O)N(C)C)C(Cl)=C4)[N+]([H])([H])[H])=C12,SAWXMTQYIIZWNU-RGEBLUSTSA-O,COc1cccc2c1C(=O)c1c(O)c3c(c(O)c1C2=O)C[C@H](C(=O)CO)C[C@@H]3O[C@H]1C[C@H]([NH3+])[C@H](O)[C@H](C)O1,ZINC15 : ZINC000100504461,morgan,0.18243243243243243,zinc15
[H]N1C(=O)C(=C)OC2=CC(OC)=CC(C(=O)O[C@H]3COC(=O)C[C@@H](C4=CC(O)=C(O[C@]5([H])C6=C(C=C3C=C6)C3=CC=C[C@]53O[C@@H]3OC(C)(C)[C@H]([C@@H](O)[C@H]3O)N(C)C)C(Cl)=C4)[N+]([H])([H])[H])=C12,SAWXMTQYIIZWNU-RGEBLUSTSA-O,COc1ccc([C@@H]2C(C(=O)OC3CCCC3)=C(C)NC3=C2C(=O)CC(C)(C)C3)cc1O,ZINC15 : ZINC000001213390,morgan,0.18115942028985507,zinc15
[H]N1C(=O)C(=C)OC2=CC(OC)=CC(C(=O)O[C@H]3COC(=O)C[C@@H](C4=CC(O)=C(O[C@]5([H])C6=C(C=C3C=C6)C3=CC=C[C@]53O[C@@H]3OC(C)(C)[C@H]([C@@H](O)[C@H]3O)N(C)C)C(Cl)=C4)[N+]([H])([H])[H])=C12,SAWXMTQYIIZWNU-RGEBLUSTSA-O,COc1ccc([C@H]2C(C(=O)OC3CCCC3)=C(C)NC3=C2C(=O)CC(C)(C)C3)cc1O,ZINC15 : ZINC000019972782,morgan,0.18115942028985507,zinc15
[H]N1C(=O)C(=C)OC2=CC(OC)=CC(C(=O)O[C@H]3COC(=O)C[C@@H](C4=CC(O)=C(O[C@]5([H])C6=C(C=C3C=C6)C3=CC=C[C@]53O[C@@H]3OC(C)(C)[C@H]([C@@H](O)[C@H]3O)N(C)C)C(Cl)=C4)[N+]([H])([H])[H])=C12,SAWXMTQYIIZWNU-RGEBLUSTSA-O,COc1ccc([C@H]2CC(=O)Oc3cc4c(c(O)c32)C(=O)O[C@@H](C)CCCC(=O)CCC/C=C/4)cc1,ZINC15 : ZINC000079193680,morgan,0.18055555555555555,zinc15
[H]N1C(=O)C(=C)OC2=CC(OC)=CC(C(=O)O[C@H]3COC(=O)C[C@@H](C4=CC(O)=C(O[C@]5([H])C6=C(C=C3C=C6)C3=CC=C[C@]53O[C@@H]3OC(C)(C)[C@H]([C@@H](O)[C@H]3O)N(C)C)C(Cl)=C4)[N+]([H])([H])[H])=C12,SAWXMTQYIIZWNU-RGEBLUSTSA-O,COc1ccc([C@@H]2CC(=O)Oc3cc4c(c(O)c32)C(=O)O[C@@H](C)CCCC(=O)CCC/C=C/4)cc1,ZINC15 : ZINC000079193664,morgan,0.18055555555555555,zinc15
[H]N1C(=O)C(=C)OC2=CC(OC)=CC(C(=O)O[C@H]3COC(=O)C[C@@H](C4=CC(O)=C(O[C@]5([H])C6=C(C=C3C=C6)C3=CC=C[C@]53O[C@@H]3OC(C)(C)[C@H]([C@@H](O)[C@H]3O)N(C)C)C(Cl)=C4)[N+]([H])([H])[H])=C12,SAWXMTQYIIZWNU-RGEBLUSTSA-O,COc1ccc([C@@H]2CC(=O)Oc3cc4c(c(O)c32)C(=O)O[C@H](C)CCCC(=O)CCC/C=C/4)cc1,ZINC15 : ZINC000079193659,morgan,0.18055555555555555,zinc15
[H]N1C(=O)C(=C)OC2=CC(OC)=CC(C(=O)O[C@H]3COC(=O)C[C@@H](C4=CC(O)=C(O[C@]5([H])C6=C(C=C3C=C6)C3=CC=C[C@]53O[C@@H]3OC(C)(C)[C@H]([C@@H](O)[C@H]3O)N(C)C)C(Cl)=C4)[N+]([H])([H])[H])=C12,SAWXMTQYIIZWNU-RGEBLUSTSA-O,COc1ccc([C@H]2CC(=O)Oc3cc4c(c(O)c32)C(=O)O[C@H](C)CCCC(=O)CCC/C=C/4)cc1,ZINC15 : ZINC000079193668,morgan,0.18055555555555555,zinc15
[H]N1C(=O)C(=C)OC2=CC(OC)=CC(C(=O)O[C@H]3COC(=O)C[C@@H](C4=CC(O)=C(O[C@]5([H])C6=C(C=C3C=C6)C3=CC=C[C@]53O[C@@H]3OC(C)(C)[C@H]([C@@H](O)[C@H]3O)N(C)C)C(Cl)=C4)[N+]([H])([H])[H])=C12,SAWXMTQYIIZWNU-RGEBLUSTSA-O,COc1cccc2c1C(=O)c1c(O)c3c(c(O)c1C2=O)C[C@@](O)(C(C)=O)C[C@H]3O[C@H]1C[C@@H](N(C)C)[C@@H](O)[C@@H](C)O1,ZINC15 : ZINC000059364622,morgan,0.18,zinc15
[H]N1C(=O)C(=C)OC2=CC(OC)=CC(C(=O)O[C@H]3COC(=O)C[C@@H](C4=CC(O)=C(O[C@]5([H])C6=C(C=C3C=C6)C3=CC=C[C@]53O[C@@H]3OC(C)(C)[C@H]([C@@H](O)[C@H]3O)N(C)C)C(Cl)=C4)[N+]([H])([H])[H])=C12,SAWXMTQYIIZWNU-RGEBLUSTSA-O,COc1cccc2c1C(=O)c1c(O)c3c(c(O)c1C2=O)C[C@@](O)(C(C)=O)C[C@H]3O[C@H]1C[C@@H](N(C)C)[C@@H](O)[C@H](C)O1,ZINC15 : ZINC000059364623,morgan,0.18,zinc15
[H]N1C(=O)C(=C)OC2=CC(OC)=CC(C(=O)O[C@H]3COC(=O)C[C@@H](C4=CC(O)=C(O[C@]5([H])C6=C(C=C3C=C6)C3=CC=C[C@]53O[C@@H]3OC(C)(C)[C@H]([C@@H](O)[C@H]3O)N(C)C)C(Cl)=C4)[N+]([H])([H])[H])=C12,SAWXMTQYIIZWNU-RGEBLUSTSA-O,COc1cccc2c1C(=O)c1c(O)c3c(c(O)c1C2=O)C[C@@](O)(C(C)=O)C[C@H]3O[C@H]1C[C@@H](N(C)C)[C@H](O)[C@H](C)O1,ZINC15 : ZINC000059364626,morgan,0.18,zinc15
[H]N1C(=O)C(=C)OC2=CC(OC)=CC(C(=O)O[C@H]3COC(=O)C[C@@H](C4=CC(O)=C(O[C@]5([H])C6=C(C=C3C=C6)C3=CC=C[C@]53O[C@@H]3OC(C)(C)[C@H]([C@@H](O)[C@H]3O)N(C)C)C(Cl)=C4)[N+]([H])([H])[H])=C12,SAWXMTQYIIZWNU-RGEBLUSTSA-O,COc1cccc2c1C(=O)c1c(O)c3c(c(O)c1C2=O)C[C@@](O)(C(C)=O)C[C@H]3O[C@H]1C[C@@H](N(C)C)[C@H](O)[C@@H](C)O1,ZINC15 : ZINC000059364624,morgan,0.18,zinc15
[H]N1C(=O)C(=C)OC2=CC(OC)=CC(C(=O)O[C@H]3COC(=O)C[C@@H](C4=CC(O)=C(O[C@]5([H])C6=C(C=C3C=C6)C3=CC=C[C@]53O[C@@H]3OC(C)(C)[C@H]([C@@H](O)[C@H]3O)N(C)C)C(Cl)=C4)[N+]([H])([H])[H])=C12,SAWXMTQYIIZWNU-RGEBLUSTSA-O,C=C(C)[C@@H]1Cc2c(cc(O)c3c2O[C@H]2COc4cc(OC)c(OC)cc4[C@]2(O)C3=O)O1,ZINC15 : ZINC000014829204,morgan,0.17985611510791366,zinc15
[H]N1C(=O)C(=C)OC2=CC(OC)=CC(C(=O)O[C@H]3COC(=O)C[C@@H](C4=CC(O)=C(O[C@]5([H])C6=C(C=C3C=C6)C3=CC=C[C@]53O[C@@H]3OC(C)(C)[C@H]([C@@H](O)[C@H]3O)N(C)C)C(Cl)=C4)[N+]([H])([H])[H])=C12,SAWXMTQYIIZWNU-RGEBLUSTSA-O,C=C(C)[C@H]1Cc2c(cc(O)c3c2O[C@H]2COc4cc(OC)c(OC)cc4[C@]2(O)C3=O)O1,ZINC15 : ZINC000014829208,morgan,0.17985611510791366,zinc15
[H]N1C(=O)C(=C)OC2=CC(OC)=CC(C(=O)O[C@H]3COC(=O)C[C@@H](C4=CC(O)=C(O[C@]5([H])C6=C(C=C3C=C6)C3=CC=C[C@]53O[C@@H]3OC(C)(C)[C@H]([C@@H](O)[C@H]3O)N(C)C)C(Cl)=C4)[N+]([H])([H])[H])=C12,SAWXMTQYIIZWNU-RGEBLUSTSA-O,CCOC(=O)C1=C(CN(C)CC2=CC=C(O)C(OC)=C2)NC(=O)NC1C1=CC=CC=C1,ENAMINE-REAL : Z1317869659,morgan,0.17985611510791366,enamine-real
[H]N1C(=O)C(=C)OC2=CC(OC)=CC(C(=O)O[C@H]3COC(=O)C[C@@H](C4=CC(O)=C(O[C@]5([H])C6=C(C=C3C=C6)C3=CC=C[C@]53O[C@@H]3OC(C)(C)[C@H]([C@@H](O)[C@H]3O)N(C)C)C(Cl)=C4)[N+]([H])([H])[H])=C12,SAWXMTQYIIZWNU-RGEBLUSTSA-O,C=C(C)[C@@H]1Cc2c(cc(O)c3c2O[C@@H]2COc4cc(OC)c(OC)cc4[C@@]2(O)C3=O)O1,ZINC15 : ZINC000229771685,morgan,0.17985611510791366,zinc15
[H]N1C(=O)C(=C)OC2=CC(OC)=CC(C(=O)O[C@H]3COC(=O)C[C@@H](C4=CC(O)=C(O[C@]5([H])C6=C(C=C3C=C6)C3=CC=C[C@]53O[C@@H]3OC(C)(C)[C@H]([C@@H](O)[C@H]3O)N(C)C)C(Cl)=C4)[N+]([H])([H])[H])=C12,SAWXMTQYIIZWNU-RGEBLUSTSA-O,C=C(C)[C@@H]1Cc2c(cc(O)c3c2O[C@@H]2COc4cc(OC)c(OC)cc4[C@]2(O)C3=O)O1,ZINC15 : ZINC000014829206,morgan,0.17985611510791366,zinc15
[H]N1C(=O)C(=C)OC2=CC(OC)=CC(C(=O)O[C@H]3COC(=O)C[C@@H](C4=CC(O)=C(O[C@]5([H])C6=C(C=C3C=C6)C3=CC=C[C@]53O[C@@H]3OC(C)(C)[C@H]([C@@H](O)[C@H]3O)N(C)C)C(Cl)=C4)[N+]([H])([H])[H])=C12,SAWXMTQYIIZWNU-RGEBLUSTSA-O,C=C(C)[C@H]1Cc2c(cc(O)c3c2O[C@@H]2COc4cc(OC)c(OC)cc4[C@]2(O)C3=O)O1,ZINC15 : ZINC000014829210,morgan,0.17985611510791366,zinc15
[H]N1C(=O)C(=C)OC2=CC(OC)=CC(C(=O)O[C@H]3COC(=O)C[C@@H](C4=CC(O)=C(O[C@]5([H])C6=C(C=C3C=C6)C3=CC=C[C@]53O[C@@H]3OC(C)(C)[C@H]([C@@H](O)[C@H]3O)N(C)C)C(Cl)=C4)[N+]([H])([H])[H])=C12,SAWXMTQYIIZWNU-RGEBLUSTSA-O,C=C(C)[C@@H]1Cc2c(cc(O)c3c2O[C@H]2COc4cc(OC)c(OC)cc4[C@@]2(O)C3=O)O1,ZINC15 : ZINC000229771696,morgan,0.17985611510791366,zinc15
[H]N1C(=O)C(=C)OC2=CC(OC)=CC(C(=O)O[C@H]3COC(=O)C[C@@H](C4=CC(O)=C(O[C@]5([H])C6=C(C=C3C=C6)C3=CC=C[C@]53O[C@@H]3OC(C)(C)[C@H]([C@@H](O)[C@H]3O)N(C)C)C(Cl)=C4)[N+]([H])([H])[H])=C12,SAWXMTQYIIZWNU-RGEBLUSTSA-O,COc1ccc([C@H]2C(C(=O)OC3CCCCC3)=C(C)NC3=C2C(=O)CC(C)(C)C3)cc1O,ZINC15 : ZINC000000720137,morgan,0.17985611510791366,zinc15
[H]N1C(=O)C(=C)OC2=CC(OC)=CC(C(=O)O[C@H]3COC(=O)C[C@@H](C4=CC(O)=C(O[C@]5([H])C6=C(C=C3C=C6)C3=CC=C[C@]53O[C@@H]3OC(C)(C)[C@H]([C@@H](O)[C@H]3O)N(C)C)C(Cl)=C4)[N+]([H])([H])[H])=C12,SAWXMTQYIIZWNU-RGEBLUSTSA-O,COc1ccc([C@@H]2C(C(=O)OC3CCCCC3)=C(C)NC3=C2C(=O)CC(C)(C)C3)cc1O,ZINC15 : ZINC000000720135,morgan,0.17985611510791366,zinc15
[H]N1C(=O)C(=C)OC2=CC(OC)=CC(C(=O)O[C@H]3COC(=O)C[C@@H](C4=CC(O)=C(O[C@]5([H])C6=C(C=C3C=C6)C3=CC=C[C@]53O[C@@H]3OC(C)(C)[C@H]([C@@H](O)[C@H]3O)N(C)C)C(Cl)=C4)[N+]([H])([H])[H])=C12,SAWXMTQYIIZWNU-RGEBLUSTSA-O,CC1=C(C(=O)OC2CCCC2)[C@@H](c2cc3c(cc2Cl)OCO3)C2=C(CC(C)(C)CC2=O)N1,ZINC15 : ZINC000003098413,morgan,0.17985611510791366,zinc15
[H]N1C(=O)C(=C)OC2=CC(OC)=CC(C(=O)O[C@H]3COC(=O)C[C@@H](C4=CC(O)=C(O[C@]5([H])C6=C(C=C3C=C6)C3=CC=C[C@]53O[C@@H]3OC(C)(C)[C@H]([C@@H](O)[C@H]3O)N(C)C)C(Cl)=C4)[N+]([H])([H])[H])=C12,SAWXMTQYIIZWNU-RGEBLUSTSA-O,CC1=C(C(=O)OC2CCCC2)[C@H](c2cc3c(cc2Cl)OCO3)C2=C(CC(C)(C)CC2=O)N1,ZINC15 : ZINC000003098414,morgan,0.17985611510791366,zinc15
[H]N1C(=O)C(=C)OC2=CC(OC)=CC(C(=O)O[C@H]3COC(=O)C[C@@H](C4=CC(O)=C(O[C@]5([H])C6=C(C=C3C=C6)C3=CC=C[C@]53O[C@@H]3OC(C)(C)[C@H]([C@@H](O)[C@H]3O)N(C)C)C(Cl)=C4)[N+]([H])([H])[H])=C12,SAWXMTQYIIZWNU-RGEBLUSTSA-O,COC1=CC2=C(C(=O)CC2NC(=O)C2=CC=C3NC(N(C)C)=NC3=C2)C(OC)=C1,ENAMINE-REAL : PV-006822647857,morgan,0.17857142857142858,enamine-real
[H]N1C(=O)C(=C)OC2=CC(OC)=CC(C(=O)O[C@H]3COC(=O)C[C@@H](C4=CC(O)=C(O[C@]5([H])C6=C(C=C3C=C6)C3=CC=C[C@]53O[C@@H]3OC(C)(C)[C@H]([C@@H](O)[C@H]3O)N(C)C)C(Cl)=C4)[N+]([H])([H])[H])=C12,SAWXMTQYIIZWNU-RGEBLUSTSA-O,COC1=CC=C2OC=C(C(=O)N(C)CC3(NC(=O)C4=C(O)C(C)=CC=C4)CC3)C2=C1,ENAMINE-REAL : PV-008398323421,morgan,0.17857142857142858,enamine-real
[H]N1C(=O)C(=C)OC2=CC(OC)=CC(C(=O)O[C@H]3COC(=O)C[C@@H](C4=CC(O)=C(O[C@]5([H])C6=C(C=C3C=C6)C3=CC=C[C@]53O[C@@H]3OC(C)(C)[C@H]([C@@H](O)[C@H]3O)N(C)C)C(Cl)=C4)[N+]([H])([H])[H])=C12,SAWXMTQYIIZWNU-RGEBLUSTSA-O,COc1cccc2c1C(=O)c1c(O)c3c(c(O)c1C2=O)C[C@@](O)(C(=O)COC(=O)c1ccccc1)C[C@H]3O[C@H]1C[C@@H]([NH3+])[C@@H](O)[C@@H](C)O1,ZINC15 : ZINC000150384251,morgan,0.17834394904458598,zinc15
[H]N1C(=O)C(=C)OC2=CC(OC)=CC(C(=O)O[C@H]3COC(=O)C[C@@H](C4=CC(O)=C(O[C@]5([H])C6=C(C=C3C=C6)C3=CC=C[C@]53O[C@@H]3OC(C)(C)[C@H]([C@@H](O)[C@H]3O)N(C)C)C(Cl)=C4)[N+]([H])([H])[H])=C12,SAWXMTQYIIZWNU-RGEBLUSTSA-O,COc1cccc2c1C(=O)c1c(O)c3c(c(O)c1C2=O)C[C@@](O)(C(=O)COC(=O)c1ccccc1)C[C@H]3O[C@H]1C[C@@H]([NH3+])[C@@H](O)[C@H](C)O1,ZINC15 : ZINC000150384253,morgan,0.17834394904458598,zinc15
[H]N1C(=O)C(=C)OC2=CC(OC)=CC(C(=O)O[C@H]3COC(=O)C[C@@H](C4=CC(O)=C(O[C@]5([H])C6=C(C=C3C=C6)C3=CC=C[C@]53O[C@@H]3OC(C)(C)[C@H]([C@@H](O)[C@H]3O)N(C)C)C(Cl)=C4)[N+]([H])([H])[H])=C12,SAWXMTQYIIZWNU-RGEBLUSTSA-O,COc1cccc2c1C(=O)c1c(O)c3c(c(O)c1C2=O)C[C@@](O)(C(=O)COC(=O)c1ccccc1)C[C@H]3O[C@H]1C[C@@H]([NH3+])[C@H](O)[C@@H](C)O1,ZINC15 : ZINC000150384255,morgan,0.17834394904458598,zinc15
[H]N1C(=O)C(=C)OC2=CC(OC)=CC(C(=O)O[C@H]3COC(=O)C[C@@H](C4=CC(O)=C(O[C@]5([H])C6=C(C=C3C=C6)C3=CC=C[C@]53O[C@@H]3OC(C)(C)[C@H]([C@@H](O)[C@H]3O)N(C)C)C(Cl)=C4)[N+]([H])([H])[H])=C12,SAWXMTQYIIZWNU-RGEBLUSTSA-O,COc1cccc2c1C(=O)c1c(O)c3c(c(O)c1C2=O)C[C@@](O)(C(=O)COC(=O)c1ccccc1)C[C@H]3O[C@H]1C[C@@H]([NH3+])[C@H](O)[C@H](C)O1,ZINC15 : ZINC000150384257,morgan,0.17834394904458598,zinc15
[H]N1C(=O)C(=C)OC2=CC(OC)=CC(C(=O)O[C@H]3COC(=O)C[C@@H](C4=CC(O)=C(O[C@]5([H])C6=C(C=C3C=C6)C3=CC=C[C@]53O[C@@H]3OC(C)(C)[C@H]([C@@H](O)[C@H]3O)N(C)C)C(Cl)=C4)[N+]([H])([H])[H])=C12,SAWXMTQYIIZWNU-RGEBLUSTSA-O,COC(=O)C1=C(C)NC2=C(C(=O)CCC2)[C@@H]1c1ccc(N(C)C)cc1Cl,ZINC15 : ZINC000001030505,morgan,0.17777777777777778,zinc15
[H]N1C(=O)C(=C)OC2=CC(OC)=CC(C(=O)O[C@H]3COC(=O)C[C@@H](C4=CC(O)=C(O[C@]5([H])C6=C(C=C3C=C6)C3=CC=C[C@]53O[C@@H]3OC(C)(C)[C@H]([C@@H](O)[C@H]3O)N(C)C)C(Cl)=C4)[N+]([H])([H])[H])=C12,SAWXMTQYIIZWNU-RGEBLUSTSA-O,COC(=O)C1=C(C)NC2=C(C(=O)CCC2)[C@H]1c1ccc(N(C)C)cc1Cl,ZINC15 : ZINC000001030506,morgan,0.17777777777777778,zinc15
[H]N1C(=O)C(=C)OC2=CC(OC)=CC(C(=O)O[C@H]3COC(=O)C[C@@H](C4=CC(O)=C(O[C@]5([H])C6=C(C=C3C=C6)C3=CC=C[C@]53O[C@@H]3OC(C)(C)[C@H]([C@@H](O)[C@H]3O)N(C)C)C(Cl)=C4)[N+]([H])([H])[H])=C12,SAWXMTQYIIZWNU-RGEBLUSTSA-O,CC[C@@H](C)OC(=O)C1=C(C)NC2=C(C(=O)C[C@H](c3ccc(OC)cc3)C2)[C@H]1c1cc2c(cc1[N+](=O)[O-])OCO2,ZINC15 : ZINC000000708082,morgan,0.17763157894736842,zinc15
[H]N1C(=O)C(=C)OC2=CC(OC)=CC(C(=O)O[C@H]3COC(=O)C[C@@H](C4=CC(O)=C(O[C@]5([H])C6=C(C=C3C=C6)C3=CC=C[C@]53O[C@@H]3OC(C)(C)[C@H]([C@@H](O)[C@H]3O)N(C)C)C(Cl)=C4)[N+]([H])([H])[H])=C12,SAWXMTQYIIZWNU-RGEBLUSTSA-O,CC[C@H](C)OC(=O)C1=C(C)NC2=C(C(=O)C[C@H](c3ccc(OC)cc3)C2)[C@H]1c1cc2c(cc1[N+](=O)[O-])OCO2,ZINC15 : ZINC000059844525,morgan,0.17763157894736842,zinc15
[H]N1C(=O)C(=C)OC2=CC(OC)=CC(C(=O)O[C@H]3COC(=O)C[C@@H](C4=CC(O)=C(O[C@]5([H])C6=C(C=C3C=C6)C3=CC=C[C@]53O[C@@H]3OC(C)(C)[C@H]([C@@H](O)[C@H]3O)N(C)C)C(Cl)=C4)[N+]([H])([H])[H])=C12,SAWXMTQYIIZWNU-RGEBLUSTSA-O,CC[C@H](C)OC(=O)C1=C(C)NC2=C(C(=O)C[C@@H](c3ccc(OC)cc3)C2)[C@H]1c1cc2c(cc1[N+](=O)[O-])OCO2,ZINC15 : ZINC000001024800,morgan,0.17763157894736842,zinc15
[H]N1C(=O)C(=C)OC2=CC(OC)=CC(C(=O)O[C@H]3COC(=O)C[C@@H](C4=CC(O)=C(O[C@]5([H])C6=C(C=C3C=C6)C3=CC=C[C@]53O[C@@H]3OC(C)(C)[C@H]([C@@H](O)[C@H]3O)N(C)C)C(Cl)=C4)[N+]([H])([H])[H])=C12,SAWXMTQYIIZWNU-RGEBLUSTSA-O,CC[C@H](C)OC(=O)C1=C(C)NC2=C(C(=O)C[C@@H](c3ccc(OC)cc3)C2)[C@@H]1c1cc2c(cc1[N+](=O)[O-])OCO2,ZINC15 : ZINC000169616265,morgan,0.17763157894736842,zinc15
[H]N1C(=O)C(=C)OC2=CC(OC)=CC(C(=O)O[C@H]3COC(=O)C[C@@H](C4=CC(O)=C(O[C@]5([H])C6=C(C=C3C=C6)C3=CC=C[C@]53O[C@@H]3OC(C)(C)[C@H]([C@@H](O)[C@H]3O)N(C)C)C(Cl)=C4)[N+]([H])([H])[H])=C12,SAWXMTQYIIZWNU-RGEBLUSTSA-O,CC[C@@H](C)OC(=O)C1=C(C)NC2=C(C(=O)C[C@H](c3ccc(OC)cc3)C2)[C@@H]1c1cc2c(cc1[N+](=O)[O-])OCO2,ZINC15 : ZINC000059844515,morgan,0.17763157894736842,zinc15
[H]N1C(=O)C(=C)OC2=CC(OC)=CC(C(=O)O[C@H]3COC(=O)C[C@@H](C4=CC(O)=C(O[C@]5([H])C6=C(C=C3C=C6)C3=CC=C[C@]53O[C@@H]3OC(C)(C)[C@H]([C@@H](O)[C@H]3O)N(C)C)C(Cl)=C4)[N+]([H])([H])[H])=C12,SAWXMTQYIIZWNU-RGEBLUSTSA-O,CC[C@H](C)OC(=O)C1=C(C)NC2=C(C(=O)C[C@H](c3ccc(OC)cc3)C2)[C@@H]1c1cc2c(cc1[N+](=O)[O-])OCO2,ZINC15 : ZINC000059844522,morgan,0.17763157894736842,zinc15
[H]N1C(=O)C(=C)OC2=CC(OC)=CC(C(=O)O[C@H]3COC(=O)C[C@@H](C4=CC(O)=C(O[C@]5([H])C6=C(C=C3C=C6)C3=CC=C[C@]53O[C@@H]3OC(C)(C)[C@H]([C@@H](O)[C@H]3O)N(C)C)C(Cl)=C4)[N+]([H])([H])[H])=C12,SAWXMTQYIIZWNU-RGEBLUSTSA-O,COc1ccc([C@H]2CC(=O)Oc3cc4c(c(O)c32)C(=O)O[C@H](C)CCCC(=O)CCC/C=C/4)c(OC)c1,ZINC15 : ZINC000079193412,morgan,0.17687074829931973,zinc15
[H]N1C(=O)C(=C)OC2=CC(OC)=CC(C(=O)O[C@H]3COC(=O)C[C@@H](C4=CC(O)=C(O[C@]5([H])C6=C(C=C3C=C6)C3=CC=C[C@]53O[C@@H]3OC(C)(C)[C@H]([C@@H](O)[C@H]3O)N(C)C)C(Cl)=C4)[N+]([H])([H])[H])=C12,SAWXMTQYIIZWNU-RGEBLUSTSA-O,COc1ccc([C@@H]2CC(=O)Oc3cc4c(c(O)c32)C(=O)O[C@H](C)CCCC(=O)CCC/C=C/4)c(OC)c1,ZINC15 : ZINC000079193396,morgan,0.17687074829931973,zinc15
[H]N1C(=O)C(=C)OC2=CC(OC)=CC(C(=O)O[C@H]3COC(=O)C[C@@H](C4=CC(O)=C(O[C@]5([H])C6=C(C=C3C=C6)C3=CC=C[C@]53O[C@@H]3OC(C)(C)[C@H]([C@@H](O)[C@H]3O)N(C)C)C(Cl)=C4)[N+]([H])([H])[H])=C12,SAWXMTQYIIZWNU-RGEBLUSTSA-O,COc1ccc([C@@H]2CC(=O)Oc3cc4c(c(O)c32)C(=O)O[C@@H](C)CCCC(=O)CCC/C=C/4)c(OC)c1,ZINC15 : ZINC000079193402,morgan,0.17687074829931973,zinc15
[H]N1C(=O)C(=C)OC2=CC(OC)=CC(C(=O)O[C@H]3COC(=O)C[C@@H](C4=CC(O)=C(O[C@]5([H])C6=C(C=C3C=C6)C3=CC=C[C@]53O[C@@H]3OC(C)(C)[C@H]([C@@H](O)[C@H]3O)N(C)C)C(Cl)=C4)[N+]([H])([H])[H])=C12,SAWXMTQYIIZWNU-RGEBLUSTSA-O,COc1ccc([C@H]2CC(=O)Oc3cc4c(c(O)c32)C(=O)O[C@@H](C)CCCC(=O)CCC/C=C/4)c(OC)c1,ZINC15 : ZINC000079193415,morgan,0.17687074829931973,zinc15
[H]N1C(=O)C(=C)OC2=CC(OC)=CC(C(=O)O[C@H]3COC(=O)C[C@@H](C4=CC(O)=C(O[C@]5([H])C6=C(C=C3C=C6)C3=CC=C[C@]53O[C@@H]3OC(C)(C)[C@H]([C@@H](O)[C@H]3O)N(C)C)C(Cl)=C4)[N+]([H])([H])[H])=C12,SAWXMTQYIIZWNU-RGEBLUSTSA-O,COc1cccc2c1C(=O)c1c(O)c3c(c(O)c1C2=O)C[C@@](O)(C(=O)CO)C[C@H]3O[C@H]1C[C@@H](N(C)C)[C@@H](O)[C@H](C)O1,ZINC15 : ZINC000066123018,morgan,0.17647058823529413,zinc15
[H]N1C(=O)C(=C)OC2=CC(OC)=CC(C(=O)O[C@H]3COC(=O)C[C@@H](C4=CC(O)=C(O[C@]5([H])C6=C(C=C3C=C6)C3=CC=C[C@]53O[C@@H]3OC(C)(C)[C@H]([C@@H](O)[C@H]3O)N(C)C)C(Cl)=C4)[N+]([H])([H])[H])=C12,SAWXMTQYIIZWNU-RGEBLUSTSA-O,COc1cccc2c1C(=O)c1c(O)c3c(c(O)c1C2=O)C[C@@](O)(C(=O)CO)C[C@H]3O[C@H]1C[C@@H](N(C)C)[C@@H](O)[C@@H](C)O1,ZINC15 : ZINC000066123016,morgan,0.17647058823529413,zinc15
[H]N1C(=O)C(=C)OC2=CC(OC)=CC(C(=O)O[C@H]3COC(=O)C[C@@H](C4=CC(O)=C(O[C@]5([H])C6=C(C=C3C=C6)C3=CC=C[C@]53O[C@@H]3OC(C)(C)[C@H]([C@@H](O)[C@H]3O)N(C)C)C(Cl)=C4)[N+]([H])([H])[H])=C12,SAWXMTQYIIZWNU-RGEBLUSTSA-O,COc1cccc2c1C(=O)c1c(O)c3c(c(O)c1C2=O)C[C@@](O)(C(=O)CO)C[C@H]3O[C@H]1C[C@@H](N(C)C)[C@H](O)[C@H](C)O1,ZINC15 : ZINC000066123022,morgan,0.17647058823529413,zinc15
[H]N1C(=O)C(=C)OC2=CC(OC)=CC(C(=O)O[C@H]3COC(=O)C[C@@H](C4=CC(O)=C(O[C@]5([H])C6=C(C=C3C=C6)C3=CC=C[C@]53O[C@@H]3OC(C)(C)[C@H]([C@@H](O)[C@H]3O)N(C)C)C(Cl)=C4)[N+]([H])([H])[H])=C12,SAWXMTQYIIZWNU-RGEBLUSTSA-O,COc1cccc2c1C(=O)c1c(O)c3c(c(O)c1C2=O)C[C@@](O)(C(=O)CO)C[C@H]3O[C@H]1C[C@@H](N(C)C)[C@H](O)[C@@H](C)O1,ZINC15 : ZINC000066123020,morgan,0.17647058823529413,zinc15
[H]N1C(=O)C(=C)OC2=CC(OC)=CC(C(=O)O[C@H]3COC(=O)C[C@@H](C4=CC(O)=C(O[C@]5([H])C6=C(C=C3C=C6)C3=CC=C[C@]53O[C@@H]3OC(C)(C)[C@H]([C@@H](O)[C@H]3O)N(C)C)C(Cl)=C4)[N+]([H])([H])[H])=C12,SAWXMTQYIIZWNU-RGEBLUSTSA-O,COC1=CC=C2C(=C1)CCC2C(=O)NC1CC(N(C)C(=O)C2=C(O)C(C)=CN=C2)C1,ENAMINE-REAL : PV-008812833010,morgan,0.176056338028169,enamine-real
[H]N1C(=O)C(=C)OC2=CC(OC)=CC(C(=O)O[C@H]3COC(=O)C[C@@H](C4=CC(O)=C(O[C@]5([H])C6=C(C=C3C=C6)C3=CC=C[C@]53O[C@@H]3OC(C)(C)[C@H]([C@@H](O)[C@H]3O)N(C)C)C(Cl)=C4)[N+]([H])([H])[H])=C12,SAWXMTQYIIZWNU-RGEBLUSTSA-O,C=C(C)COc1ccc([C@@H]2CC(=O)Oc3cc4c(c(O)c32)C(=O)O[C@@H](C)CCCC(=O)CCC/C=C/4)cc1OC,ZINC15 : ZINC000079192552,morgan,0.17532467532467533,zinc15
[H]N1C(=O)C(=C)OC2=CC(OC)=CC(C(=O)O[C@H]3COC(=O)C[C@@H](C4=CC(O)=C(O[C@]5([H])C6=C(C=C3C=C6)C3=CC=C[C@]53O[C@@H]3OC(C)(C)[C@H]([C@@H](O)[C@H]3O)N(C)C)C(Cl)=C4)[N+]([H])([H])[H])=C12,SAWXMTQYIIZWNU-RGEBLUSTSA-O,C=C(C)COc1ccc([C@H]2CC(=O)Oc3cc4c(c(O)c32)C(=O)O[C@@H](C)CCCC(=O)CCC/C=C/4)cc1OC,ZINC15 : ZINC000079192569,morgan,0.17532467532467533,zinc15
[H]N1C(=O)C(=C)OC2=CC(OC)=CC(C(=O)O[C@H]3COC(=O)C[C@@H](C4=CC(O)=C(O[C@]5([H])C6=C(C=C3C=C6)C3=CC=C[C@]53O[C@@H]3OC(C)(C)[C@H]([C@@H](O)[C@H]3O)N(C)C)C(Cl)=C4)[N+]([H])([H])[H])=C12,SAWXMTQYIIZWNU-RGEBLUSTSA-O,C=C(C)COc1ccc([C@@H]2CC(=O)Oc3cc4c(c(O)c32)C(=O)O[C@H](C)CCCC(=O)CCC/C=C/4)cc1OC,ZINC15 : ZINC000079192549,morgan,0.17532467532467533,zinc15
[H]N1C(=O)C(=C)OC2=CC(OC)=CC(C(=O)O[C@H]3COC(=O)C[C@@H](C4=CC(O)=C(O[C@]5([H])C6=C(C=C3C=C6)C3=CC=C[C@]53O[C@@H]3OC(C)(C)[C@H]([C@@H](O)[C@H]3O)N(C)C)C(Cl)=C4)[N+]([H])([H])[H])=C12,SAWXMTQYIIZWNU-RGEBLUSTSA-O,C=C(C)COc1ccc([C@H]2CC(=O)Oc3cc4c(c(O)c32)C(=O)O[C@H](C)CCCC(=O)CCC/C=C/4)cc1OC,ZINC15 : ZINC000079192561,morgan,0.17532467532467533,zinc15
[H]N1C(=O)C(=C)OC2=CC(OC)=CC(C(=O)O[C@H]3COC(=O)C[C@@H](C4=CC(O)=C(O[C@]5([H])C6=C(C=C3C=C6)C3=CC=C[C@]53O[C@@H]3OC(C)(C)[C@H]([C@@H](O)[C@H]3O)N(C)C)C(Cl)=C4)[N+]([H])([H])[H])=C12,SAWXMTQYIIZWNU-RGEBLUSTSA-O,COC1=CC=CC([C@H]2C[C@H](N(C)C(=O)C3=CC(O)=C4OC(C)=NC4=C3)C2)=C1,ENAMINE-REAL : Z6243404075,morgan,0.17518248175182483,enamine-real
[H]N1C(=O)C(=C)OC2=CC(OC)=CC(C(=O)O[C@H]3COC(=O)C[C@@H](C4=CC(O)=C(O[C@]5([H])C6=C(C=C3C=C6)C3=CC=C[C@]53O[C@@H]3OC(C)(C)[C@H]([C@@H](O)[C@H]3O)N(C)C)C(Cl)=C4)[N+]([H])([H])[H])=C12,SAWXMTQYIIZWNU-RGEBLUSTSA-O,COc1cccc2c1C(=O)c1c(O)c3c(c(O)c1C2=O)C[C@@](O)(C(=O)COC(C)=O)C[C@H]3O[C@H]1C[C@@H]([NH3+])[C@@H](O)[C@@H](C)O1,ZINC15 : ZINC000104135437,morgan,0.17419354838709677,zinc15
[H]N1C(=O)C(=C)OC2=CC(OC)=CC(C(=O)O[C@H]3COC(=O)C[C@@H](C4=CC(O)=C(O[C@]5([H])C6=C(C=C3C=C6)C3=CC=C[C@]53O[C@@H]3OC(C)(C)[C@H]([C@@H](O)[C@H]3O)N(C)C)C(Cl)=C4)[N+]([H])([H])[H])=C12,SAWXMTQYIIZWNU-RGEBLUSTSA-O,COc1cccc2c1C(=O)c1c(O)c3c(c(O)c1C2=O)C[C@@](O)(C(=O)COC(C)=O)C[C@H]3O[C@H]1C[C@@H]([NH3+])[C@H](O)[C@H](C)O1,ZINC15 : ZINC000104135446,morgan,0.17419354838709677,zinc15
[H]N1C(=O)C(=C)OC2=CC(OC)=CC(C(=O)O[C@H]3COC(=O)C[C@@H](C4=CC(O)=C(O[C@]5([H])C6=C(C=C3C=C6)C3=CC=C[C@]53O[C@@H]3OC(C)(C)[C@H]([C@@H](O)[C@H]3O)N(C)C)C(Cl)=C4)[N+]([H])([H])[H])=C12,SAWXMTQYIIZWNU-RGEBLUSTSA-O,COc1cccc2c1C(=O)c1c(O)c3c(c(O)c1C2=O)C[C@@](O)(C(=O)COC(C)=O)C[C@H]3O[C@H]1C[C@@H]([NH3+])[C@@H](O)[C@H](C)O1,ZINC15 : ZINC000104135441,morgan,0.17419354838709677,zinc15
[H]N1C(=O)C(=C)OC2=CC(OC)=CC(C(=O)O[C@H]3COC(=O)C[C@@H](C4=CC(O)=C(O[C@]5([H])C6=C(C=C3C=C6)C3=CC=C[C@]53O[C@@H]3OC(C)(C)[C@H]([C@@H](O)[C@H]3O)N(C)C)C(Cl)=C4)[N+]([H])([H])[H])=C12,SAWXMTQYIIZWNU-RGEBLUSTSA-O,COc1cccc2c1C(=O)c1c(O)c3c(c(O)c1C2=O)C[C@@](O)(C(=O)COC(C)=O)C[C@H]3O[C@H]1C[C@@H]([NH3+])[C@H](O)[C@@H](C)O1,ZINC15 : ZINC000104135445,morgan,0.17419354838709677,zinc15
[H]N1C(=O)C(=C)OC2=CC(OC)=CC(C(=O)O[C@H]3COC(=O)C[C@@H](C4=CC(O)=C(O[C@]5([H])C6=C(C=C3C=C6)C3=CC=C[C@]53O[C@@H]3OC(C)(C)[C@H]([C@@H](O)[C@H]3O)N(C)C)C(Cl)=C4)[N+]([H])([H])[H])=C12,SAWXMTQYIIZWNU-RGEBLUSTSA-O,COC1=CC2=C(C(=O)CC2NC(=O)C2=CC3=C(O)C=CC=C3N2C)C(OC)=C1,ENAMINE-REAL : PV-007066848281,morgan,0.17391304347826086,enamine-real
[H]N1C(=O)C(=C)OC2=CC(OC)=CC(C(=O)O[C@H]3COC(=O)C[C@@H](C4=CC(O)=C(O[C@]5([H])C6=C(C=C3C=C6)C3=CC=C[C@]53O[C@@H]3OC(C)(C)[C@H]([C@@H](O)[C@H]3O)N(C)C)C(Cl)=C4)[N+]([H])([H])[H])=C12,SAWXMTQYIIZWNU-RGEBLUSTSA-O,CC[C@@]1(O)C[C@H](O[C@@H]2C[C@@H]([NH+](C)C)[C@H](O)[C@H](C)O2)c2c([O-])c3c(cc2[C@H]1C(=O)OC)C(=O)c1cccc(O)c1C3=O,ZINC15 : ZINC000004293361,morgan,0.17307692307692307,zinc15
[H]N1C(=O)C(=C)OC2=CC(OC)=CC(C(=O)O[C@H]3COC(=O)C[C@@H](C4=CC(O)=C(O[C@]5([H])C6=C(C=C3C=C6)C3=CC=C[C@]53O[C@@H]3OC(C)(C)[C@H]([C@@H](O)[C@H]3O)N(C)C)C(Cl)=C4)[N+]([H])([H])[H])=C12,SAWXMTQYIIZWNU-RGEBLUSTSA-O,CC[C@@]1(O)C[C@H](O[C@@H]2C[C@H]([NH+](C)C)[C@H](O)[C@H](C)O2)c2c([O-])c3c(cc2[C@H]1C(=O)OC)C(=O)c1cccc(O)c1C3=O,ZINC15 : ZINC000004293360,morgan,0.17307692307692307,zinc15
[H]N1C(=O)C(=C)OC2=CC(OC)=CC(C(=O)O[C@H]3COC(=O)C[C@@H](C4=CC(O)=C(O[C@]5([H])C6=C(C=C3C=C6)C3=CC=C[C@]53O[C@@H]3OC(C)(C)[C@H]([C@@H](O)[C@H]3O)N(C)C)C(Cl)=C4)[N+]([H])([H])[H])=C12,SAWXMTQYIIZWNU-RGEBLUSTSA-O,CC[C@@]1(O)C[C@H](O[C@@H]2C[C@H]([NH+](C)C)[C@@H](O)[C@@H](C)O2)c2c([O-])c3c(cc2[C@H]1C(=O)OC)C(=O)c1cccc(O)c1C3=O,ZINC15 : ZINC000226328977,morgan,0.17307692307692307,zinc15
[H]N1C(=O)C(=C)OC2=CC(OC)=CC(C(=O)O[C@H]3COC(=O)C[C@@H](C4=CC(O)=C(O[C@]5([H])C6=C(C=C3C=C6)C3=CC=C[C@]53O[C@@H]3OC(C)(C)[C@H]([C@@H](O)[C@H]3O)N(C)C)C(Cl)=C4)[N+]([H])([H])[H])=C12,SAWXMTQYIIZWNU-RGEBLUSTSA-O,CC[C@]1(O)C[C@@H](O[C@@H]2C[C@H]([NH+](C)C)[C@H](O)[C@H](C)O2)c2c([O-])c3c(cc2[C@@H]1C(=O)OC)C(=O)c1cccc(O)c1C3=O,ZINC15 : ZINC000038147301,morgan,0.17307692307692307,zinc15
[H]N1C(=O)C(=C)OC2=CC(OC)=CC(C(=O)O[C@H]3COC(=O)C[C@@H](C4=CC(O)=C(O[C@]5([H])C6=C(C=C3C=C6)C3=CC=C[C@]53O[C@@H]3OC(C)(C)[C@H]([C@@H](O)[C@H]3O)N(C)C)C(Cl)=C4)[N+]([H])([H])[H])=C12,SAWXMTQYIIZWNU-RGEBLUSTSA-O,CC[C@@]1(O)C[C@H](O[C@@H]2C[C@H]([NH+](C)C)[C@H](O)[C@H](C)O2)c2c([O-])c3c(cc2[C@@H]1C(=O)OC)C(=O)c1cccc(O)c1C3=O,ZINC15 : ZINC000059872539,morgan,0.17307692307692307,zinc15
[H]N1C(=O)C(=C)OC2=CC(OC)=CC(C(=O)O[C@H]3COC(=O)C[C@@H](C4=CC(O)=C(O[C@]5([H])C6=C(C=C3C=C6)C3=CC=C[C@]53O[C@@H]3OC(C)(C)[C@H]([C@@H](O)[C@H]3O)N(C)C)C(Cl)=C4)[N+]([H])([H])[H])=C12,SAWXMTQYIIZWNU-RGEBLUSTSA-O,CC[C@@]1(O)C[C@H](O[C@@H]2C[C@H]([NH+](C)C)[C@H](O)[C@@H](C)O2)c2c([O-])c3c(cc2[C@H]1C(=O)OC)C(=O)c1cccc(O)c1C3=O,ZINC15 : ZINC000003978066,morgan,0.17307692307692307,zinc15
[H]N1C(=O)C(=C)OC2=CC(OC)=CC(C(=O)O[C@H]3COC(=O)C[C@@H](C4=CC(O)=C(O[C@]5([H])C6=C(C=C3C=C6)C3=CC=C[C@]53O[C@@H]3OC(C)(C)[C@H]([C@@H](O)[C@H]3O)N(C)C)C(Cl)=C4)[N+]([H])([H])[H])=C12,SAWXMTQYIIZWNU-RGEBLUSTSA-O,CC[C@@]1(O)C[C@@H](O[C@@H]2C[C@H]([NH+](C)C)[C@H](O)[C@H](C)O2)c2c([O-])c3c(cc2[C@@H]1C(=O)OC)C(=O)c1cccc(O)c1C3=O,ZINC15 : ZINC000059872543,morgan,0.17307692307692307,zinc15
[H]N1C(=O)C(=C)OC2=CC(OC)=CC(C(=O)O[C@H]3COC(=O)C[C@@H](C4=CC(O)=C(O[C@]5([H])C6=C(C=C3C=C6)C3=CC=C[C@]53O[C@@H]3OC(C)(C)[C@H]([C@@H](O)[C@H]3O)N(C)C)C(Cl)=C4)[N+]([H])([H])[H])=C12,SAWXMTQYIIZWNU-RGEBLUSTSA-O,CC[C@@]1(O)C[C@H](O[C@@H]2C[C@H]([NH+](C)C)[C@@H](O)[C@H](C)O2)c2c([O-])c3c(cc2[C@H]1C(=O)OC)C(=O)c1cccc(O)c1C3=O,ZINC15 : ZINC000145392749,morgan,0.17307692307692307,zinc15
[H]N1C(=O)C(=C)OC2=CC(OC)=CC(C(=O)O[C@H]3COC(=O)C[C@@H](C4=CC(O)=C(O[C@]5([H])C6=C(C=C3C=C6)C3=CC=C[C@]53O[C@@H]3OC(C)(C)[C@H]([C@@H](O)[C@H]3O)N(C)C)C(Cl)=C4)[N+]([H])([H])[H])=C12,SAWXMTQYIIZWNU-RGEBLUSTSA-O,CC[C@@]1(O)C[C@H](O[C@H]2C[C@@H]([NH+](C)C)[C@H](O)[C@H](C)O2)c2c([O-])c3c(cc2[C@H]1C(=O)OC)C(=O)c1cccc(O)c1C3=O,ZINC15 : ZINC000004293362,morgan,0.17307692307692307,zinc15
[H]N1C(=O)C(=C)OC2=CC(OC)=CC(C(=O)O[C@H]3COC(=O)C[C@@H](C4=CC(O)=C(O[C@]5([H])C6=C(C=C3C=C6)C3=CC=C[C@]53O[C@@H]3OC(C)(C)[C@H]([C@@H](O)[C@H]3O)N(C)C)C(Cl)=C4)[N+]([H])([H])[H])=C12,SAWXMTQYIIZWNU-RGEBLUSTSA-O,CC[C@@]1(O)C[C@H](O[C@H]2C[C@H]([NH+](C)C)[C@H](O)[C@H](C)O2)c2c([O-])c3c(cc2[C@H]1C(=O)OC)C(=O)c1cccc(O)c1C3=O,ZINC15 : ZINC000003977735,morgan,0.17307692307692307,zinc15
[H]N1C(=O)C(=C)OC2=CC(OC)=CC(C(=O)O[C@H]3COC(=O)C[C@@H](C4=CC(O)=C(O[C@]5([H])C6=C(C=C3C=C6)C3=CC=C[C@]53O[C@@H]3OC(C)(C)[C@H]([C@@H](O)[C@H]3O)N(C)C)C(Cl)=C4)[N+]([H])([H])[H])=C12,SAWXMTQYIIZWNU-RGEBLUSTSA-O,CC[C@]1(O)C[C@H](O[C@@H]2C[C@H]([NH+](C)C)[C@H](O)[C@H](C)O2)c2c([O-])c3c(cc2[C@@H]1C(=O)OC)C(=O)c1cccc(O)c1C3=O,ZINC15 : ZINC000004975060,morgan,0.17307692307692307,zinc15
[H]N1C(=O)C(=C)OC2=CC(OC)=CC(C(=O)O[C@H]3COC(=O)C[C@@H](C4=CC(O)=C(O[C@]5([H])C6=C(C=C3C=C6)C3=CC=C[C@]53O[C@@H]3OC(C)(C)[C@H]([C@@H](O)[C@H]3O)N(C)C)C(Cl)=C4)[N+]([H])([H])[H])=C12,SAWXMTQYIIZWNU-RGEBLUSTSA-O,COC1=CC=C2NC(C(=O)N(C)C3C4=C(CC3O)C(Cl)=CC(Cl)=C4)=CC2=N1,ENAMINE-REAL : PV-008742988347,morgan,0.17266187050359713,enamine-real
[H]N1C(=O)C(=C)OC2=CC(OC)=CC(C(=O)O[C@H]3COC(=O)C[C@@H](C4=CC(O)=C(O[C@]5([H])C6=C(C=C3C=C6)C3=CC=C[C@]53O[C@@H]3OC(C)(C)[C@H]([C@@H](O)[C@H]3O)N(C)C)C(Cl)=C4)[N+]([H])([H])[H])=C12,SAWXMTQYIIZWNU-RGEBLUSTSA-O,CCN(CC)C(=O)COC1=CC=CC(N2C(=O)NC(C3=CC=C(OC)C(O)=C3)C2=O)=C1,ENAMINE-REAL : Z1891858317,morgan,0.17266187050359713,enamine-real
[H]N1C(=O)C(=C)OC2=CC(OC)=CC(C(=O)O[C@H]3COC(=O)C[C@@H](C4=CC(O)=C(O[C@]5([H])C6=C(C=C3C=C6)C3=CC=C[C@]53O[C@@H]3OC(C)(C)[C@H]([C@@H](O)[C@H]3O)N(C)C)C(Cl)=C4)[N+]([H])([H])[H])=C12,SAWXMTQYIIZWNU-RGEBLUSTSA-O,COC(=O)C1=C(C)NC2=C(C(=O)C[C@@H](c3ccc(N(C)C)cc3)C2)[C@@H]1c1ccc(O)c(OC)c1,ZINC15 : ZINC000020562247,morgan,0.17142857142857143,zinc15
[H]N1C(=O)C(=C)OC2=CC(OC)=CC(C(=O)O[C@H]3COC(=O)C[C@@H](C4=CC(O)=C(O[C@]5([H])C6=C(C=C3C=C6)C3=CC=C[C@]53O[C@@H]3OC(C)(C)[C@H]([C@@H](O)[C@H]3O)N(C)C)C(Cl)=C4)[N+]([H])([H])[H])=C12,SAWXMTQYIIZWNU-RGEBLUSTSA-O,COC(=O)C1=C(C)NC2=C(C(=O)C[C@@H](c3ccc(N(C)C)cc3)C2)[C@H]1c1ccc(O)c(OC)c1,ZINC15 : ZINC000020562250,morgan,0.17142857142857143,zinc15
[H]N1C(=O)C(=C)OC2=CC(OC)=CC(C(=O)O[C@H]3COC(=O)C[C@@H](C4=CC(O)=C(O[C@]5([H])C6=C(C=C3C=C6)C3=CC=C[C@]53O[C@@H]3OC(C)(C)[C@H]([C@@H](O)[C@H]3O)N(C)C)C(Cl)=C4)[N+]([H])([H])[H])=C12,SAWXMTQYIIZWNU-RGEBLUSTSA-O,COC(=O)C1=C(C)NC2=C(C(=O)C[C@H](c3ccc(N(C)C)cc3)C2)[C@H]1c1ccc(O)c(OC)c1,ZINC15 : ZINC000020562256,morgan,0.17142857142857143,zinc15
[H]N1C(=O)C(=C)OC2=CC(OC)=CC(C(=O)O[C@H]3COC(=O)C[C@@H](C4=CC(O)=C(O[C@]5([H])C6=C(C=C3C=C6)C3=CC=C[C@]53O[C@@H]3OC(C)(C)[C@H]([C@@H](O)[C@H]3O)N(C)C)C(Cl)=C4)[N+]([H])([H])[H])=C12,SAWXMTQYIIZWNU-RGEBLUSTSA-O,COC(=O)C1=C(C)NC2=C(C(=O)C[C@H](c3ccc(N(C)C)cc3)C2)[C@@H]1c1ccc(O)c(OC)c1,ZINC15 : ZINC000020562253,morgan,0.17142857142857143,zinc15
[H]N1C(=O)C(=C)OC2=CC(OC)=CC(C(=O)O[C@H]3COC(=O)C[C@@H](C4=CC(O)=C(O[C@]5([H])C6=C(C=C3C=C6)C3=CC=C[C@]53O[C@@H]3OC(C)(C)[C@H]([C@@H](O)[C@H]3O)N(C)C)C(Cl)=C4)[N+]([H])([H])[H])=C12,SAWXMTQYIIZWNU-RGEBLUSTSA-O,COC1=CC=C2C(=C1)CCCC2N(C)C(=O)C1=CC(NC(=O)C2=C(C)ON=C2)=CC=C1O,ENAMINE-REAL : Z1668595294,morgan,0.17123287671232876,enamine-real
[H]N1C(=O)C(=C)OC2=CC(OC)=CC(C(=O)O[C@H]3COC(=O)C[C@@H](C4=CC(O)=C(O[C@]5([H])C6=C(C=C3C=C6)C3=CC=C[C@]53O[C@@H]3OC(C)(C)[C@H]([C@@H](O)[C@H]3O)N(C)C)C(Cl)=C4)[N+]([H])([H])[H])=C12,SAWXMTQYIIZWNU-RGEBLUSTSA-O,COc1cccc2c1C(=O)c1c(O)c3c(c(O)c1C2=O)C[C@@](O)(C(=O)CO)C[C@@H]3O[C@@H]1C[C@H]([NH3+])[C@@H](O)[C@H](C)O1,ZINC15 : ZINC000004213131,morgan,0.17105263157894737,zinc15
[H]N1C(=O)C(=C)OC2=CC(OC)=CC(C(=O)O[C@H]3COC(=O)C[C@@H](C4=CC(O)=C(O[C@]5([H])C6=C(C=C3C=C6)C3=CC=C[C@]53O[C@@H]3OC(C)(C)[C@H]([C@@H](O)[C@H]3O)N(C)C)C(Cl)=C4)[N+]([H])([H])[H])=C12,SAWXMTQYIIZWNU-RGEBLUSTSA-O,COc1cccc2c1C(=O)c1c(O)c3c(c(O)c1C2=O)C[C@@](O)(C(=O)CO)C[C@H]3O[C@H]1C[C@@H]([NH3+])[C@H](O)[C@@H](C)O1,ZINC15 : ZINC000003830731,morgan,0.17105263157894737,zinc15
[H]N1C(=O)C(=C)OC2=CC(OC)=CC(C(=O)O[C@H]3COC(=O)C[C@@H](C4=CC(O)=C(O[C@]5([H])C6=C(C=C3C=C6)C3=CC=C[C@]53O[C@@H]3OC(C)(C)[C@H]([C@@H](O)[C@H]3O)N(C)C)C(Cl)=C4)[N+]([H])([H])[H])=C12,SAWXMTQYIIZWNU-RGEBLUSTSA-O,COc1cccc2c1C(=O)c1c(O)c3c(c(O)c1C2=O)C[C@@](O)(C(=O)CO)C[C@@H]3O[C@@H]1C[C@H]([NH3+])[C@H](O)[C@@H](C)O1,ZINC15 : ZINC000143535431,morgan,0.17105263157894737,zinc15
[H]N1C(=O)C(=C)OC2=CC(OC)=CC(C(=O)O[C@H]3COC(=O)C[C@@H](C4=CC(O)=C(O[C@]5([H])C6=C(C=C3C=C6)C3=CC=C[C@]53O[C@@H]3OC(C)(C)[C@H]([C@@H](O)[C@H]3O)N(C)C)C(Cl)=C4)[N+]([H])([H])[H])=C12,SAWXMTQYIIZWNU-RGEBLUSTSA-O,COc1cccc2c1C(=O)c1c(O)c3c(c(O)c1C2=O)C[C@@](O)(C(=O)CO)C[C@@H]3O[C@@H]1C[C@@H]([NH3+])[C@H](O)[C@@H](C)O1,ZINC15 : ZINC000059200426,morgan,0.17105263157894737,zinc15
[H]N1C(=O)C(=C)OC2=CC(OC)=CC(C(=O)O[C@H]3COC(=O)C[C@@H](C4=CC(O)=C(O[C@]5([H])C6=C(C=C3C=C6)C3=CC=C[C@]53O[C@@H]3OC(C)(C)[C@H]([C@@H](O)[C@H]3O)N(C)C)C(Cl)=C4)[N+]([H])([H])[H])=C12,SAWXMTQYIIZWNU-RGEBLUSTSA-O,COc1cccc2c1C(=O)c1c(O)c3c(c(O)c1C2=O)C[C@](O)(C(=O)CO)C[C@@H]3O[C@@H]1C[C@H]([NH3+])[C@@H](O)[C@H](C)O1,ZINC15 : ZINC000003954475,morgan,0.17105263157894737,zinc15
[H]N1C(=O)C(=C)OC2=CC(OC)=CC(C(=O)O[C@H]3COC(=O)C[C@@H](C4=CC(O)=C(O[C@]5([H])C6=C(C=C3C=C6)C3=CC=C[C@]53O[C@@H]3OC(C)(C)[C@H]([C@@H](O)[C@H]3O)N(C)C)C(Cl)=C4)[N+]([H])([H])[H])=C12,SAWXMTQYIIZWNU-RGEBLUSTSA-O,COc1cccc2c1C(=O)c1c(O)c3c(c(O)c1C2=O)C[C@@](O)(C(=O)CO)C[C@@H]3O[C@H]1C[C@H]([NH3+])[C@@H](O)[C@H](C)O1,ZINC15 : ZINC000003938704,morgan,0.17105263157894737,zinc15
[H]N1C(=O)C(=C)OC2=CC(OC)=CC(C(=O)O[C@H]3COC(=O)C[C@@H](C4=CC(O)=C(O[C@]5([H])C6=C(C=C3C=C6)C3=CC=C[C@]53O[C@@H]3OC(C)(C)[C@H]([C@@H](O)[C@H]3O)N(C)C)C(Cl)=C4)[N+]([H])([H])[H])=C12,SAWXMTQYIIZWNU-RGEBLUSTSA-O,COc1cccc2c1C(=O)c1c(O)c3c(c(O)c1C2=O)C[C@@](O)(C(=O)CO)C[C@@H]3O[C@@H]1C[C@@H]([NH3+])[C@@H](O)[C@H](C)O1,ZINC15 : ZINC000029332500,morgan,0.17105263157894737,zinc15
[H]N1C(=O)C(=C)OC2=CC(OC)=CC(C(=O)O[C@H]3COC(=O)C[C@@H](C4=CC(O)=C(O[C@]5([H])C6=C(C=C3C=C6)C3=CC=C[C@]53O[C@@H]3OC(C)(C)[C@H]([C@@H](O)[C@H]3O)N(C)C)C(Cl)=C4)[N+]([H])([H])[H])=C12,SAWXMTQYIIZWNU-RGEBLUSTSA-O,COc1cccc2c1C(=O)c1c(O)c3c(c(O)c1C2=O)C[C@](O)(C(=O)CO)C[C@H]3O[C@@H]1C[C@H]([NH3+])[C@H](O)[C@@H](C)O1,ZINC15 : ZINC000247720803,morgan,0.17105263157894737,zinc15
[H]N1C(=O)C(=C)OC2=CC(OC)=CC(C(=O)O[C@H]3COC(=O)C[C@@H](C4=CC(O)=C(O[C@]5([H])C6=C(C=C3C=C6)C3=CC=C[C@]53O[C@@H]3OC(C)(C)[C@H]([C@@H](O)[C@H]3O)N(C)C)C(Cl)=C4)[N+]([H])([H])[H])=C12,SAWXMTQYIIZWNU-RGEBLUSTSA-O,C=C(CO[C@H]1O[C@@H](CO)[C@H](O)[C@@H](O)[C@@H]1O)[C@@H]1Cc2c(ccc3c2O[C@@H]2COc4cc(OC)c(OC)cc4[C@@H]2C3=O)O1,ZINC15 : ZINC000253501246,espsim_electrostatic,0.20270270270270271,zinc15
[H]N1C(=O)C(=C)OC2=CC(OC)=CC(C(=O)O[C@H]3COC(=O)C[C@@H](C4=CC(O)=C(O[C@]5([H])C6=C(C=C3C=C6)C3=CC=C[C@]53O[C@@H]3OC(C)(C)[C@H]([C@@H](O)[C@H]3O)N(C)C)C(Cl)=C4)[N+]([H])([H])[H])=C12,SAWXMTQYIIZWNU-RGEBLUSTSA-O,C=C(CO[C@H]1O[C@@H](CO)[C@@H](O)[C@@H](O)[C@H]1O)[C@H]1Cc2c(ccc3c2O[C@@H]2COc4cc(OC)c(OC)cc4[C@@H]2C3=O)O1,ZINC15 : ZINC000006907019,espsim_electrostatic,0.20270270270270271,zinc15
[H]N1C(=O)C(=C)OC2=CC(OC)=CC(C(=O)O[C@H]3COC(=O)C[C@@H](C4=CC(O)=C(O[C@]5([H])C6=C(C=C3C=C6)C3=CC=C[C@]53O[C@@H]3OC(C)(C)[C@H]([C@@H](O)[C@H]3O)N(C)C)C(Cl)=C4)[N+]([H])([H])[H])=C12,SAWXMTQYIIZWNU-RGEBLUSTSA-O,C=C(CO[C@H]1O[C@@H](CO)[C@@H](O)[C@@H](O)[C@H]1O)[C@H]1Cc2c(ccc3c2O[C@@H]2COc4cc(OC)c(OC)cc4[C@H]2C3=O)O1,ZINC15 : ZINC000006907018,espsim_electrostatic,0.20270270270270271,zinc15
[H]N1C(=O)C(=C)OC2=CC(OC)=CC(C(=O)O[C@H]3COC(=O)C[C@@H](C4=CC(O)=C(O[C@]5([H])C6=C(C=C3C=C6)C3=CC=C[C@]53O[C@@H]3OC(C)(C)[C@H]([C@@H](O)[C@H]3O)N(C)C)C(Cl)=C4)[N+]([H])([H])[H])=C12,SAWXMTQYIIZWNU-RGEBLUSTSA-O,C=C(CO[C@H]1O[C@@H](CO)[C@@H](O)[C@@H](O)[C@H]1O)[C@H]1Cc2c(ccc3c2O[C@H]2COc4cc(OC)c(OC)cc4[C@@H]2C3=O)O1,ZINC15 : ZINC000006907021,espsim_electrostatic,0.20270270270270271,zinc15
[H]N1C(=O)C(=C)OC2=CC(OC)=CC(C(=O)O[C@H]3COC(=O)C[C@@H](C4=CC(O)=C(O[C@]5([H])C6=C(C=C3C=C6)C3=CC=C[C@]53O[C@@H]3OC(C)(C)[C@H]([C@@H](O)[C@H]3O)N(C)C)C(Cl)=C4)[N+]([H])([H])[H])=C12,SAWXMTQYIIZWNU-RGEBLUSTSA-O,C=C(CO[C@H]1O[C@@H](CO)[C@@H](O)[C@@H](O)[C@H]1O)[C@H]1Cc2c(ccc3c2O[C@H]2COc4cc(OC)c(OC)cc4[C@H]2C3=O)O1,ZINC15 : ZINC000006907020,espsim_electrostatic,0.20270270270270271,zinc15
[H]N1C(=O)C(=C)OC2=CC(OC)=CC(C(=O)O[C@H]3COC(=O)C[C@@H](C4=CC(O)=C(O[C@]5([H])C6=C(C=C3C=C6)C3=CC=C[C@]53O[C@@H]3OC(C)(C)[C@H]([C@@H](O)[C@H]3O)N(C)C)C(Cl)=C4)[N+]([H])([H])[H])=C12,SAWXMTQYIIZWNU-RGEBLUSTSA-O,C=C(CO[C@H]1O[C@@H](CO)[C@H](O)[C@@H](O)[C@@H]1O)[C@@H]1Cc2c(ccc3c2O[C@@H]2COc4cc(OC)c(OC)cc4[C@H]2C3=O)O1,ZINC15 : ZINC000253501237,espsim_electrostatic,0.20270270270270271,zinc15
[H]N1C(=O)C(=C)OC2=CC(OC)=CC(C(=O)O[C@H]3COC(=O)C[C@@H](C4=CC(O)=C(O[C@]5([H])C6=C(C=C3C=C6)C3=CC=C[C@]53O[C@@H]3OC(C)(C)[C@H]([C@@H](O)[C@H]3O)N(C)C)C(Cl)=C4)[N+]([H])([H])[H])=C12,SAWXMTQYIIZWNU-RGEBLUSTSA-O,C=C(CO[C@H]1O[C@@H](CO)[C@H](O)[C@@H](O)[C@@H]1O)[C@@H]1Cc2c(ccc3c2O[C@H]2COc4cc(OC)c(OC)cc4[C@@H]2C3=O)O1,ZINC15 : ZINC000253501232,espsim_electrostatic,0.20270270270270271,zinc15
[H]N1C(=O)C(=C)OC2=CC(OC)=CC(C(=O)O[C@H]3COC(=O)C[C@@H](C4=CC(O)=C(O[C@]5([H])C6=C(C=C3C=C6)C3=CC=C[C@]53O[C@@H]3OC(C)(C)[C@H]([C@@H](O)[C@H]3O)N(C)C)C(Cl)=C4)[N+]([H])([H])[H])=C12,SAWXMTQYIIZWNU-RGEBLUSTSA-O,C=C(CO[C@H]1O[C@@H](CO)[C@H](O)[C@@H](O)[C@@H]1O)[C@@H]1Cc2c(ccc3c2O[C@H]2COc4cc(OC)c(OC)cc4[C@H]2C3=O)O1,ZINC15 : ZINC000238762297,espsim_electrostatic,0.20270270270270271,zinc15
[H]N1C(=O)C(=C)OC2=CC(OC)=CC(C(=O)O[C@H]3COC(=O)C[C@@H](C4=CC(O)=C(O[C@]5([H])C6=C(C=C3C=C6)C3=CC=C[C@]53O[C@@H]3OC(C)(C)[C@H]([C@@H](O)[C@H]3O)N(C)C)C(Cl)=C4)[N+]([H])([H])[H])=C12,SAWXMTQYIIZWNU-RGEBLUSTSA-O,O=C1C[C@@H](c2ccc(O)cc2)Oc2cc(O[C@@H]3O[C@H](CO)[C@@H](O)[C@H](O)[C@H]3O)cc(O)c21,ZINC15 : ZINC000004097895,espsim_electrostatic,0.1865671641791045,zinc15
[H]N1C(=O)C(=C)OC2=CC(OC)=CC(C(=O)O[C@H]3COC(=O)C[C@@H](C4=CC(O)=C(O[C@]5([H])C6=C(C=C3C=C6)C3=CC=C[C@]53O[C@@H]3OC(C)(C)[C@H]([C@@H](O)[C@H]3O)N(C)C)C(Cl)=C4)[N+]([H])([H])[H])=C12,SAWXMTQYIIZWNU-RGEBLUSTSA-O,CC1=C(C(=O)OCCc2ccccc2)[C@@H](c2cc3c(cc2Cl)OCO3)C2=C(C[C@H](c3ccc(Cl)cc3)CC2=O)N1,ZINC15 : ZINC000002758315,espsim_electrostatic,0.1836734693877551,zinc15
[H]N1C(=O)C(=C)OC2=CC(OC)=CC(C(=O)O[C@H]3COC(=O)C[C@@H](C4=CC(O)=C(O[C@]5([H])C6=C(C=C3C=C6)C3=CC=C[C@]53O[C@@H]3OC(C)(C)[C@H]([C@@H](O)[C@H]3O)N(C)C)C(Cl)=C4)[N+]([H])([H])[H])=C12,SAWXMTQYIIZWNU-RGEBLUSTSA-O,CC1=C(C(=O)OCCc2ccccc2)[C@H](c2cc3c(cc2Cl)OCO3)C2=C(C[C@H](c3ccc(Cl)cc3)CC2=O)N1,ZINC15 : ZINC000002758316,espsim_electrostatic,0.1836734693877551,zinc15
[H]N1C(=O)C(=C)OC2=CC(OC)=CC(C(=O)O[C@H]3COC(=O)C[C@@H](C4=CC(O)=C(O[C@]5([H])C6=C(C=C3C=C6)C3=CC=C[C@]53O[C@@H]3OC(C)(C)[C@H]([C@@H](O)[C@H]3O)N(C)C)C(Cl)=C4)[N+]([H])([H])[H])=C12,SAWXMTQYIIZWNU-RGEBLUSTSA-O,CC1=C(C(=O)OCCc2ccccc2)[C@@H](c2cc3c(cc2Cl)OCO3)C2=C(C[C@@H](c3ccc(Cl)cc3)CC2=O)N1,ZINC15 : ZINC000002758313,espsim_electrostatic,0.1836734693877551,zinc15
[H]N1C(=O)C(=C)OC2=CC(OC)=CC(C(=O)O[C@H]3COC(=O)C[C@@H](C4=CC(O)=C(O[C@]5([H])C6=C(C=C3C=C6)C3=CC=C[C@]53O[C@@H]3OC(C)(C)[C@H]([C@@H](O)[C@H]3O)N(C)C)C(Cl)=C4)[N+]([H])([H])[H])=C12,SAWXMTQYIIZWNU-RGEBLUSTSA-O,CC1=C(C(=O)OCCc2ccccc2)[C@H](c2cc3c(cc2Cl)OCO3)C2=C(C[C@@H](c3ccc(Cl)cc3)CC2=O)N1,ZINC15 : ZINC000002758314,espsim_electrostatic,0.1836734693877551,zinc15
[H]N1C(=O)C(=C)OC2=CC(OC)=CC(C(=O)O[C@H]3COC(=O)C[C@@H](C4=CC(O)=C(O[C@]5([H])C6=C(C=C3C=C6)C3=CC=C[C@]53O[C@@H]3OC(C)(C)[C@H]([C@@H](O)[C@H]3O)N(C)C)C(Cl)=C4)[N+]([H])([H])[H])=C12,SAWXMTQYIIZWNU-RGEBLUSTSA-O,CC(C)(C)OC(=O)N1CC[C@@H]2O[C@@H]3c4ccc(O[C@@H]5OC[C@@H](O)[C@H](O)[C@H]5O)cc4OC(C)(C)[C@H]3C[C@@H]2C1,ZINC15 : ZINC000257323536,espsim_electrostatic,0.18120805369127516,zinc15
[H]N1C(=O)C(=C)OC2=CC(OC)=CC(C(=O)O[C@H]3COC(=O)C[C@@H](C4=CC(O)=C(O[C@]5([H])C6=C(C=C3C=C6)C3=CC=C[C@]53O[C@@H]3OC(C)(C)[C@H]([C@@H](O)[C@H]3O)N(C)C)C(Cl)=C4)[N+]([H])([H])[H])=C12,SAWXMTQYIIZWNU-RGEBLUSTSA-O,COC1=CC2=C(OCC2OC(=O)CSC2=CC=NC=C2)C(Br)=C1,ENAMINE-REAL : PV-008673542100,espsim_electrostatic,0.18045112781954886,enamine-real
[H]N1C(=O)C(=C)OC2=CC(OC)=CC(C(=O)O[C@H]3COC(=O)C[C@@H](C4=CC(O)=C(O[C@]5([H])C6=C(C=C3C=C6)C3=CC=C[C@]53O[C@@H]3OC(C)(C)[C@H]([C@@H](O)[C@H]3O)N(C)C)C(Cl)=C4)[N+]([H])([H])[H])=C12,SAWXMTQYIIZWNU-RGEBLUSTSA-O,COc1ccc2c(c1)c(/C=C1\Oc3c(ccc4c3[C@H](c3ccc(O)cc3)CC(=O)O4)C1=O)cn2C,ZINC15 : ZINC000263584943,espsim_electrostatic,0.1793103448275862,zinc15
[H]N1C(=O)C(=C)OC2=CC(OC)=CC(C(=O)O[C@H]3COC(=O)C[C@@H](C4=CC(O)=C(O[C@]5([H])C6=C(C=C3C=C6)C3=CC=C[C@]53O[C@@H]3OC(C)(C)[C@H]([C@@H](O)[C@H]3O)N(C)C)C(Cl)=C4)[N+]([H])([H])[H])=C12,SAWXMTQYIIZWNU-RGEBLUSTSA-O,COc1ccc2c(c1)c(/C=C1\Oc3c(ccc4c3[C@@H](c3ccc(O)cc3)CC(=O)O4)C1=O)cn2C,ZINC15 : ZINC000263584942,espsim_electrostatic,0.1793103448275862,zinc15
[H]N1C(=O)C(=C)OC2=CC(OC)=CC(C(=O)O[C@H]3COC(=O)C[C@@H](C4=CC(O)=C(O[C@]5([H])C6=C(C=C3C=C6)C3=CC=C[C@]53O[C@@H]3OC(C)(C)[C@H]([C@@H](O)[C@H]3O)N(C)C)C(Cl)=C4)[N+]([H])([H])[H])=C12,SAWXMTQYIIZWNU-RGEBLUSTSA-O,CC1=C(C(=O)OCCc2ccccc2)[C@H](c2cc3c(cc2Br)OCO3)C2=C(C[C@@H](c3ccc(Cl)cc3)CC2=O)N1,ZINC15 : ZINC000100077176,espsim_electrostatic,0.17333333333333334,zinc15
[H]N1C(=O)C(=C)OC2=CC(OC)=CC(C(=O)O[C@H]3COC(=O)C[C@@H](C4=CC(O)=C(O[C@]5([H])C6=C(C=C3C=C6)C3=CC=C[C@]53O[C@@H]3OC(C)(C)[C@H]([C@@H](O)[C@H]3O)N(C)C)C(Cl)=C4)[N+]([H])([H])[H])=C12,SAWXMTQYIIZWNU-RGEBLUSTSA-O,CC1=C(C(=O)OCCc2ccccc2)[C@@H](c2cc3c(cc2Br)OCO3)C2=C(C[C@@H](c3ccc(Cl)cc3)CC2=O)N1,ZINC15 : ZINC000100077182,espsim_electrostatic,0.17333333333333334,zinc15
[H]N1C(=O)C(=C)OC2=CC(OC)=CC(C(=O)O[C@H]3COC(=O)C[C@@H](C4=CC(O)=C(O[C@]5([H])C6=C(C=C3C=C6)C3=CC=C[C@]53O[C@@H]3OC(C)(C)[C@H]([C@@H](O)[C@H]3O)N(C)C)C(Cl)=C4)[N+]([H])([H])[H])=C12,SAWXMTQYIIZWNU-RGEBLUSTSA-O,CC1=C(C(=O)OCCc2ccccc2)[C@H](c2cc3c(cc2Br)OCO3)C2=C(C[C@H](c3ccc(Cl)cc3)CC2=O)N1,ZINC15 : ZINC000100077169,espsim_electrostatic,0.17333333333333334,zinc15
[H]N1C(=O)C(=C)OC2=CC(OC)=CC(C(=O)O[C@H]3COC(=O)C[C@@H](C4=CC(O)=C(O[C@]5([H])C6=C(C=C3C=C6)C3=CC=C[C@]53O[C@@H]3OC(C)(C)[C@H]([C@@H](O)[C@H]3O)N(C)C)C(Cl)=C4)[N+]([H])([H])[H])=C12,SAWXMTQYIIZWNU-RGEBLUSTSA-O,CC1=C(C(=O)OCCc2ccccc2)[C@@H](c2cc3c(cc2Br)OCO3)C2=C(C[C@H](c3ccc(Cl)cc3)CC2=O)N1,ZINC15 : ZINC000100077173,espsim_electrostatic,0.17333333333333334,zinc15
[H]N1C(=O)C(=C)OC2=CC(OC)=CC(C(=O)O[C@H]3COC(=O)C[C@@H](C4=CC(O)=C(O[C@]5([H])C6=C(C=C3C=C6)C3=CC=C[C@]53O[C@@H]3OC(C)(C)[C@H]([C@@H](O)[C@H]3O)N(C)C)C(Cl)=C4)[N+]([H])([H])[H])=C12,SAWXMTQYIIZWNU-RGEBLUSTSA-O,C=C(C)[C@@H]1Cc2c(cc(O)c3c2O[C@@H]2[C@H](O)Oc4cc(OC)c(OC)cc4[C@]2(O)C3=O)O1,ZINC15 : ZINC000014829201,espsim_electrostatic,0.17142857142857143,zinc15
[H]N1C(=O)C(=C)OC2=CC(OC)=CC(C(=O)O[C@H]3COC(=O)C[C@@H](C4=CC(O)=C(O[C@]5([H])C6=C(C=C3C=C6)C3=CC=C[C@]53O[C@@H]3OC(C)(C)[C@H]([C@@H](O)[C@H]3O)N(C)C)C(Cl)=C4)[N+]([H])([H])[H])=C12,SAWXMTQYIIZWNU-RGEBLUSTSA-O,C=C(C)[C@@H]1Cc2c(cc(O)c3c2O[C@@H]2[C@@H](O)Oc4cc(OC)c(OC)cc4[C@@]2(O)C3=O)O1,ZINC15 : ZINC000229758556,espsim_electrostatic,0.17142857142857143,zinc15
[H]N1C(=O)C(=C)OC2=CC(OC)=CC(C(=O)O[C@H]3COC(=O)C[C@@H](C4=CC(O)=C(O[C@]5([H])C6=C(C=C3C=C6)C3=CC=C[C@]53O[C@@H]3OC(C)(C)[C@H]([C@@H](O)[C@H]3O)N(C)C)C(Cl)=C4)[N+]([H])([H])[H])=C12,SAWXMTQYIIZWNU-RGEBLUSTSA-O,C=C(C)[C@@H]1Cc2c(cc(O)c3c2O[C@H]2[C@H](O)Oc4cc(OC)c(OC)cc4[C@]2(O)C3=O)O1,ZINC15 : ZINC000014829198,espsim_electrostatic,0.17142857142857143,zinc15
[H]N1C(=O)C(=C)OC2=CC(OC)=CC(C(=O)O[C@H]3COC(=O)C[C@@H](C4=CC(O)=C(O[C@]5([H])C6=C(C=C3C=C6)C3=CC=C[C@]53O[C@@H]3OC(C)(C)[C@H]([C@@H](O)[C@H]3O)N(C)C)C(Cl)=C4)[N+]([H])([H])[H])=C12,SAWXMTQYIIZWNU-RGEBLUSTSA-O,C=C(C)[C@@H]1Cc2c(cc(O)c3c2O[C@@H]2[C@H](O)Oc4cc(OC)c(OC)cc4[C@@]2(O)C3=O)O1,ZINC15 : ZINC000253388228,espsim_electrostatic,0.17142857142857143,zinc15
[H]N1C(=O)C(=C)OC2=CC(OC)=CC(C(=O)O[C@H]3COC(=O)C[C@@H](C4=CC(O)=C(O[C@]5([H])C6=C(C=C3C=C6)C3=CC=C[C@]53O[C@@H]3OC(C)(C)[C@H]([C@@H](O)[C@H]3O)N(C)C)C(Cl)=C4)[N+]([H])([H])[H])=C12,SAWXMTQYIIZWNU-RGEBLUSTSA-O,C=C(C)[C@H]1Cc2c(cc(O)c3c2O[C@@H]2[C@H](O)Oc4cc(OC)c(OC)cc4[C@]2(O)C3=O)O1,ZINC15 : ZINC000035455308,espsim_electrostatic,0.17142857142857143,zinc15
[H]N1C(=O)C(=C)OC2=CC(OC)=CC(C(=O)O[C@H]3COC(=O)C[C@@H](C4=CC(O)=C(O[C@]5([H])C6=C(C=C3C=C6)C3=CC=C[C@]53O[C@@H]3OC(C)(C)[C@H]([C@@H](O)[C@H]3O)N(C)C)C(Cl)=C4)[N+]([H])([H])[H])=C12,SAWXMTQYIIZWNU-RGEBLUSTSA-O,C=C(C)[C@H]1Cc2c(cc(O)c3c2O[C@H]2[C@H](O)Oc4cc(OC)c(OC)cc4[C@]2(O)C3=O)O1,ZINC15 : ZINC000035455312,espsim_electrostatic,0.17142857142857143,zinc15
[H]N1C(=O)C(=C)OC2=CC(OC)=CC(C(=O)O[C@H]3COC(=O)C[C@@H](C4=CC(O)=C(O[C@]5([H])C6=C(C=C3C=C6)C3=CC=C[C@]53O[C@@H]3OC(C)(C)[C@H]([C@@H](O)[C@H]3O)N(C)C)C(Cl)=C4)[N+]([H])([H])[H])=C12,SAWXMTQYIIZWNU-RGEBLUSTSA-O,C=C(C)[C@@H]1Cc2c(cc(O)c3c2O[C@@H]2[C@@H](O)Oc4cc(OC)c(OC)cc4[C@]2(O)C3=O)O1,ZINC15 : ZINC000014829202,espsim_electrostatic,0.17142857142857143,zinc15
[H]N1C(=O)C(=C)OC2=CC(OC)=CC(C(=O)O[C@H]3COC(=O)C[C@@H](C4=CC(O)=C(O[C@]5([H])C6=C(C=C3C=C6)C3=CC=C[C@]53O[C@@H]3OC(C)(C)[C@H]([C@@H](O)[C@H]3O)N(C)C)C(Cl)=C4)[N+]([H])([H])[H])=C12,SAWXMTQYIIZWNU-RGEBLUSTSA-O,CC(=O)N[C@@H]1[C@@H](O)[C@@H](O)[C@@H](CO)O[C@H]1Oc1ccc2c(c1)Oc1cc(O)ccc1[C@]21OC(=O)c2ccccc21,ZINC15 : ZINC000100546300,espsim_electrostatic,0.17006802721088435,zinc15
[H]N1C(=O)C(=C)OC2=CC(OC)=CC(C(=O)O[C@H]3COC(=O)C[C@@H](C4=CC(O)=C(O[C@]5([H])C6=C(C=C3C=C6)C3=CC=C[C@]53O[C@@H]3OC(C)(C)[C@H]([C@@H](O)[C@H]3O)N(C)C)C(Cl)=C4)[N+]([H])([H])[H])=C12,SAWXMTQYIIZWNU-RGEBLUSTSA-O,CC(=O)N[C@@H]1[C@@H](O)[C@@H](O)[C@@H](CO)O[C@H]1Oc1ccc2c(c1)Oc1cc(O)ccc1[C@@]21OC(=O)c2ccccc21,ZINC15 : ZINC000100546304,espsim_electrostatic,0.17006802721088435,zinc15
[H]N1C(=O)C(=C)OC2=CC(OC)=CC(C(=O)O[C@H]3COC(=O)C[C@@H](C4=CC(O)=C(O[C@]5([H])C6=C(C=C3C=C6)C3=CC=C[C@]53O[C@@H]3OC(C)(C)[C@H]([C@@H](O)[C@H]3O)N(C)C)C(Cl)=C4)[N+]([H])([H])[H])=C12,SAWXMTQYIIZWNU-RGEBLUSTSA-O,CC(=O)N[C@@H]1[C@@H](O)[C@H](O)[C@@H](CO)O[C@H]1Oc1ccc2c(c1)Oc1cc(O)ccc1[C@@]21OC(=O)c2ccccc21,ZINC15 : ZINC000137203825,espsim_electrostatic,0.17006802721088435,zinc15
[H]N1C(=O)C(=C)OC2=CC(OC)=CC(C(=O)O[C@H]3COC(=O)C[C@@H](C4=CC(O)=C(O[C@]5([H])C6=C(C=C3C=C6)C3=CC=C[C@]53O[C@@H]3OC(C)(C)[C@H]([C@@H](O)[C@H]3O)N(C)C)C(Cl)=C4)[N+]([H])([H])[H])=C12,SAWXMTQYIIZWNU-RGEBLUSTSA-O,CC(=O)N[C@@H]1[C@@H](O)[C@H](O)[C@@H](CO)O[C@H]1Oc1ccc2c(c1)Oc1cc(O)ccc1[C@]21OC(=O)c2ccccc21,ZINC15 : ZINC000137203775,espsim_electrostatic,0.17006802721088435,zinc15
[H]N1C(=O)C(=C)OC2=CC(OC)=CC(C(=O)O[C@H]3COC(=O)C[C@@H](C4=CC(O)=C(O[C@]5([H])C6=C(C=C3C=C6)C3=CC=C[C@]53O[C@@H]3OC(C)(C)[C@H]([C@@H](O)[C@H]3O)N(C)C)C(Cl)=C4)[N+]([H])([H])[H])=C12,SAWXMTQYIIZWNU-RGEBLUSTSA-O,COc1cc([C@@H]2c3cc4c(cc3[C@@H](O[C@@H]3O[C@@H]5CO[C@@H](C)O[C@H]5[C@H](O)[C@H]3O)[C@H]3COC(=O)[C@@H]32)OCO4)cc(O)c1O,ZINC15 : ZINC000077287212,espsim_electrostatic,0.16666666666666666,zinc15
[H]N1C(=O)C(=C)OC2=CC(OC)=CC(C(=O)O[C@H]3COC(=O)C[C@@H](C4=CC(O)=C(O[C@]5([H])C6=C(C=C3C=C6)C3=CC=C[C@]53O[C@@H]3OC(C)(C)[C@H]([C@@H](O)[C@H]3O)N(C)C)C(Cl)=C4)[N+]([H])([H])[H])=C12,SAWXMTQYIIZWNU-RGEBLUSTSA-O,C=C[C@@H]1O[C@@H](Oc2cc(O)cc(OC)c2)[C@H]2OC(C)(C)O[C@@H]12,ZINC15 : ZINC001230718092,espsim_electrostatic,0.16535433070866143,zinc15
[H]N1C(=O)C(=C)OC2=CC(OC)=CC(C(=O)O[C@H]3COC(=O)C[C@@H](C4=CC(O)=C(O[C@]5([H])C6=C(C=C3C=C6)C3=CC=C[C@]53O[C@@H]3OC(C)(C)[C@H]([C@@H](O)[C@H]3O)N(C)C)C(Cl)=C4)[N+]([H])([H])[H])=C12,SAWXMTQYIIZWNU-RGEBLUSTSA-O,C=C[C@@H]1O[C@H](Oc2cc(O)cc(OC)c2)[C@H]2OC(C)(C)O[C@@H]12,ZINC15 : ZINC001230718091,espsim_electrostatic,0.16535433070866143,zinc15
[H]N1C(=O)C(=C)OC2=CC(OC)=CC(C(=O)O[C@H]3COC(=O)C[C@@H](C4=CC(O)=C(O[C@]5([H])C6=C(C=C3C=C6)C3=CC=C[C@]53O[C@@H]3OC(C)(C)[C@H]([C@@H](O)[C@H]3O)N(C)C)C(Cl)=C4)[N+]([H])([H])[H])=C12,SAWXMTQYIIZWNU-RGEBLUSTSA-O,CC(=O)N[C@@H]1[C@@H](Oc2cc3c(cc2Cl)[C@]2(OC(=O)c4ccccc42)c2cc(Cl)c(OCC(=O)[O-])cc2O3)O[C@@H](CO)[C@H](O)[C@H]1O,ZINC15 : ZINC000584578035,espsim_electrostatic,0.16339869281045752,zinc15
[H]N1C(=O)C(=C)OC2=CC(OC)=CC(C(=O)O[C@H]3COC(=O)C[C@@H](C4=CC(O)=C(O[C@]5([H])C6=C(C=C3C=C6)C3=CC=C[C@]53O[C@@H]3OC(C)(C)[C@H]([C@@H](O)[C@H]3O)N(C)C)C(Cl)=C4)[N+]([H])([H])[H])=C12,SAWXMTQYIIZWNU-RGEBLUSTSA-O,CC(=O)N[C@@H]1[C@@H](Oc2cc3c(cc2Cl)[C@@]2(OC(=O)c4ccccc42)c2cc(Cl)c(OCC(=O)[O-])cc2O3)O[C@@H](CO)[C@H](O)[C@H]1O,ZINC15 : ZINC000584578036,espsim_electrostatic,0.16339869281045752,zinc15
[H]N1C(=O)C(=C)OC2=CC(OC)=CC(C(=O)O[C@H]3COC(=O)C[C@@H](C4=CC(O)=C(O[C@]5([H])C6=C(C=C3C=C6)C3=CC=C[C@]53O[C@@H]3OC(C)(C)[C@H]([C@@H](O)[C@H]3O)N(C)C)C(Cl)=C4)[N+]([H])([H])[H])=C12,SAWXMTQYIIZWNU-RGEBLUSTSA-O,COC1=CC=CC([C@H]2C[C@H](N(C)C(=O)C3=CN=C4C(F)=C(F)C=CC4=C3O)C2)=C1,ENAMINE-REAL : Z2456845586,espsim_electrostatic,0.16312056737588654,enamine-real
[H]N1C(=O)C(=C)OC2=CC(OC)=CC(C(=O)O[C@H]3COC(=O)C[C@@H](C4=CC(O)=C(O[C@]5([H])C6=C(C=C3C=C6)C3=CC=C[C@]53O[C@@H]3OC(C)(C)[C@H]([C@@H](O)[C@H]3O)N(C)C)C(Cl)=C4)[N+]([H])([H])[H])=C12,SAWXMTQYIIZWNU-RGEBLUSTSA-O,CCN(CC)c1ccc(C2C3=C(CC(C)(C)CC3=O)OC3=C2C(=O)CC(C)(C)C3)c(OCc2ccc(Cl)cc2Cl)c1,ZINC15 : ZINC000105502672,espsim_electrostatic,0.16083916083916083,zinc15
[H]N1C(=O)C(=C)OC2=CC(OC)=CC(C(=O)O[C@H]3COC(=O)C[C@@H](C4=CC(O)=C(O[C@]5([H])C6=C(C=C3C=C6)C3=CC=C[C@]53O[C@@H]3OC(C)(C)[C@H]([C@@H](O)[C@H]3O)N(C)C)C(Cl)=C4)[N+]([H])([H])[H])=C12,SAWXMTQYIIZWNU-RGEBLUSTSA-O,COC1=CC=C(C(=O)O[C@H]2CCCOC3=C(F)C=CC=C32)N=C1Br,ENAMINE-REAL : Z1963656707,espsim_electrostatic,0.16058394160583941,enamine-real
[H]N1C(=O)C(=C)OC2=CC(OC)=CC(C(=O)O[C@H]3COC(=O)C[C@@H](C4=CC(O)=C(O[C@]5([H])C6=C(C=C3C=C6)C3=CC=C[C@]53O[C@@H]3OC(C)(C)[C@H]([C@@H](O)[C@H]3O)N(C)C)C(Cl)=C4)[N+]([H])([H])[H])=C12,SAWXMTQYIIZWNU-RGEBLUSTSA-O,COC1=CC=C(C(=O)O[C@@H]2CCCOC3=C(F)C=CC=C32)N=C1Br,ENAMINE-REAL : Z1963647810,espsim_electrostatic,0.16058394160583941,enamine-real
[H]N1C(=O)C(=C)OC2=CC(OC)=CC(C(=O)O[C@H]3COC(=O)C[C@@H](C4=CC(O)=C(O[C@]5([H])C6=C(C=C3C=C6)C3=CC=C[C@]53O[C@@H]3OC(C)(C)[C@H]([C@@H](O)[C@H]3O)N(C)C)C(Cl)=C4)[N+]([H])([H])[H])=C12,SAWXMTQYIIZWNU-RGEBLUSTSA-O,COC1=CC=C(C(=O)OC2CCCOC3=C(F)C=CC=C32)N=C1Br,ENAMINE-REAL : Z1963562409,espsim_electrostatic,0.16058394160583941,enamine-real
[H]N1C(=O)C(=C)OC2=CC(OC)=CC(C(=O)O[C@H]3COC(=O)C[C@@H](C4=CC(O)=C(O[C@]5([H])C6=C(C=C3C=C6)C3=CC=C[C@]53O[C@@H]3OC(C)(C)[C@H]([C@@H](O)[C@H]3O)N(C)C)C(Cl)=C4)[N+]([H])([H])[H])=C12,SAWXMTQYIIZWNU-RGEBLUSTSA-O,COc1cc([C@@H]2c3cc4c(cc3[C@H](O[C@@H]3O[C@@H]5CO[C@H](c6cccs6)O[C@@H]5[C@H](O)[C@@H]3O)[C@H]3COC(=O)[C@H]32)OCO4)cc(OC)c1O,ZINC15 : ZINC000253928518,espsim_electrostatic,0.15822784810126583,zinc15
[H]N1C(=O)C(=C)OC2=CC(OC)=CC(C(=O)O[C@H]3COC(=O)C[C@@H](C4=CC(O)=C(O[C@]5([H])C6=C(C=C3C=C6)C3=CC=C[C@]53O[C@@H]3OC(C)(C)[C@H]([C@@H](O)[C@H]3O)N(C)C)C(Cl)=C4)[N+]([H])([H])[H])=C12,SAWXMTQYIIZWNU-RGEBLUSTSA-O,COc1cc([C@@H]2c3cc4c(cc3[C@@H](O[C@@H]3O[C@@H]5CO[C@H](c6cccs6)O[C@@H]5[C@@H](O)[C@H]3O)[C@H]3COC(=O)[C@@H]32)OCO4)cc(OC)c1O,ZINC15 : ZINC000245190530,espsim_electrostatic,0.15822784810126583,zinc15
[H]N1C(=O)C(=C)OC2=CC(OC)=CC(C(=O)O[C@H]3COC(=O)C[C@@H](C4=CC(O)=C(O[C@]5([H])C6=C(C=C3C=C6)C3=CC=C[C@]53O[C@@H]3OC(C)(C)[C@H]([C@@H](O)[C@H]3O)N(C)C)C(Cl)=C4)[N+]([H])([H])[H])=C12,SAWXMTQYIIZWNU-RGEBLUSTSA-O,COc1cc([C@H]2c3cc4c(cc3[C@@H](O[C@@H]3O[C@@H]5CO[C@H](c6cccs6)O[C@H]5[C@H](O)[C@H]3O)[C@H]3COC(=O)[C@@H]32)OCO4)cc(OC)c1O,ZINC15 : ZINC000204007294,espsim_electrostatic,0.15822784810126583,zinc15
[H]N1C(=O)C(=C)OC2=CC(OC)=CC(C(=O)O[C@H]3COC(=O)C[C@@H](C4=CC(O)=C(O[C@]5([H])C6=C(C=C3C=C6)C3=CC=C[C@]53O[C@@H]3OC(C)(C)[C@H]([C@@H](O)[C@H]3O)N(C)C)C(Cl)=C4)[N+]([H])([H])[H])=C12,SAWXMTQYIIZWNU-RGEBLUSTSA-O,COc1cc([C@@H]2c3cc4c(cc3[C@H](O[C@H]3O[C@H]5CO[C@H](c6cccs6)O[C@@H]5[C@@H](O)[C@H]3O)[C@H]3COC(=O)[C@@H]32)OCO4)cc(OC)c1O,ZINC15 : ZINC000003831506,espsim_electrostatic,0.15822784810126583,zinc15
[H]N1C(=O)C(=C)OC2=CC(OC)=CC(C(=O)O[C@H]3COC(=O)C[C@@H](C4=CC(O)=C(O[C@]5([H])C6=C(C=C3C=C6)C3=CC=C[C@]53O[C@@H]3OC(C)(C)[C@H]([C@@H](O)[C@H]3O)N(C)C)C(Cl)=C4)[N+]([H])([H])[H])=C12,SAWXMTQYIIZWNU-RGEBLUSTSA-O,COc1cc([C@@H]2c3cc4c(cc3[C@H](O[C@@H]3O[C@@H]5CO[C@H](c6cccs6)O[C@@H]5[C@H](O)[C@@H]3O)[C@@H]3COC(=O)[C@H]32)OCO4)cc(OC)c1O,ZINC15 : ZINC000253928517,espsim_electrostatic,0.15822784810126583,zinc15
[H]N1C(=O)C(=C)OC2=CC(OC)=CC(C(=O)O[C@H]3COC(=O)C[C@@H](C4=CC(O)=C(O[C@]5([H])C6=C(C=C3C=C6)C3=CC=C[C@]53O[C@@H]3OC(C)(C)[C@H]([C@@H](O)[C@H]3O)N(C)C)C(Cl)=C4)[N+]([H])([H])[H])=C12,SAWXMTQYIIZWNU-RGEBLUSTSA-O,COc1cc([C@@H]2c3cc4c(cc3[C@@H](O[C@@H]3O[C@@H]5CO[C@H](c6cccs6)O[C@H]5[C@H](O)[C@H]3O)[C@H]3COC(=O)[C@@H]32)OCO4)cc(OC)c1O,ZINC15 : ZINC000004099008,espsim_electrostatic,0.15822784810126583,zinc15
[H]N1C(=O)C(=C)OC2=CC(OC)=CC(C(=O)O[C@H]3COC(=O)C[C@@H](C4=CC(O)=C(O[C@]5([H])C6=C(C=C3C=C6)C3=CC=C[C@]53O[C@@H]3OC(C)(C)[C@H]([C@@H](O)[C@H]3O)N(C)C)C(Cl)=C4)[N+]([H])([H])[H])=C12,SAWXMTQYIIZWNU-RGEBLUSTSA-O,COc1cc([C@H]2c3cc4c(cc3[C@H](O[C@H]3O[C@H]5CO[C@H](c6cccs6)O[C@@H]5[C@@H](O)[C@@H]3O)[C@@H]3COC(=O)[C@H]32)OCO4)cc(OC)c1O,ZINC15 : ZINC000584578842,espsim_electrostatic,0.15822784810126583,zinc15
[H]N1C(=O)C(=C)OC2=CC(OC)=CC(C(=O)O[C@H]3COC(=O)C[C@@H](C4=CC(O)=C(O[C@]5([H])C6=C(C=C3C=C6)C3=CC=C[C@]53O[C@@H]3OC(C)(C)[C@H]([C@@H](O)[C@H]3O)N(C)C)C(Cl)=C4)[N+]([H])([H])[H])=C12,SAWXMTQYIIZWNU-RGEBLUSTSA-O,COc1cc([C@H]2c3cc4c(cc3[C@@H](O[C@H]3O[C@H]5CO[C@H](c6cccs6)O[C@@H]5[C@@H](O)[C@H]3O)[C@H]3COC(=O)[C@@H]32)OCO4)cc(OC)c1O,ZINC15 : ZINC000003831509,espsim_electrostatic,0.15822784810126583,zinc15
[H]N1C(=O)C(=C)OC2=CC(OC)=CC(C(=O)O[C@H]3COC(=O)C[C@@H](C4=CC(O)=C(O[C@]5([H])C6=C(C=C3C=C6)C3=CC=C[C@]53O[C@@H]3OC(C)(C)[C@H]([C@@H](O)[C@H]3O)N(C)C)C(Cl)=C4)[N+]([H])([H])[H])=C12,SAWXMTQYIIZWNU-RGEBLUSTSA-O,COc1cc([C@H]2c3cc4c(cc3[C@H](O[C@H]3O[C@H]5CO[C@H](c6cccs6)O[C@@H]5[C@@H](O)[C@H]3O)[C@H]3COC(=O)[C@@H]32)OCO4)cc(OC)c1O,ZINC15 : ZINC000003831507,espsim_electrostatic,0.15822784810126583,zinc15
[H]N1C(=O)C(=C)OC2=CC(OC)=CC(C(=O)O[C@H]3COC(=O)C[C@@H](C4=CC(O)=C(O[C@]5([H])C6=C(C=C3C=C6)C3=CC=C[C@]53O[C@@H]3OC(C)(C)[C@H]([C@@H](O)[C@H]3O)N(C)C)C(Cl)=C4)[N+]([H])([H])[H])=C12,SAWXMTQYIIZWNU-RGEBLUSTSA-O,COc1cc([C@@H]2c3cc4c(cc3[C@@H](O[C@H]3O[C@H]5CO[C@@H](c6cccs6)O[C@@H]5[C@@H](O)[C@@H]3O)[C@H]3COC(=O)[C@@H]32)OCO4)cc(OC)c1O,ZINC15 : ZINC000028226562,espsim_electrostatic,0.15822784810126583,zinc15
[H]N1C(=O)C(=C)OC2=CC(OC)=CC(C(=O)O[C@H]3COC(=O)C[C@@H](C4=CC(O)=C(O[C@]5([H])C6=C(C=C3C=C6)C3=CC=C[C@]53O[C@@H]3OC(C)(C)[C@H]([C@@H](O)[C@H]3O)N(C)C)C(Cl)=C4)[N+]([H])([H])[H])=C12,SAWXMTQYIIZWNU-RGEBLUSTSA-O,COc1cc([C@@H]2c3cc4c(cc3[C@@H](O[C@@H]3O[C@@H]5CO[C@H](c6cccs6)O[C@@H]5[C@H](O)[C@H]3O)[C@H]3COC(=O)[C@@H]32)OCO4)cc(OC)c1O,ZINC15 : ZINC000201698152,espsim_electrostatic,0.15822784810126583,zinc15
[H]N1C(=O)C(=C)OC2=CC(OC)=CC(C(=O)O[C@H]3COC(=O)C[C@@H](C4=CC(O)=C(O[C@]5([H])C6=C(C=C3C=C6)C3=CC=C[C@]53O[C@@H]3OC(C)(C)[C@H]([C@@H](O)[C@H]3O)N(C)C)C(Cl)=C4)[N+]([H])([H])[H])=C12,SAWXMTQYIIZWNU-RGEBLUSTSA-O,COc1cc([C@@H]2c3cc4c(cc3[C@@H](O[C@@H]3O[C@@H]5CO[C@H](c6cccs6)O[C@@H]5[C@@H](O)[C@@H]3O)[C@H]3COC(=O)[C@@H]32)OCO4)cc(OC)c1O,ZINC15 : ZINC000245190531,espsim_electrostatic,0.15822784810126583,zinc15
[H]N1C(=O)C(=C)OC2=CC(OC)=CC(C(=O)O[C@H]3COC(=O)C[C@@H](C4=CC(O)=C(O[C@]5([H])C6=C(C=C3C=C6)C3=CC=C[C@]53O[C@@H]3OC(C)(C)[C@H]([C@@H](O)[C@H]3O)N(C)C)C(Cl)=C4)[N+]([H])([H])[H])=C12,SAWXMTQYIIZWNU-RGEBLUSTSA-O,COc1cc([C@@H]2c3cc4c(cc3[C@H](O[C@@H]3O[C@@H]5CO[C@H](c6cccs6)O[C@@H]5[C@H](O)[C@@H]3O)[C@H]3COC(=O)[C@@H]32)OCO4)cc(OC)c1O,ZINC15 : ZINC000150652469,espsim_electrostatic,0.15822784810126583,zinc15
[H]N1C(=O)C(=C)OC2=CC(OC)=CC(C(=O)O[C@H]3COC(=O)C[C@@H](C4=CC(O)=C(O[C@]5([H])C6=C(C=C3C=C6)C3=CC=C[C@]53O[C@@H]3OC(C)(C)[C@H]([C@@H](O)[C@H]3O)N(C)C)C(Cl)=C4)[N+]([H])([H])[H])=C12,SAWXMTQYIIZWNU-RGEBLUSTSA-O,COc1cc([C@@H]2c3cc4c(cc3[C@@H](O[C@H]3O[C@@H]5CO[C@H](c6cccs6)O[C@H]5[C@H](O)[C@H]3O)[C@H]3COC(=O)[C@@H]32)OCO4)cc(OC)c1O,ZINC15 : ZINC000095628281,espsim_electrostatic,0.15822784810126583,zinc15
[H]N1C(=O)C(=C)OC2=CC(OC)=CC(C(=O)O[C@H]3COC(=O)C[C@@H](C4=CC(O)=C(O[C@]5([H])C6=C(C=C3C=C6)C3=CC=C[C@]53O[C@@H]3OC(C)(C)[C@H]([C@@H](O)[C@H]3O)N(C)C)C(Cl)=C4)[N+]([H])([H])[H])=C12,SAWXMTQYIIZWNU-RGEBLUSTSA-O,COc1cc([C@@H]2c3cc4c(cc3[C@H](O[C@@H]3O[C@@H]5CO[C@H](c6cccs6)O[C@@H]5[C@H](O)[C@@H]3O)[C@@H]3COC(=O)[C@@H]32)OCO4)cc(OC)c1O,ZINC15 : ZINC000150652472,espsim_electrostatic,0.15822784810126583,zinc15
[H]N1C(=O)C(=C)OC2=CC(OC)=CC(C(=O)O[C@H]3COC(=O)C[C@@H](C4=CC(O)=C(O[C@]5([H])C6=C(C=C3C=C6)C3=CC=C[C@]53O[C@@H]3OC(C)(C)[C@H]([C@@H](O)[C@H]3O)N(C)C)C(Cl)=C4)[N+]([H])([H])[H])=C12,SAWXMTQYIIZWNU-RGEBLUSTSA-O,COc1cc([C@@H]2c3cc4c(cc3[C@@H](O[C@H]3O[C@H]5CO[C@H](c6cccs6)O[C@@H]5[C@@H](O)[C@H]3O)[C@H]3COC(=O)[C@@H]32)OCO4)cc(OC)c1O,ZINC15 : ZINC000003831508,espsim_electrostatic,0.15822784810126583,zinc15
[H]N1C(=O)C(=C)OC2=CC(OC)=CC(C(=O)O[C@H]3COC(=O)C[C@@H](C4=CC(O)=C(O[C@]5([H])C6=C(C=C3C=C6)C3=CC=C[C@]53O[C@@H]3OC(C)(C)[C@H]([C@@H](O)[C@H]3O)N(C)C)C(Cl)=C4)[N+]([H])([H])[H])=C12,SAWXMTQYIIZWNU-RGEBLUSTSA-O,COc1cc([C@@H]2c3cc4c(cc3[C@@H](O[C@H]3O[C@@H]5CO[C@@H](c6cccs6)O[C@H]5[C@H](O)[C@H]3O)[C@H]3COC(=O)[C@@H]32)OCO4)cc(OC)c1O,ZINC15 : ZINC000095628282,espsim_electrostatic,0.15822784810126583,zinc15
[H]N1C(=O)C(=C)OC2=CC(OC)=CC(C(=O)O[C@H]3COC(=O)C[C@@H](C4=CC(O)=C(O[C@]5([H])C6=C(C=C3C=C6)C3=CC=C[C@]53O[C@@H]3OC(C)(C)[C@H]([C@@H](O)[C@H]3O)N(C)C)C(Cl)=C4)[N+]([H])([H])[H])=C12,SAWXMTQYIIZWNU-RGEBLUSTSA-O,COc1cc([C@@H]2c3cc4c(cc3[C@@H](O[C@@H]3O[C@@H]5CO[C@H](c6cccs6)O[C@@H]5[C@H](O)[C@@H]3O)[C@H]3COC(=O)[C@@H]32)OCO4)cc(OC)c1O,ZINC15 : ZINC000150652465,espsim_electrostatic,0.15822784810126583,zinc15
[H]N1C(=O)C(=C)OC2=CC(OC)=CC(C(=O)O[C@H]3COC(=O)C[C@@H](C4=CC(O)=C(O[C@]5([H])C6=C(C=C3C=C6)C3=CC=C[C@]53O[C@@H]3OC(C)(C)[C@H]([C@@H](O)[C@H]3O)N(C)C)C(Cl)=C4)[N+]([H])([H])[H])=C12,SAWXMTQYIIZWNU-RGEBLUSTSA-O,COc1cc([C@@H]2c3cc4c(cc3[C@@H](O[C@@H]3O[C@@H]5CO[C@@H](c6cccs6)O[C@H]5[C@H](O)[C@H]3O)[C@H]3COC(=O)[C@@H]32)OCO4)cc(OC)c1O,ZINC15 : ZINC000004099009,espsim_electrostatic,0.15822784810126583,zinc15
[H]N1C(=O)C(=C)OC2=CC(OC)=CC(C(=O)O[C@H]3COC(=O)C[C@@H](C4=CC(O)=C(O[C@]5([H])C6=C(C=C3C=C6)C3=CC=C[C@]53O[C@@H]3OC(C)(C)[C@H]([C@@H](O)[C@H]3O)N(C)C)C(Cl)=C4)[N+]([H])([H])[H])=C12,SAWXMTQYIIZWNU-RGEBLUSTSA-O,COc1cc([C@@H]2c3cc4c(cc3[C@@H](O[C@H]3O[C@H]5CO[C@@H](c6cccs6)O[C@@H]5[C@@H](O)[C@H]3O)[C@H]3COC(=O)[C@@H]32)OCO4)cc(OC)c1O,ZINC15 : ZINC000067957213,espsim_electrostatic,0.15822784810126583,zinc15
[H]N1C(=O)C(=C)OC2=CC(OC)=CC(C(=O)O[C@H]3COC(=O)C[C@@H](C4=CC(O)=C(O[C@]5([H])C6=C(C=C3C=C6)C3=CC=C[C@]53O[C@@H]3OC(C)(C)[C@H]([C@@H](O)[C@H]3O)N(C)C)C(Cl)=C4)[N+]([H])([H])[H])=C12,SAWXMTQYIIZWNU-RGEBLUSTSA-O,COc1cc([C@@H]2c3cc4c(cc3[C@@H](O[C@@H]3O[C@H]5CO[C@@H](c6cccs6)O[C@@H]5[C@@H](O)[C@H]3O)[C@H]3COC(=O)[C@@H]32)OCO4)cc(OC)c1O,ZINC15 : ZINC000067957215,espsim_electrostatic,0.15822784810126583,zinc15
[H]N1C(=O)C(=C)OC2=CC(OC)=CC(C(=O)O[C@H]3COC(=O)C[C@@H](C4=CC(O)=C(O[C@]5([H])C6=C(C=C3C=C6)C3=CC=C[C@]53O[C@@H]3OC(C)(C)[C@H]([C@@H](O)[C@H]3O)N(C)C)C(Cl)=C4)[N+]([H])([H])[H])=C12,SAWXMTQYIIZWNU-RGEBLUSTSA-O,COc1cc([C@@H]2c3cc4c(cc3[C@@H](O[C@@H]3O[C@H]5CO[C@@H](c6cccs6)O[C@@H]5[C@@H](O)[C@@H]3O)[C@H]3COC(=O)[C@@H]32)OCO4)cc(OC)c1O,ZINC15 : ZINC000028226559,espsim_electrostatic,0.15822784810126583,zinc15
[H]N1C(=O)C(=C)OC2=CC(OC)=CC(C(=O)O[C@H]3COC(=O)C[C@@H](C4=CC(O)=C(O[C@]5([H])C6=C(C=C3C=C6)C3=CC=C[C@]53O[C@@H]3OC(C)(C)[C@H]([C@@H](O)[C@H]3O)N(C)C)C(Cl)=C4)[N+]([H])([H])[H])=C12,SAWXMTQYIIZWNU-RGEBLUSTSA-O,CC1(C)CCC2=CC=CC(NC(=O)C3=CC=C(O)C(Cl)=C3)=C2O1,ENAMINE-REAL : Z4926765803,espsim_electrostatic,0.15789473684210525,enamine-real
[H]N1C(=O)C(=C)OC2=CC(OC)=CC(C(=O)O[C@H]3COC(=O)C[C@@H](C4=CC(O)=C(O[C@]5([H])C6=C(C=C3C=C6)C3=CC=C[C@]53O[C@@H]3OC(C)(C)[C@H]([C@@H](O)[C@H]3O)N(C)C)C(Cl)=C4)[N+]([H])([H])[H])=C12,SAWXMTQYIIZWNU-RGEBLUSTSA-O,COc1cc(C2C3=C(CC(C)(C)CC3=O)N(Cc3ccccc3)C3=C2C(=O)CC(C)(C)C3)cc(Cl)c1OCC(=O)Nc1cccc(C)c1,ZINC15 : ZINC000409268770,espsim_electrostatic,0.15584415584415584,zinc15
[H]N1C(=O)C(=C)OC2=CC(OC)=CC(C(=O)O[C@H]3COC(=O)C[C@@H](C4=CC(O)=C(O[C@]5([H])C6=C(C=C3C=C6)C3=CC=C[C@]53O[C@@H]3OC(C)(C)[C@H]([C@@H](O)[C@H]3O)N(C)C)C(Cl)=C4)[N+]([H])([H])[H])=C12,SAWXMTQYIIZWNU-RGEBLUSTSA-O,COc1cc(C2C3=C(CC(C)(C)CC3=O)N(Cc3ccccc3)C3=C2C(=O)CC(C)(C)C3)cc(Cl)c1OCC(=O)Nc1cccc(C)c1C,ZINC15 : ZINC000409260580,espsim_electrostatic,0.15584415584415584,zinc15
[H]N1C(=O)C(=C)OC2=CC(OC)=CC(C(=O)O[C@H]3COC(=O)C[C@@H](C4=CC(O)=C(O[C@]5([H])C6=C(C=C3C=C6)C3=CC=C[C@]53O[C@@H]3OC(C)(C)[C@H]([C@@H](O)[C@H]3O)N(C)C)C(Cl)=C4)[N+]([H])([H])[H])=C12,SAWXMTQYIIZWNU-RGEBLUSTSA-O,COC(=O)C1(C2=CC=C(COC(=O)C3COC4=CC=C(O)C=C4O3)C=C2)CC1,ENAMINE-REAL : Z3568042859,espsim_electrostatic,0.15441176470588236,enamine-real
[H]N1C(=O)C(=C)OC2=CC(OC)=CC(C(=O)O[C@H]3COC(=O)C[C@@H](C4=CC(O)=C(O[C@]5([H])C6=C(C=C3C=C6)C3=CC=C[C@]53O[C@@H]3OC(C)(C)[C@H]([C@@H](O)[C@H]3O)N(C)C)C(Cl)=C4)[N+]([H])([H])[H])=C12,SAWXMTQYIIZWNU-RGEBLUSTSA-O,CC[NH+](CC)[C@@H]1C[C@H](O[C@@H]2C[C@](O)(C(=O)CO)Cc3c(O)c4c(c(O)c32)C(=O)c2c(OC)cccc2C4=O)O[C@H](C)[C@@H]1O,ZINC15 : ZINC000095749624,espsim_electrostatic,0.15286624203821655,zinc15
[H]N1C(=O)C(=C)OC2=CC(OC)=CC(C(=O)O[C@H]3COC(=O)C[C@@H](C4=CC(O)=C(O[C@]5([H])C6=C(C=C3C=C6)C3=CC=C[C@]53O[C@@H]3OC(C)(C)[C@H]([C@@H](O)[C@H]3O)N(C)C)C(Cl)=C4)[N+]([H])([H])[H])=C12,SAWXMTQYIIZWNU-RGEBLUSTSA-O,CC[NH+](CC)[C@H]1C[C@H](O[C@@H]2C[C@](O)(C(=O)CO)Cc3c(O)c4c(c(O)c32)C(=O)c2c(OC)cccc2C4=O)O[C@H](C)[C@@H]1O,ZINC15 : ZINC000095749625,espsim_electrostatic,0.15286624203821655,zinc15
[H]N1C(=O)C(=C)OC2=CC(OC)=CC(C(=O)O[C@H]3COC(=O)C[C@@H](C4=CC(O)=C(O[C@]5([H])C6=C(C=C3C=C6)C3=CC=C[C@]53O[C@@H]3OC(C)(C)[C@H]([C@@H](O)[C@H]3O)N(C)C)C(Cl)=C4)[N+]([H])([H])[H])=C12,SAWXMTQYIIZWNU-RGEBLUSTSA-O,CC[NH+](CC)[C@H]1C[C@@H](O[C@@H]2C[C@](O)(C(=O)CO)Cc3c(O)c4c(c(O)c32)C(=O)c2c(OC)cccc2C4=O)O[C@H](C)[C@@H]1O,ZINC15 : ZINC000095749627,espsim_electrostatic,0.15286624203821655,zinc15
[H]N1C(=O)C(=C)OC2=CC(OC)=CC(C(=O)O[C@H]3COC(=O)C[C@@H](C4=CC(O)=C(O[C@]5([H])C6=C(C=C3C=C6)C3=CC=C[C@]53O[C@@H]3OC(C)(C)[C@H]([C@@H](O)[C@H]3O)N(C)C)C(Cl)=C4)[N+]([H])([H])[H])=C12,SAWXMTQYIIZWNU-RGEBLUSTSA-O,CC[NH+](CC)[C@@H]1C[C@@H](O[C@@H]2C[C@](O)(C(=O)CO)Cc3c(O)c4c(c(O)c32)C(=O)c2c(OC)cccc2C4=O)O[C@H](C)[C@@H]1O,ZINC15 : ZINC000095749626,espsim_electrostatic,0.15286624203821655,zinc15
[H]N1C(=O)C(=C)OC2=CC(OC)=CC(C(=O)O[C@H]3COC(=O)C[C@@H](C4=CC(O)=C(O[C@]5([H])C6=C(C=C3C=C6)C3=CC=C[C@]53O[C@@H]3OC(C)(C)[C@H]([C@@H](O)[C@H]3O)N(C)C)C(Cl)=C4)[N+]([H])([H])[H])=C12,SAWXMTQYIIZWNU-RGEBLUSTSA-O,C/C=C1\[C@H](O[C@@H]2O[C@H](CO)[C@@H](O)[C@H](O)[C@H]2O)OC=C2C(=O)OCCc3ccc(O)c(c3)Oc3ccc(cc3)CCOC(=O)C[C@H]21,ZINC15 : ZINC000067911218,espsim_electrostatic,0.15286624203821655,zinc15
[H]N1C(=O)C(=C)OC2=CC(OC)=CC(C(=O)O[C@H]3COC(=O)C[C@@H](C4=CC(O)=C(O[C@]5([H])C6=C(C=C3C=C6)C3=CC=C[C@]53O[C@@H]3OC(C)(C)[C@H]([C@@H](O)[C@H]3O)N(C)C)C(Cl)=C4)[N+]([H])([H])[H])=C12,SAWXMTQYIIZWNU-RGEBLUSTSA-O,COC1=C(C(=O)OCC2CC(=O)N(C)C2C2=CC=CC(Cl)=C2)OC2=CC=CC=C12,ENAMINE-REAL : Z1746398631,espsim_electrostatic,0.1527777777777778,enamine-real
[H]N1C(=O)C(=C)OC2=CC(OC)=CC(C(=O)O[C@H]3COC(=O)C[C@@H](C4=CC(O)=C(O[C@]5([H])C6=C(C=C3C=C6)C3=CC=C[C@]53O[C@@H]3OC(C)(C)[C@H]([C@@H](O)[C@H]3O)N(C)C)C(Cl)=C4)[N+]([H])([H])[H])=C12,SAWXMTQYIIZWNU-RGEBLUSTSA-O,COC1=CC=C(C(=O)OC2CCCOC3=C(F)C=CC=C32)N=C1I,ENAMINE-REAL : Z1963564643,espsim_electrostatic,0.15217391304347827,enamine-real
[H]N1C(=O)C(=C)OC2=CC(OC)=CC(C(=O)O[C@H]3COC(=O)C[C@@H](C4=CC(O)=C(O[C@]5([H])C6=C(C=C3C=C6)C3=CC=C[C@]53O[C@@H]3OC(C)(C)[C@H]([C@@H](O)[C@H]3O)N(C)C)C(Cl)=C4)[N+]([H])([H])[H])=C12,SAWXMTQYIIZWNU-RGEBLUSTSA-O,COC1=CC=C(C(=O)O[C@H]2CCCOC3=C(F)C=CC=C32)N=C1I,ENAMINE-REAL : Z1963657865,espsim_electrostatic,0.15217391304347827,enamine-real
[H]N1C(=O)C(=C)OC2=CC(OC)=CC(C(=O)O[C@H]3COC(=O)C[C@@H](C4=CC(O)=C(O[C@]5([H])C6=C(C=C3C=C6)C3=CC=C[C@]53O[C@@H]3OC(C)(C)[C@H]([C@@H](O)[C@H]3O)N(C)C)C(Cl)=C4)[N+]([H])([H])[H])=C12,SAWXMTQYIIZWNU-RGEBLUSTSA-O,COC1=CC=C(C(=O)O[C@@H]2CCCOC3=C(F)C=CC=C32)N=C1I,ENAMINE-REAL : Z1963649236,espsim_electrostatic,0.15217391304347827,enamine-real
[H]N1C(=O)C(=C)OC2=CC(OC)=CC(C(=O)O[C@H]3COC(=O)C[C@@H](C4=CC(O)=C(O[C@]5([H])C6=C(C=C3C=C6)C3=CC=C[C@]53O[C@@H]3OC(C)(C)[C@H]([C@@H](O)[C@H]3O)N(C)C)C(Cl)=C4)[N+]([H])([H])[H])=C12,SAWXMTQYIIZWNU-RGEBLUSTSA-O,CCCCCCCCCCCC(=O)N[C@@H]1C[C@H](O[C@@H]2C[C@](O)(C(=O)CO)Cc3c(O)c4c(c(O)c32)C(=O)c2c(OC)cccc2C4=O)O[C@H](C)[C@@H]1O,ZINC15 : ZINC000150388750,espsim_electrostatic,0.15151515151515152,zinc15
[H]N1C(=O)C(=C)OC2=CC(OC)=CC(C(=O)O[C@H]3COC(=O)C[C@@H](C4=CC(O)=C(O[C@]5([H])C6=C(C=C3C=C6)C3=CC=C[C@]53O[C@@H]3OC(C)(C)[C@H]([C@@H](O)[C@H]3O)N(C)C)C(Cl)=C4)[N+]([H])([H])[H])=C12,SAWXMTQYIIZWNU-RGEBLUSTSA-O,CCCCCCCCCCCC(=O)N[C@H]1C[C@H](O[C@@H]2C[C@](O)(C(=O)CO)Cc3c(O)c4c(c(O)c32)C(=O)c2c(OC)cccc2C4=O)O[C@H](C)[C@@H]1O,ZINC15 : ZINC000150388752,espsim_electrostatic,0.15151515151515152,zinc15
[H]N1C(=O)C(=C)OC2=CC(OC)=CC(C(=O)O[C@H]3COC(=O)C[C@@H](C4=CC(O)=C(O[C@]5([H])C6=C(C=C3C=C6)C3=CC=C[C@]53O[C@@H]3OC(C)(C)[C@H]([C@@H](O)[C@H]3O)N(C)C)C(Cl)=C4)[N+]([H])([H])[H])=C12,SAWXMTQYIIZWNU-RGEBLUSTSA-O,CCCCCCCCCCCC(=O)N[C@@H]1C[C@@H](O[C@@H]2C[C@](O)(C(=O)CO)Cc3c(O)c4c(c(O)c32)C(=O)c2c(OC)cccc2C4=O)O[C@H](C)[C@@H]1O,ZINC15 : ZINC000150388754,espsim_electrostatic,0.15151515151515152,zinc15
[H]N1C(=O)C(=C)OC2=CC(OC)=CC(C(=O)O[C@H]3COC(=O)C[C@@H](C4=CC(O)=C(O[C@]5([H])C6=C(C=C3C=C6)C3=CC=C[C@]53O[C@@H]3OC(C)(C)[C@H]([C@@H](O)[C@H]3O)N(C)C)C(Cl)=C4)[N+]([H])([H])[H])=C12,SAWXMTQYIIZWNU-RGEBLUSTSA-O,CCCCCCCCCCCC(=O)N[C@H]1C[C@@H](O[C@@H]2C[C@](O)(C(=O)CO)Cc3c(O)c4c(c(O)c32)C(=O)c2c(OC)cccc2C4=O)O[C@H](C)[C@@H]1O,ZINC15 : ZINC000150388755,espsim_electrostatic,0.15151515151515152,zinc15
[H]N1C(=O)C(=C)OC2=CC(OC)=CC(C(=O)O[C@H]3COC(=O)C[C@@H](C4=CC(O)=C(O[C@]5([H])C6=C(C=C3C=C6)C3=CC=C[C@]53O[C@@H]3OC(C)(C)[C@H]([C@@H](O)[C@H]3O)N(C)C)C(Cl)=C4)[N+]([H])([H])[H])=C12,SAWXMTQYIIZWNU-RGEBLUSTSA-O,COC1=CC=C(C(NC(=O)C2=CC=C(F)C(O)=C2)C2=CC=C3OCCC3=C2)C=C1,ENAMINE-REAL : PV-002524706871,espsim_electrostatic,0.1510791366906475,enamine-real
[H]N1C(=O)C(=C)OC2=CC(OC)=CC(C(=O)O[C@H]3COC(=O)C[C@@H](C4=CC(O)=C(O[C@]5([H])C6=C(C=C3C=C6)C3=CC=C[C@]53O[C@@H]3OC(C)(C)[C@H]([C@@H](O)[C@H]3O)N(C)C)C(Cl)=C4)[N+]([H])([H])[H])=C12,SAWXMTQYIIZWNU-RGEBLUSTSA-O,OC[C@@H]1O[C@H](Oc2ccc3c(c2)OC[C@@H]2c4cc5c(cc4O[C@@H]32)OCO5)[C@@H](O)[C@H](O)[C@H]1O,ZINC15 : ZINC000253615056,espsim_electrostatic,0.1510791366906475,zinc15
[H]N1C(=O)C(=C)OC2=CC(OC)=CC(C(=O)O[C@H]3COC(=O)C[C@@H](C4=CC(O)=C(O[C@]5([H])C6=C(C=C3C=C6)C3=CC=C[C@]53O[C@@H]3OC(C)(C)[C@H]([C@@H](O)[C@H]3O)N(C)C)C(Cl)=C4)[N+]([H])([H])[H])=C12,SAWXMTQYIIZWNU-RGEBLUSTSA-O,OC[C@@H]1O[C@@H](Oc2ccc3c(c2)OC[C@@H]2c4cc5c(cc4O[C@@H]32)OCO5)[C@@H](O)[C@H](O)[C@H]1O,ZINC15 : ZINC000253615057,espsim_electrostatic,0.1510791366906475,zinc15
[H]N1C(=O)C(=C)OC2=CC(OC)=CC(C(=O)O[C@H]3COC(=O)C[C@@H](C4=CC(O)=C(O[C@]5([H])C6=C(C=C3C=C6)C3=CC=C[C@]53O[C@@H]3OC(C)(C)[C@H]([C@@H](O)[C@H]3O)N(C)C)C(Cl)=C4)[N+]([H])([H])[H])=C12,SAWXMTQYIIZWNU-RGEBLUSTSA-O,OC[C@H]1O[C@@H](Oc2ccc3c(c2)OC[C@H]2c4cc5c(cc4O[C@@H]32)OCO5)[C@H](O)[C@@H](O)[C@@H]1O,ZINC15 : ZINC000004098749,espsim_electrostatic,0.1510791366906475,zinc15
[H]N1C(=O)C(=C)OC2=CC(OC)=CC(C(=O)O[C@H]3COC(=O)C[C@@H](C4=CC(O)=C(O[C@]5([H])C6=C(C=C3C=C6)C3=CC=C[C@]53O[C@@H]3OC(C)(C)[C@H]([C@@H](O)[C@H]3O)N(C)C)C(Cl)=C4)[N+]([H])([H])[H])=C12,SAWXMTQYIIZWNU-RGEBLUSTSA-O,CC1=C(C(=O)OCC2CC(=O)N(C)C2C2=CC=CC(Cl)=C2)OC2=CC=C(F)C=C12,ENAMINE-REAL : Z1238152375,espsim_electrostatic,0.1506849315068493,enamine-real
[H]N1C(=O)C(=C)OC2=CC(OC)=CC(C(=O)O[C@H]3COC(=O)C[C@@H](C4=CC(O)=C(O[C@]5([H])C6=C(C=C3C=C6)C3=CC=C[C@]53O[C@@H]3OC(C)(C)[C@H]([C@@H](O)[C@H]3O)N(C)C)C(Cl)=C4)[N+]([H])([H])[H])=C12,SAWXMTQYIIZWNU-RGEBLUSTSA-O,COC1=CC=C(N2C(=S)NC(C3=CC=C(OC(F)(F)C(=O)O)C=C3)C(C(=O)N(C)C)=C2C)C=C1,ENAMINE-REAL : Z1151498230,espsim_electrostatic,0.15,enamine-real
[H]N1C(=O)C(=C)OC2=CC(OC)=CC(C(=O)O[C@H]3COC(=O)C[C@@H](C4=CC(O)=C(O[C@]5([H])C6=C(C=C3C=C6)C3=CC=C[C@]53O[C@@H]3OC(C)(C)[C@H]([C@@H](O)[C@H]3O)N(C)C)C(Cl)=C4)[N+]([H])([H])[H])=C12,SAWXMTQYIIZWNU-RGEBLUSTSA-O,CN1C2=C(C(=O)CC(C)(C)C2)C(c2cc(Cl)c(OCc3ccccc3)c(Cl)c2)C2=C1CC(C)(C)CC2=O,ZINC15 : ZINC000409050154,espsim_electrostatic,0.14705882352941177,zinc15
[H]N1C(=O)C(=C)OC2=CC(OC)=CC(C(=O)O[C@H]3COC(=O)C[C@@H](C4=CC(O)=C(O[C@]5([H])C6=C(C=C3C=C6)C3=CC=C[C@]53O[C@@H]3OC(C)(C)[C@H]([C@@H](O)[C@H]3O)N(C)C)C(Cl)=C4)[N+]([H])([H])[H])=C12,SAWXMTQYIIZWNU-RGEBLUSTSA-O,COC1=CC=CC(C(NC(=O)C2=CC(O)=CC(O)=N2)C2=CC=CC=C2Cl)=C1,ENAMINE-REAL : PV-007686745526,espsim_electrostatic,0.14705882352941177,enamine-real
[H]N1C(=O)C(=C)OC2=CC(OC)=CC(C(=O)O[C@H]3COC(=O)C[C@@H](C4=CC(O)=C(O[C@]5([H])C6=C(C=C3C=C6)C3=CC=C[C@]53O[C@@H]3OC(C)(C)[C@H]([C@@H](O)[C@H]3O)N(C)C)C(Cl)=C4)[N+]([H])([H])[H])=C12,SAWXMTQYIIZWNU-RGEBLUSTSA-O,O=C(CC1CN2N=C(C3=CC=CC=C3)C=C2NC1=O)OC1COC2=CC=CC=C21,ENAMINE-REAL : PV-004986213200,espsim_electrostatic,0.14685314685314685,enamine-real
[H]N1C(=O)C(=C)OC2=CC(OC)=CC(C(=O)O[C@H]3COC(=O)C[C@@H](C4=CC(O)=C(O[C@]5([H])C6=C(C=C3C=C6)C3=CC=C[C@]53O[C@@H]3OC(C)(C)[C@H]([C@@H](O)[C@H]3O)N(C)C)C(Cl)=C4)[N+]([H])([H])[H])=C12,SAWXMTQYIIZWNU-RGEBLUSTSA-O,Cc1cccc(NC(=O)COc2c(Cl)cc(C3C4=C(CC(C)(C)CC4=O)N(Cc4ccccc4)C4=C3C(=O)CC(C)(C)C4)cc2Cl)c1C,ZINC15 : ZINC000409253368,espsim_electrostatic,0.14666666666666667,zinc15
[H]N1C(=O)C(=C)OC2=CC(OC)=CC(C(=O)O[C@H]3COC(=O)C[C@@H](C4=CC(O)=C(O[C@]5([H])C6=C(C=C3C=C6)C3=CC=C[C@]53O[C@@H]3OC(C)(C)[C@H]([C@@H](O)[C@H]3O)N(C)C)C(Cl)=C4)[N+]([H])([H])[H])=C12,SAWXMTQYIIZWNU-RGEBLUSTSA-O,CC(=O)N[C@]1(C)C[C@@H](c2ccc(O)c(O)c2)O[C@H]2[C@H](O)C(C)=CC[C@H]21,ZINC15 : ZINC000257283269,espsim_electrostatic,0.145985401459854,zinc15
[H]N1C(=O)C(=C)OC2=CC(OC)=CC(C(=O)O[C@H]3COC(=O)C[C@@H](C4=CC(O)=C(O[C@]5([H])C6=C(C=C3C=C6)C3=CC=C[C@]53O[C@@H]3OC(C)(C)[C@H]([C@@H](O)[C@H]3O)N(C)C)C(Cl)=C4)[N+]([H])([H])[H])=C12,SAWXMTQYIIZWNU-RGEBLUSTSA-O,COCCN1C2=C(C(=O)CC(C)(C)C2)C(c2cc(Cl)c(OC)c(OC)c2)C2=C1CC(C)(C)CC2=O,ZINC15 : ZINC000408888422,espsim_electrostatic,0.145985401459854,zinc15
[H]N1C(=O)C(=C)OC2=CC(OC)=CC(C(=O)O[C@H]3COC(=O)C[C@@H](C4=CC(O)=C(O[C@]5([H])C6=C(C=C3C=C6)C3=CC=C[C@]53O[C@@H]3OC(C)(C)[C@H]([C@@H](O)[C@H]3O)N(C)C)C(Cl)=C4)[N+]([H])([H])[H])=C12,SAWXMTQYIIZWNU-RGEBLUSTSA-O,CN1C2=C(C(=O)CC(C)(C)C2)C(c2cc(Cl)c(OCc3ccccc3Cl)c(Cl)c2)C2=C1CC(C)(C)CC2=O,ZINC15 : ZINC000409049179,espsim_electrostatic,0.145985401459854,zinc15
[H]N1C(=O)C(=C)OC2=CC(OC)=CC(C(=O)O[C@H]3COC(=O)C[C@@H](C4=CC(O)=C(O[C@]5([H])C6=C(C=C3C=C6)C3=CC=C[C@]53O[C@@H]3OC(C)(C)[C@H]([C@@H](O)[C@H]3O)N(C)C)C(Cl)=C4)[N+]([H])([H])[H])=C12,SAWXMTQYIIZWNU-RGEBLUSTSA-O,CC1=NOC2=NC(C3=CC=CC(Cl)=C3)=CC(C(=O)O[C@H]3CC(=O)N(C)C3)=C12,ENAMINE-REAL : PV-005554674168,espsim_electrostatic,0.14583333333333334,enamine-real
[H]N1C(=O)C(=C)OC2=CC(OC)=CC(C(=O)O[C@H]3COC(=O)C[C@@H](C4=CC(O)=C(O[C@]5([H])C6=C(C=C3C=C6)C3=CC=C[C@]53O[C@@H]3OC(C)(C)[C@H]([C@@H](O)[C@H]3O)N(C)C)C(Cl)=C4)[N+]([H])([H])[H])=C12,SAWXMTQYIIZWNU-RGEBLUSTSA-O,CC1=NOC2=NC(C3=CC=CC(Cl)=C3)=CC(C(=O)O[C@@H]3CC(=O)N(C)C3)=C12,ENAMINE-REAL : PV-005554674167,espsim_electrostatic,0.14583333333333334,enamine-real
[H]N1C(=O)C(=C)OC2=CC(OC)=CC(C(=O)O[C@H]3COC(=O)C[C@@H](C4=CC(O)=C(O[C@]5([H])C6=C(C=C3C=C6)C3=CC=C[C@]53O[C@@H]3OC(C)(C)[C@H]([C@@H](O)[C@H]3O)N(C)C)C(Cl)=C4)[N+]([H])([H])[H])=C12,SAWXMTQYIIZWNU-RGEBLUSTSA-O,COCCN1C2=C(C(=O)CC(C)(C)C2)C(c2cc(Cl)c(OCc3cccc4ccccc43)c(OC)c2)C2=C1CC(C)(C)CC2=O,ZINC15 : ZINC000408896179,espsim_electrostatic,0.1456953642384106,zinc15
[H]N1C(=O)C(=C)OC2=CC(OC)=CC(C(=O)O[C@H]3COC(=O)C[C@@H](C4=CC(O)=C(O[C@]5([H])C6=C(C=C3C=C6)C3=CC=C[C@]53O[C@@H]3OC(C)(C)[C@H]([C@@H](O)[C@H]3O)N(C)C)C(Cl)=C4)[N+]([H])([H])[H])=C12,SAWXMTQYIIZWNU-RGEBLUSTSA-O,COC1=CC=C(COC(=O)C2=CC=C(Cl)C(Br)=C2)N=C1,ENAMINE-REAL : Z1700136183,espsim_electrostatic,0.1450381679389313,enamine-real
[H]N1C(=O)C(=C)OC2=CC(OC)=CC(C(=O)O[C@H]3COC(=O)C[C@@H](C4=CC(O)=C(O[C@]5([H])C6=C(C=C3C=C6)C3=CC=C[C@]53O[C@@H]3OC(C)(C)[C@H]([C@@H](O)[C@H]3O)N(C)C)C(Cl)=C4)[N+]([H])([H])[H])=C12,SAWXMTQYIIZWNU-RGEBLUSTSA-O,COc1cc2c3c(c1)COc1cc(O[C@H]4C[C@@H]5CC(=O)C[C@H]4N5C)cc(c1-3)CC2,ZINC15 : ZINC001234777596,espsim_electrostatic,0.14492753623188406,zinc15
[H]N1C(=O)C(=C)OC2=CC(OC)=CC(C(=O)O[C@H]3COC(=O)C[C@@H](C4=CC(O)=C(O[C@]5([H])C6=C(C=C3C=C6)C3=CC=C[C@]53O[C@@H]3OC(C)(C)[C@H]([C@@H](O)[C@H]3O)N(C)C)C(Cl)=C4)[N+]([H])([H])[H])=C12,SAWXMTQYIIZWNU-RGEBLUSTSA-O,COc1cc2c3c(c1)COc1cc(O[C@@H]4C[C@@H]5CC(=O)C[C@H]4N5C)cc(c1-3)CC2,ZINC15 : ZINC001234780695,espsim_electrostatic,0.14492753623188406,zinc15
[H]N1C(=O)C(=C)OC2=CC(OC)=CC(C(=O)O[C@H]3COC(=O)C[C@@H](C4=CC(O)=C(O[C@]5([H])C6=C(C=C3C=C6)C3=CC=C[C@]53O[C@@H]3OC(C)(C)[C@H]([C@@H](O)[C@H]3O)N(C)C)C(Cl)=C4)[N+]([H])([H])[H])=C12,SAWXMTQYIIZWNU-RGEBLUSTSA-O,COC(=O)[C@H](O)[C@H]1C(C)(C)[C@H](OC(=O)C(C)C)[C@@]2(O)C(=O)[C@]1(C)[C@H]1CC[C@]3(C)[C@@H](CC(=O)O[C@H]3c3ccoc3)[C@]13O[C@@H]32,ZINC15 : ZINC000067911543,espsim_shape,0.17763157894736842,zinc15
[H]N1C(=O)C(=C)OC2=CC(OC)=CC(C(=O)O[C@H]3COC(=O)C[C@@H](C4=CC(O)=C(O[C@]5([H])C6=C(C=C3C=C6)C3=CC=C[C@]53O[C@@H]3OC(C)(C)[C@H]([C@@H](O)[C@H]3O)N(C)C)C(Cl)=C4)[N+]([H])([H])[H])=C12,SAWXMTQYIIZWNU-RGEBLUSTSA-O,COC(=O)[C@H](O)[C@H]1C(C)(C)[C@H](OC(=O)C(C)C)[C@@]2(O)C(=O)[C@]1(C)[C@@H]1CC[C@]3(C)[C@@H](CC(=O)O[C@H]3c3ccoc3)[C@]13O[C@@H]32,ZINC15 : ZINC000067911539,espsim_shape,0.17763157894736842,zinc15
[H]N1C(=O)C(=C)OC2=CC(OC)=CC(C(=O)O[C@H]3COC(=O)C[C@@H](C4=CC(O)=C(O[C@]5([H])C6=C(C=C3C=C6)C3=CC=C[C@]53O[C@@H]3OC(C)(C)[C@H]([C@@H](O)[C@H]3O)N(C)C)C(Cl)=C4)[N+]([H])([H])[H])=C12,SAWXMTQYIIZWNU-RGEBLUSTSA-O,C[C@H]1O[C@@]1(C)C(=O)O[C@@H]1c2cc3ccc(=O)oc3cc2OC(C)(C)[C@@H]1OC(=O)[C@@]1(C)O[C@H]1C,ZINC15 : ZINC000008952646,espsim_shape,0.16417910447761194,zinc15
[H]N1C(=O)C(=C)OC2=CC(OC)=CC(C(=O)O[C@H]3COC(=O)C[C@@H](C4=CC(O)=C(O[C@]5([H])C6=C(C=C3C=C6)C3=CC=C[C@]53O[C@@H]3OC(C)(C)[C@H]([C@@H](O)[C@H]3O)N(C)C)C(Cl)=C4)[N+]([H])([H])[H])=C12,SAWXMTQYIIZWNU-RGEBLUSTSA-O,C[C@H]1O[C@]1(C)C(=O)O[C@@H]1c2cc3ccc(=O)oc3cc2OC(C)(C)[C@@H]1OC(=O)[C@@]1(C)O[C@@H]1C,ZINC15 : ZINC000015890190,espsim_shape,0.16417910447761194,zinc15
[H]N1C(=O)C(=C)OC2=CC(OC)=CC(C(=O)O[C@H]3COC(=O)C[C@@H](C4=CC(O)=C(O[C@]5([H])C6=C(C=C3C=C6)C3=CC=C[C@]53O[C@@H]3OC(C)(C)[C@H]([C@@H](O)[C@H]3O)N(C)C)C(Cl)=C4)[N+]([H])([H])[H])=C12,SAWXMTQYIIZWNU-RGEBLUSTSA-O,C[C@H]1O[C@@]1(C)C(=O)O[C@@H]1c2cc3ccc(=O)oc3cc2OC(C)(C)[C@@H]1OC(=O)[C@@]1(C)O[C@@H]1C,ZINC15 : ZINC000015890185,espsim_shape,0.16417910447761194,zinc15
[H]N1C(=O)C(=C)OC2=CC(OC)=CC(C(=O)O[C@H]3COC(=O)C[C@@H](C4=CC(O)=C(O[C@]5([H])C6=C(C=C3C=C6)C3=CC=C[C@]53O[C@@H]3OC(C)(C)[C@H]([C@@H](O)[C@H]3O)N(C)C)C(Cl)=C4)[N+]([H])([H])[H])=C12,SAWXMTQYIIZWNU-RGEBLUSTSA-O,C[C@@H]1O[C@]1(C)C(=O)O[C@@H]1c2cc3ccc(=O)oc3cc2OC(C)(C)[C@@H]1OC(=O)[C@@]1(C)O[C@H]1C,ZINC15 : ZINC000008952645,espsim_shape,0.16417910447761194,zinc15
[H]N1C(=O)C(=C)OC2=CC(OC)=CC(C(=O)O[C@H]3COC(=O)C[C@@H](C4=CC(O)=C(O[C@]5([H])C6=C(C=C3C=C6)C3=CC=C[C@]53O[C@@H]3OC(C)(C)[C@H]([C@@H](O)[C@H]3O)N(C)C)C(Cl)=C4)[N+]([H])([H])[H])=C12,SAWXMTQYIIZWNU-RGEBLUSTSA-O,C[C@H]1O[C@]1(C)C(=O)O[C@@H]1c2cc3ccc(=O)oc3cc2OC(C)(C)[C@@H]1OC(=O)[C@@]1(C)O[C@H]1C,ZINC15 : ZINC000008952643,espsim_shape,0.16417910447761194,zinc15
[H]N1C(=O)C(=C)OC2=CC(OC)=CC(C(=O)O[C@H]3COC(=O)C[C@@H](C4=CC(O)=C(O[C@]5([H])C6=C(C=C3C=C6)C3=CC=C[C@]53O[C@@H]3OC(C)(C)[C@H]([C@@H](O)[C@H]3O)N(C)C)C(Cl)=C4)[N+]([H])([H])[H])=C12,SAWXMTQYIIZWNU-RGEBLUSTSA-O,C[C@@H]1O[C@@]1(C)C(=O)O[C@@H]1c2cc3ccc(=O)oc3cc2OC(C)(C)[C@@H]1OC(=O)[C@@]1(C)O[C@H]1C,ZINC15 : ZINC000013459254,espsim_shape,0.16417910447761194,zinc15
[H]N1C(=O)C(=C)OC2=CC(OC)=CC(C(=O)O[C@H]3COC(=O)C[C@@H](C4=CC(O)=C(O[C@]5([H])C6=C(C=C3C=C6)C3=CC=C[C@]53O[C@@H]3OC(C)(C)[C@H]([C@@H](O)[C@H]3O)N(C)C)C(Cl)=C4)[N+]([H])([H])[H])=C12,SAWXMTQYIIZWNU-RGEBLUSTSA-O,CN(C)CC(=O)N[C@H]1CC[C@H]1NC(=O)C1=CC=C2OC3=CC=CC=C3NC(=O)C2=C1,ENAMINE-REAL : PV-008366227868,espsim_shape,0.15827338129496402,enamine-real
[H]N1C(=O)C(=C)OC2=CC(OC)=CC(C(=O)O[C@H]3COC(=O)C[C@@H](C4=CC(O)=C(O[C@]5([H])C6=C(C=C3C=C6)C3=CC=C[C@]53O[C@@H]3OC(C)(C)[C@H]([C@@H](O)[C@H]3O)N(C)C)C(Cl)=C4)[N+]([H])([H])[H])=C12,SAWXMTQYIIZWNU-RGEBLUSTSA-O,CN(C)CC(=O)N[C@@H]1CC[C@H]1NC(=O)C1=CC=C2OC3=CC=CC=C3NC(=O)C2=C1,ENAMINE-REAL : PV-008366227869,espsim_shape,0.15827338129496402,enamine-real
[H]N1C(=O)C(=C)OC2=CC(OC)=CC(C(=O)O[C@H]3COC(=O)C[C@@H](C4=CC(O)=C(O[C@]5([H])C6=C(C=C3C=C6)C3=CC=C[C@]53O[C@@H]3OC(C)(C)[C@H]([C@@H](O)[C@H]3O)N(C)C)C(Cl)=C4)[N+]([H])([H])[H])=C12,SAWXMTQYIIZWNU-RGEBLUSTSA-O,COc1cccc2c1C(=O)c1c(O)c3c(c(O)c1C2=O)C[C@@](O)(C(=O)CO)C[C@@H]3O[C@@H]1C[C@H](NC(=O)OCC2c3ccccc3-c3ccccc32)[C@H](O)[C@H](C)O1,ZINC15 : ZINC000094303296,espsim_shape,0.1566265060240964,zinc15
[H]N1C(=O)C(=C)OC2=CC(OC)=CC(C(=O)O[C@H]3COC(=O)C[C@@H](C4=CC(O)=C(O[C@]5([H])C6=C(C=C3C=C6)C3=CC=C[C@]53O[C@@H]3OC(C)(C)[C@H]([C@@H](O)[C@H]3O)N(C)C)C(Cl)=C4)[N+]([H])([H])[H])=C12,SAWXMTQYIIZWNU-RGEBLUSTSA-O,CC1(C)O[C@@H]2O[C@H]([C@H](O)c3cc(O)c4c(c3O)C(=O)c3ccccc3C4=O)[C@@](C)(OC(=O)c3ccccc3)[C@@H]2O1,ZINC15 : ZINC000008431425,espsim_shape,0.15384615384615385,zinc15
[H]N1C(=O)C(=C)OC2=CC(OC)=CC(C(=O)O[C@H]3COC(=O)C[C@@H](C4=CC(O)=C(O[C@]5([H])C6=C(C=C3C=C6)C3=CC=C[C@]53O[C@@H]3OC(C)(C)[C@H]([C@@H](O)[C@H]3O)N(C)C)C(Cl)=C4)[N+]([H])([H])[H])=C12,SAWXMTQYIIZWNU-RGEBLUSTSA-O,CC1(C)O[C@@H]2O[C@H]([C@H](O)c3cc(O)c4c(c3O)C(=O)c3ccccc3C4=O)[C@](C)(OC(=O)c3ccccc3)[C@@H]2O1,ZINC15 : ZINC000247953601,espsim_shape,0.15384615384615385,zinc15
[H]N1C(=O)C(=C)OC2=CC(OC)=CC(C(=O)O[C@H]3COC(=O)C[C@@H](C4=CC(O)=C(O[C@]5([H])C6=C(C=C3C=C6)C3=CC=C[C@]53O[C@@H]3OC(C)(C)[C@H]([C@@H](O)[C@H]3O)N(C)C)C(Cl)=C4)[N+]([H])([H])[H])=C12,SAWXMTQYIIZWNU-RGEBLUSTSA-O,C=C(C)C(=O)O[C@H]1C[C@@](C)(O)C(=O)C[C@H](O)C(C)=C[C@H]2OC(=O)C(=C)[C@@H]21,ZINC15 : ZINC000253390551,espsim_shape,0.15328467153284672,zinc15
[H]N1C(=O)C(=C)OC2=CC(OC)=CC(C(=O)O[C@H]3COC(=O)C[C@@H](C4=CC(O)=C(O[C@]5([H])C6=C(C=C3C=C6)C3=CC=C[C@]53O[C@@H]3OC(C)(C)[C@H]([C@@H](O)[C@H]3O)N(C)C)C(Cl)=C4)[N+]([H])([H])[H])=C12,SAWXMTQYIIZWNU-RGEBLUSTSA-O,C=C(C)C(=O)O[C@H]1C[C@@](C)(O)C(=O)C[C@@H](O)C(C)=C[C@H]2OC(=O)C(=C)[C@@H]21,ZINC15 : ZINC000253390552,espsim_shape,0.15328467153284672,zinc15
[H]N1C(=O)C(=C)OC2=CC(OC)=CC(C(=O)O[C@H]3COC(=O)C[C@@H](C4=CC(O)=C(O[C@]5([H])C6=C(C=C3C=C6)C3=CC=C[C@]53O[C@@H]3OC(C)(C)[C@H]([C@@H](O)[C@H]3O)N(C)C)C(Cl)=C4)[N+]([H])([H])[H])=C12,SAWXMTQYIIZWNU-RGEBLUSTSA-O,COc1cccc(C(=O)[C@@H]2C(=C(O)c3ccc4c(c3)OCO4)[C@]3(C(=O)Nc4ccccc43)[C@@H]3C=C(C)c4ccccc4N32)c1,ZINC15 : ZINC000229895626,espsim_shape,0.15286624203821655,zinc15
[H]N1C(=O)C(=C)OC2=CC(OC)=CC(C(=O)O[C@H]3COC(=O)C[C@@H](C4=CC(O)=C(O[C@]5([H])C6=C(C=C3C=C6)C3=CC=C[C@]53O[C@@H]3OC(C)(C)[C@H]([C@@H](O)[C@H]3O)N(C)C)C(Cl)=C4)[N+]([H])([H])[H])=C12,SAWXMTQYIIZWNU-RGEBLUSTSA-O,CC[NH+](CC)[C@@H]1C[C@H](O[C@@H]2C[C@](O)(C(=O)CO)Cc3c(O)c4c(c(O)c32)C(=O)c2c(OC)cccc2C4=O)O[C@H](C)[C@@H]1O,ZINC15 : ZINC000095749624,espsim_shape,0.15286624203821655,zinc15
[H]N1C(=O)C(=C)OC2=CC(OC)=CC(C(=O)O[C@H]3COC(=O)C[C@@H](C4=CC(O)=C(O[C@]5([H])C6=C(C=C3C=C6)C3=CC=C[C@]53O[C@@H]3OC(C)(C)[C@H]([C@@H](O)[C@H]3O)N(C)C)C(Cl)=C4)[N+]([H])([H])[H])=C12,SAWXMTQYIIZWNU-RGEBLUSTSA-O,CC[NH+](CC)[C@H]1C[C@H](O[C@@H]2C[C@](O)(C(=O)CO)Cc3c(O)c4c(c(O)c32)C(=O)c2c(OC)cccc2C4=O)O[C@H](C)[C@@H]1O,ZINC15 : ZINC000095749625,espsim_shape,0.15286624203821655,zinc15
[H]N1C(=O)C(=C)OC2=CC(OC)=CC(C(=O)O[C@H]3COC(=O)C[C@@H](C4=CC(O)=C(O[C@]5([H])C6=C(C=C3C=C6)C3=CC=C[C@]53O[C@@H]3OC(C)(C)[C@H]([C@@H](O)[C@H]3O)N(C)C)C(Cl)=C4)[N+]([H])([H])[H])=C12,SAWXMTQYIIZWNU-RGEBLUSTSA-O,COc1cccc(C(=O)[C@H]2C(=C(O)c3ccc4c(c3)OCO4)[C@@]3(C(=O)Nc4ccccc43)[C@H]3C=C(C)c4ccccc4N32)c1,ZINC15 : ZINC000103555972,espsim_shape,0.15286624203821655,zinc15
[H]N1C(=O)C(=C)OC2=CC(OC)=CC(C(=O)O[C@H]3COC(=O)C[C@@H](C4=CC(O)=C(O[C@]5([H])C6=C(C=C3C=C6)C3=CC=C[C@]53O[C@@H]3OC(C)(C)[C@H]([C@@H](O)[C@H]3O)N(C)C)C(Cl)=C4)[N+]([H])([H])[H])=C12,SAWXMTQYIIZWNU-RGEBLUSTSA-O,CC[NH+](CC)[C@H]1C[C@@H](O[C@@H]2C[C@](O)(C(=O)CO)Cc3c(O)c4c(c(O)c32)C(=O)c2c(OC)cccc2C4=O)O[C@H](C)[C@@H]1O,ZINC15 : ZINC000095749627,espsim_shape,0.15286624203821655,zinc15
[H]N1C(=O)C(=C)OC2=CC(OC)=CC(C(=O)O[C@H]3COC(=O)C[C@@H](C4=CC(O)=C(O[C@]5([H])C6=C(C=C3C=C6)C3=CC=C[C@]53O[C@@H]3OC(C)(C)[C@H]([C@@H](O)[C@H]3O)N(C)C)C(Cl)=C4)[N+]([H])([H])[H])=C12,SAWXMTQYIIZWNU-RGEBLUSTSA-O,COc1cccc(C(=O)[C@H]2C(=C(O)c3ccc4c(c3)OCO4)[C@]3(C(=O)Nc4ccccc43)[C@H]3C=C(C)c4ccccc4N32)c1,ZINC15 : ZINC000103555983,espsim_shape,0.15286624203821655,zinc15
[H]N1C(=O)C(=C)OC2=CC(OC)=CC(C(=O)O[C@H]3COC(=O)C[C@@H](C4=CC(O)=C(O[C@]5([H])C6=C(C=C3C=C6)C3=CC=C[C@]53O[C@@H]3OC(C)(C)[C@H]([C@@H](O)[C@H]3O)N(C)C)C(Cl)=C4)[N+]([H])([H])[H])=C12,SAWXMTQYIIZWNU-RGEBLUSTSA-O,CC[NH+](CC)[C@@H]1C[C@@H](O[C@@H]2C[C@](O)(C(=O)CO)Cc3c(O)c4c(c(O)c32)C(=O)c2c(OC)cccc2C4=O)O[C@H](C)[C@@H]1O,ZINC15 : ZINC000095749626,espsim_shape,0.15286624203821655,zinc15
[H]N1C(=O)C(=C)OC2=CC(OC)=CC(C(=O)O[C@H]3COC(=O)C[C@@H](C4=CC(O)=C(O[C@]5([H])C6=C(C=C3C=C6)C3=CC=C[C@]53O[C@@H]3OC(C)(C)[C@H]([C@@H](O)[C@H]3O)N(C)C)C(Cl)=C4)[N+]([H])([H])[H])=C12,SAWXMTQYIIZWNU-RGEBLUSTSA-O,COc1cccc(C(=O)[C@@H]2C(=C(O)c3ccc4c(c3)OCO4)[C@@]3(C(=O)Nc4ccccc43)[C@@H]3C=C(C)c4ccccc4N32)c1,ZINC15 : ZINC000229863678,espsim_shape,0.15286624203821655,zinc15
[H]N1C(=O)C(=C)OC2=CC(OC)=CC(C(=O)O[C@H]3COC(=O)C[C@@H](C4=CC(O)=C(O[C@]5([H])C6=C(C=C3C=C6)C3=CC=C[C@]53O[C@@H]3OC(C)(C)[C@H]([C@@H](O)[C@H]3O)N(C)C)C(Cl)=C4)[N+]([H])([H])[H])=C12,SAWXMTQYIIZWNU-RGEBLUSTSA-O,COc1cccc(C(=O)[C@@H]2C(=C(O)c3ccc4c(c3)OCO4)[C@@]3(C(=O)Nc4ccccc43)[C@H]3C=C(C)c4ccccc4N32)c1,ZINC15 : ZINC000248331072,espsim_shape,0.15286624203821655,zinc15
[H]N1C(=O)C(=C)OC2=CC(OC)=CC(C(=O)O[C@H]3COC(=O)C[C@@H](C4=CC(O)=C(O[C@]5([H])C6=C(C=C3C=C6)C3=CC=C[C@]53O[C@@H]3OC(C)(C)[C@H]([C@@H](O)[C@H]3O)N(C)C)C(Cl)=C4)[N+]([H])([H])[H])=C12,SAWXMTQYIIZWNU-RGEBLUSTSA-O,COc1cccc(C(=O)[C@@H]2C(=C(O)c3ccc4c(c3)OCO4)[C@]3(C(=O)Nc4ccccc43)[C@H]3C=C(C)c4ccccc4N32)c1,ZINC15 : ZINC000070687881,espsim_shape,0.15286624203821655,zinc15
[H]N1C(=O)C(=C)OC2=CC(OC)=CC(C(=O)O[C@H]3COC(=O)C[C@@H](C4=CC(O)=C(O[C@]5([H])C6=C(C=C3C=C6)C3=CC=C[C@]53O[C@@H]3OC(C)(C)[C@H]([C@@H](O)[C@H]3O)N(C)C)C(Cl)=C4)[N+]([H])([H])[H])=C12,SAWXMTQYIIZWNU-RGEBLUSTSA-O,CN(C)C1=CC=C2C=C(C(=O)NC3CC4(C3)CC4NC(=O)C3=NNC=C3)C=CC2=C1,ENAMINE-REAL : PV-008873796902,espsim_shape,0.15217391304347827,enamine-real
[H]N1C(=O)C(=C)OC2=CC(OC)=CC(C(=O)O[C@H]3COC(=O)C[C@@H](C4=CC(O)=C(O[C@]5([H])C6=C(C=C3C=C6)C3=CC=C[C@]53O[C@@H]3OC(C)(C)[C@H]([C@@H](O)[C@H]3O)N(C)C)C(Cl)=C4)[N+]([H])([H])[H])=C12,SAWXMTQYIIZWNU-RGEBLUSTSA-O,C=CC(O)C(=O)NC[C@H]1C[C@H]1NC(=O)C1=CC=C2OC3=CC=CC=C3NC(=O)C2=C1,ENAMINE-REAL : PV-007722122357,espsim_shape,0.15172413793103448,enamine-real
[H]N1C(=O)C(=C)OC2=CC(OC)=CC(C(=O)O[C@H]3COC(=O)C[C@@H](C4=CC(O)=C(O[C@]5([H])C6=C(C=C3C=C6)C3=CC=C[C@]53O[C@@H]3OC(C)(C)[C@H]([C@@H](O)[C@H]3O)N(C)C)C(Cl)=C4)[N+]([H])([H])[H])=C12,SAWXMTQYIIZWNU-RGEBLUSTSA-O,COc1cccc(C(=O)[C@@H]2C(=C(O)c3ccc4c(c3)OCO4)[C@]3(C(=O)Nc4ccccc43)[C@@H]3C=C(C)c4cc(C)ccc4N32)c1,ZINC15 : ZINC000103552189,espsim_shape,0.14906832298136646,zinc15
[H]N1C(=O)C(=C)OC2=CC(OC)=CC(C(=O)O[C@H]3COC(=O)C[C@@H](C4=CC(O)=C(O[C@]5([H])C6=C(C=C3C=C6)C3=CC=C[C@]53O[C@@H]3OC(C)(C)[C@H]([C@@H](O)[C@H]3O)N(C)C)C(Cl)=C4)[N+]([H])([H])[H])=C12,SAWXMTQYIIZWNU-RGEBLUSTSA-O,COc1cccc(C(=O)[C@@H]2C(=C(O)c3ccc4c(c3)OCO4)[C@@]3(C(=O)Nc4ccccc43)[C@@H]3C=C(C)c4cc(C)ccc4N32)c1,ZINC15 : ZINC000229867083,espsim_shape,0.14906832298136646,zinc15
[H]N1C(=O)C(=C)OC2=CC(OC)=CC(C(=O)O[C@H]3COC(=O)C[C@@H](C4=CC(O)=C(O[C@]5([H])C6=C(C=C3C=C6)C3=CC=C[C@]53O[C@@H]3OC(C)(C)[C@H]([C@@H](O)[C@H]3O)N(C)C)C(Cl)=C4)[N+]([H])([H])[H])=C12,SAWXMTQYIIZWNU-RGEBLUSTSA-O,COc1cccc(C(=O)[C@@H]2C(=C(O)c3ccc4c(c3)OCO4)[C@]3(C(=O)Nc4ccccc43)[C@H]3C=C(C)c4cc(C)ccc4N32)c1,ZINC15 : ZINC000103552193,espsim_shape,0.14906832298136646,zinc15
[H]N1C(=O)C(=C)OC2=CC(OC)=CC(C(=O)O[C@H]3COC(=O)C[C@@H](C4=CC(O)=C(O[C@]5([H])C6=C(C=C3C=C6)C3=CC=C[C@]53O[C@@H]3OC(C)(C)[C@H]([C@@H](O)[C@H]3O)N(C)C)C(Cl)=C4)[N+]([H])([H])[H])=C12,SAWXMTQYIIZWNU-RGEBLUSTSA-O,COc1cccc(C(=O)[C@@H]2C(=C(O)c3ccc4c(c3)OCO4)[C@@]3(C(=O)Nc4ccccc43)[C@H]3C=C(C)c4cc(C)ccc4N32)c1,ZINC15 : ZINC000248149498,espsim_shape,0.14906832298136646,zinc15
[H]N1C(=O)C(=C)OC2=CC(OC)=CC(C(=O)O[C@H]3COC(=O)C[C@@H](C4=CC(O)=C(O[C@]5([H])C6=C(C=C3C=C6)C3=CC=C[C@]53O[C@@H]3OC(C)(C)[C@H]([C@@H](O)[C@H]3O)N(C)C)C(Cl)=C4)[N+]([H])([H])[H])=C12,SAWXMTQYIIZWNU-RGEBLUSTSA-O,CCC(C)C(=O)N[C@H]1CC[C@H]1NC(=O)C1=CC=C2OC3=CC=CC=C3NC(=O)C2=C1,ENAMINE-REAL : PV-008166338484,espsim_shape,0.14893617021276595,enamine-real
[H]N1C(=O)C(=C)OC2=CC(OC)=CC(C(=O)O[C@H]3COC(=O)C[C@@H](C4=CC(O)=C(O[C@]5([H])C6=C(C=C3C=C6)C3=CC=C[C@]53O[C@@H]3OC(C)(C)[C@H]([C@@H](O)[C@H]3O)N(C)C)C(Cl)=C4)[N+]([H])([H])[H])=C12,SAWXMTQYIIZWNU-RGEBLUSTSA-O,CCC(C)C(=O)N[C@@H]1CC[C@H]1NC(=O)C1=CC=C2OC3=CC=CC=C3NC(=O)C2=C1,ENAMINE-REAL : PV-008166338485,espsim_shape,0.14893617021276595,enamine-real
[H]N1C(=O)C(=C)OC2=CC(OC)=CC(C(=O)O[C@H]3COC(=O)C[C@@H](C4=CC(O)=C(O[C@]5([H])C6=C(C=C3C=C6)C3=CC=C[C@]53O[C@@H]3OC(C)(C)[C@H]([C@@H](O)[C@H]3O)N(C)C)C(Cl)=C4)[N+]([H])([H])[H])=C12,SAWXMTQYIIZWNU-RGEBLUSTSA-O,COC1=CC(C)=CC=C1C(=O)N[C@@H]1C[C@H]1NC(=O)C1=CC=CC(N2CCOC2=O)=C1,ENAMINE-REAL : PV-008586055958,espsim_shape,0.14788732394366197,enamine-real
[H]N1C(=O)C(=C)OC2=CC(OC)=CC(C(=O)O[C@H]3COC(=O)C[C@@H](C4=CC(O)=C(O[C@]5([H])C6=C(C=C3C=C6)C3=CC=C[C@]53O[C@@H]3OC(C)(C)[C@H]([C@@H](O)[C@H]3O)N(C)C)C(Cl)=C4)[N+]([H])([H])[H])=C12,SAWXMTQYIIZWNU-RGEBLUSTSA-O,CN(C(=O)COC1CC[NH+](C)CC1)[C@H]1c2cc(Cl)cc(Cl)c2C[C@H]1O,ZINC15 : ZINC000935477373,espsim_shape,0.14705882352941177,zinc15
[H]N1C(=O)C(=C)OC2=CC(OC)=CC(C(=O)O[C@H]3COC(=O)C[C@@H](C4=CC(O)=C(O[C@]5([H])C6=C(C=C3C=C6)C3=CC=C[C@]53O[C@@H]3OC(C)(C)[C@H]([C@@H](O)[C@H]3O)N(C)C)C(Cl)=C4)[N+]([H])([H])[H])=C12,SAWXMTQYIIZWNU-RGEBLUSTSA-O,CN(C(=O)COC1CC[NH+](C)CC1)[C@H]1c2cc(Cl)cc(Cl)c2C[C@@H]1O,ZINC15 : ZINC000935477376,espsim_shape,0.14705882352941177,zinc15
[H]N1C(=O)C(=C)OC2=CC(OC)=CC(C(=O)O[C@H]3COC(=O)C[C@@H](C4=CC(O)=C(O[C@]5([H])C6=C(C=C3C=C6)C3=CC=C[C@]53O[C@@H]3OC(C)(C)[C@H]([C@@H](O)[C@H]3O)N(C)C)C(Cl)=C4)[N+]([H])([H])[H])=C12,SAWXMTQYIIZWNU-RGEBLUSTSA-O,CN(C(=O)COC1CC[NH+](C)CC1)[C@@H]1c2cc(Cl)cc(Cl)c2C[C@@H]1O,ZINC15 : ZINC000935477374,espsim_shape,0.14705882352941177,zinc15
[H]N1C(=O)C(=C)OC2=CC(OC)=CC(C(=O)O[C@H]3COC(=O)C[C@@H](C4=CC(O)=C(O[C@]5([H])C6=C(C=C3C=C6)C3=CC=C[C@]53O[C@@H]3OC(C)(C)[C@H]([C@@H](O)[C@H]3O)N(C)C)C(Cl)=C4)[N+]([H])([H])[H])=C12,SAWXMTQYIIZWNU-RGEBLUSTSA-O,CN(C(=O)COC1CC[NH+](C)CC1)[C@@H]1c2cc(Cl)cc(Cl)c2C[C@H]1O,ZINC15 : ZINC000935477375,espsim_shape,0.14705882352941177,zinc15
[H]N1C(=O)C(=C)OC2=CC(OC)=CC(C(=O)O[C@H]3COC(=O)C[C@@H](C4=CC(O)=C(O[C@]5([H])C6=C(C=C3C=C6)C3=CC=C[C@]53O[C@@H]3OC(C)(C)[C@H]([C@@H](O)[C@H]3O)N(C)C)C(Cl)=C4)[N+]([H])([H])[H])=C12,SAWXMTQYIIZWNU-RGEBLUSTSA-O,CC(C)(C)C1=NNC=C1C(=O)NC1CC2(C1)CC2NC(=O)C1=CC=C2C=NOC2=C1,ENAMINE-REAL : PV-008883541762,espsim_shape,0.14685314685314685,enamine-real
[H]N1C(=O)C(=C)OC2=CC(OC)=CC(C(=O)O[C@H]3COC(=O)C[C@@H](C4=CC(O)=C(O[C@]5([H])C6=C(C=C3C=C6)C3=CC=C[C@]53O[C@@H]3OC(C)(C)[C@H]([C@@H](O)[C@H]3O)N(C)C)C(Cl)=C4)[N+]([H])([H])[H])=C12,SAWXMTQYIIZWNU-RGEBLUSTSA-O,C=CCOc1ccc(C(=O)[C@@H]2[C@H](C(=O)c3cccc(OC)c3)N3C=Cc4ccccc4[C@H]3[C@]23c2ccccc2NC3=O)cc1,ZINC15 : ZINC000248147216,espsim_shape,0.1464968152866242,zinc15
[H]N1C(=O)C(=C)OC2=CC(OC)=CC(C(=O)O[C@H]3COC(=O)C[C@@H](C4=CC(O)=C(O[C@]5([H])C6=C(C=C3C=C6)C3=CC=C[C@]53O[C@@H]3OC(C)(C)[C@H]([C@@H](O)[C@H]3O)N(C)C)C(Cl)=C4)[N+]([H])([H])[H])=C12,SAWXMTQYIIZWNU-RGEBLUSTSA-O,C=CCOc1ccc(C(O)=C2[C@H](C(=O)c3cccc(OC)c3)N3C=Cc4ccccc4[C@@H]3[C@]23c2ccccc2NC3=O)cc1,ZINC15 : ZINC000101292058,espsim_shape,0.14465408805031446,zinc15
[H]N1C(=O)C(=C)OC2=CC(OC)=CC(C(=O)O[C@H]3COC(=O)C[C@@H](C4=CC(O)=C(O[C@]5([H])C6=C(C=C3C=C6)C3=CC=C[C@]53O[C@@H]3OC(C)(C)[C@H]([C@@H](O)[C@H]3O)N(C)C)C(Cl)=C4)[N+]([H])([H])[H])=C12,SAWXMTQYIIZWNU-RGEBLUSTSA-O,C=CCOc1ccc(C(O)=C2[C@H](C(=O)c3cccc(OC)c3)N3C=Cc4ccccc4[C@H]3[C@@]23c2ccccc2NC3=O)cc1,ZINC15 : ZINC000248147214,espsim_shape,0.14465408805031446,zinc15
[H]N1C(=O)C(=C)OC2=CC(OC)=CC(C(=O)O[C@H]3COC(=O)C[C@@H](C4=CC(O)=C(O[C@]5([H])C6=C(C=C3C=C6)C3=CC=C[C@]53O[C@@H]3OC(C)(C)[C@H]([C@@H](O)[C@H]3O)N(C)C)C(Cl)=C4)[N+]([H])([H])[H])=C12,SAWXMTQYIIZWNU-RGEBLUSTSA-O,C=CCOc1ccc(C(O)=C2[C@H](C(=O)c3cccc(OC)c3)N3C=Cc4ccccc4[C@H]3[C@]23c2ccccc2NC3=O)cc1,ZINC15 : ZINC000248147216,espsim_shape,0.14465408805031446,zinc15
[H]N1C(=O)C(=C)OC2=CC(OC)=CC(C(=O)O[C@H]3COC(=O)C[C@@H](C4=CC(O)=C(O[C@]5([H])C6=C(C=C3C=C6)C3=CC=C[C@]53O[C@@H]3OC(C)(C)[C@H]([C@@H](O)[C@H]3O)N(C)C)C(Cl)=C4)[N+]([H])([H])[H])=C12,SAWXMTQYIIZWNU-RGEBLUSTSA-O,C[C@@H]1C[C@H]1C(=O)N[C@@H]1CC[C@H]1NC(=O)C1=CC=C2OC3=CC=CC=C3NC(=O)C2=C1,ENAMINE-REAL : PV-008627752573,espsim_shape,0.14388489208633093,enamine-real
[H]N1C(=O)C(=C)OC2=CC(OC)=CC(C(=O)O[C@H]3COC(=O)C[C@@H](C4=CC(O)=C(O[C@]5([H])C6=C(C=C3C=C6)C3=CC=C[C@]53O[C@@H]3OC(C)(C)[C@H]([C@@H](O)[C@H]3O)N(C)C)C(Cl)=C4)[N+]([H])([H])[H])=C12,SAWXMTQYIIZWNU-RGEBLUSTSA-O,C[C@@H]1C[C@H]1C(=O)N[C@@H]1CC[C@@H]1NC(=O)C1=CC=C2OC3=CC=CC=C3NC(=O)C2=C1,ENAMINE-REAL : PV-008627752575,espsim_shape,0.14388489208633093,enamine-real
[H]N1C(=O)C(=C)OC2=CC(OC)=CC(C(=O)O[C@H]3COC(=O)C[C@@H](C4=CC(O)=C(O[C@]5([H])C6=C(C=C3C=C6)C3=CC=C[C@]53O[C@@H]3OC(C)(C)[C@H]([C@@H](O)[C@H]3O)N(C)C)C(Cl)=C4)[N+]([H])([H])[H])=C12,SAWXMTQYIIZWNU-RGEBLUSTSA-O,C[C@H]1C[C@@H]1C(=O)N[C@@H]1CC[C@H]1NC(=O)C1=CC=C2OC3=CC=CC=C3NC(=O)C2=C1,ENAMINE-REAL : PV-008627752571,espsim_shape,0.14388489208633093,enamine-real
[H]N1C(=O)C(=C)OC2=CC(OC)=CC(C(=O)O[C@H]3COC(=O)C[C@@H](C4=CC(O)=C(O[C@]5([H])C6=C(C=C3C=C6)C3=CC=C[C@]53O[C@@H]3OC(C)(C)[C@H]([C@@H](O)[C@H]3O)N(C)C)C(Cl)=C4)[N+]([H])([H])[H])=C12,SAWXMTQYIIZWNU-RGEBLUSTSA-O,COc1ccc(OC)c([C@@H]2[C@@H](C(=O)c3cccc([N+](=O)[O-])c3)N3c4ccccc4C=C[C@H]3C23C(=O)c2ccccc2C3=O)c1,ZINC15 : ZINC000229956051,espsim_shape,0.1437908496732026,zinc15
[H]N1C(=O)C(=C)OC2=CC(OC)=CC(C(=O)O[C@H]3COC(=O)C[C@@H](C4=CC(O)=C(O[C@]5([H])C6=C(C=C3C=C6)C3=CC=C[C@]53O[C@@H]3OC(C)(C)[C@H]([C@@H](O)[C@H]3O)N(C)C)C(Cl)=C4)[N+]([H])([H])[H])=C12,SAWXMTQYIIZWNU-RGEBLUSTSA-O,COc1ccc(OC)c([C@H]2[C@@H](C(=O)c3cccc([N+](=O)[O-])c3)N3c4ccccc4C=C[C@@H]3C23C(=O)c2ccccc2C3=O)c1,ZINC15 : ZINC000103539564,espsim_shape,0.1437908496732026,zinc15
[H]N1C(=O)C(=C)OC2=CC(OC)=CC(C(=O)O[C@H]3COC(=O)C[C@@H](C4=CC(O)=C(O[C@]5([H])C6=C(C=C3C=C6)C3=CC=C[C@]53O[C@@H]3OC(C)(C)[C@H]([C@@H](O)[C@H]3O)N(C)C)C(Cl)=C4)[N+]([H])([H])[H])=C12,SAWXMTQYIIZWNU-RGEBLUSTSA-O,COc1ccc(OC)c([C@@H]2[C@H](C(=O)c3cccc([N+](=O)[O-])c3)N3c4ccccc4C=C[C@H]3C23C(=O)c2ccccc2C3=O)c1,ZINC15 : ZINC000229956043,espsim_shape,0.1437908496732026,zinc15
[H]N1C(=O)C(=C)OC2=CC(OC)=CC(C(=O)O[C@H]3COC(=O)C[C@@H](C4=CC(O)=C(O[C@]5([H])C6=C(C=C3C=C6)C3=CC=C[C@]53O[C@@H]3OC(C)(C)[C@H]([C@@H](O)[C@H]3O)N(C)C)C(Cl)=C4)[N+]([H])([H])[H])=C12,SAWXMTQYIIZWNU-RGEBLUSTSA-O,COc1ccc(OC)c([C@@H]2[C@@H](C(=O)c3cccc([N+](=O)[O-])c3)N3c4ccccc4C=C[C@@H]3C23C(=O)c2ccccc2C3=O)c1,ZINC15 : ZINC000103539559,espsim_shape,0.1437908496732026,zinc15
[H]N1C(=O)C(=C)OC2=CC(OC)=CC(C(=O)O[C@H]3COC(=O)C[C@@H](C4=CC(O)=C(O[C@]5([H])C6=C(C=C3C=C6)C3=CC=C[C@]53O[C@@H]3OC(C)(C)[C@H]([C@@H](O)[C@H]3O)N(C)C)C(Cl)=C4)[N+]([H])([H])[H])=C12,SAWXMTQYIIZWNU-RGEBLUSTSA-O,COc1ccc(OC)c([C@H]2[C@H](C(=O)c3cccc([N+](=O)[O-])c3)N3c4ccccc4C=C[C@@H]3C23C(=O)c2ccccc2C3=O)c1,ZINC15 : ZINC000102889454,espsim_shape,0.1437908496732026,zinc15
[H]N1C(=O)C(=C)OC2=CC(OC)=CC(C(=O)O[C@H]3COC(=O)C[C@@H](C4=CC(O)=C(O[C@]5([H])C6=C(C=C3C=C6)C3=CC=C[C@]53O[C@@H]3OC(C)(C)[C@H]([C@@H](O)[C@H]3O)N(C)C)C(Cl)=C4)[N+]([H])([H])[H])=C12,SAWXMTQYIIZWNU-RGEBLUSTSA-O,COc1ccc(OC)c([C@H]2[C@H](C(=O)c3cccc([N+](=O)[O-])c3)N3c4ccccc4C=C[C@H]3C23C(=O)c2ccccc2C3=O)c1,ZINC15 : ZINC000102889456,espsim_shape,0.1437908496732026,zinc15
[H]N1C(=O)C(=C)OC2=CC(OC)=CC(C(=O)O[C@H]3COC(=O)C[C@@H](C4=CC(O)=C(O[C@]5([H])C6=C(C=C3C=C6)C3=CC=C[C@]53O[C@@H]3OC(C)(C)[C@H]([C@@H](O)[C@H]3O)N(C)C)C(Cl)=C4)[N+]([H])([H])[H])=C12,SAWXMTQYIIZWNU-RGEBLUSTSA-O,COc1ccc(OC)c([C@@H]2[C@H](C(=O)c3cccc([N+](=O)[O-])c3)N3c4ccccc4C=C[C@@H]3C23C(=O)c2ccccc2C3=O)c1,ZINC15 : ZINC000103539552,espsim_shape,0.1437908496732026,zinc15
[H]N1C(=O)C(=C)OC2=CC(OC)=CC(C(=O)O[C@H]3COC(=O)C[C@@H](C4=CC(O)=C(O[C@]5([H])C6=C(C=C3C=C6)C3=CC=C[C@]53O[C@@H]3OC(C)(C)[C@H]([C@@H](O)[C@H]3O)N(C)C)C(Cl)=C4)[N+]([H])([H])[H])=C12,SAWXMTQYIIZWNU-RGEBLUSTSA-O,CCC(C)(C)C(=O)N[C@@H]1C[C@H]1NC(=O)C1=CC=C2OC3=CC=CC=C3NC(=O)C2=C1,ENAMINE-REAL : PV-008059480583,espsim_shape,0.14184397163120568,enamine-real
[H]N1C(=O)C(=C)OC2=CC(OC)=CC(C(=O)O[C@H]3COC(=O)C[C@@H](C4=CC(O)=C(O[C@]5([H])C6=C(C=C3C=C6)C3=CC=C[C@]53O[C@@H]3OC(C)(C)[C@H]([C@@H](O)[C@H]3O)N(C)C)C(Cl)=C4)[N+]([H])([H])[H])=C12,SAWXMTQYIIZWNU-RGEBLUSTSA-O,CC(OC1=CC=CN=C1)C(=O)N[C@@H]1CC[C@H]1NC(=O)C1=CC=C2C=CC=C(O)C2=C1,ENAMINE-REAL : PV-007967945712,espsim_shape,0.13986013986013987,enamine-real
[H]N1C(=O)C(=C)OC2=CC(OC)=CC(C(=O)O[C@H]3COC(=O)C[C@@H](C4=CC(O)=C(O[C@]5([H])C6=C(C=C3C=C6)C3=CC=C[C@]53O[C@@H]3OC(C)(C)[C@H]([C@@H](O)[C@H]3O)N(C)C)C(Cl)=C4)[N+]([H])([H])[H])=C12,SAWXMTQYIIZWNU-RGEBLUSTSA-O,COc1ccc(OC)c([C@H]2[C@@H](C(=O)c3ccc([N+](=O)[O-])cc3)N3c4ccccc4C=C[C@@H]3C23C(=O)c2ccccc2C3=O)c1,ZINC15 : ZINC000103552586,espsim_shape,0.13815789473684212,zinc15
[H]N1C(=O)C(=C)OC2=CC(OC)=CC(C(=O)O[C@H]3COC(=O)C[C@@H](C4=CC(O)=C(O[C@]5([H])C6=C(C=C3C=C6)C3=CC=C[C@]53O[C@@H]3OC(C)(C)[C@H]([C@@H](O)[C@H]3O)N(C)C)C(Cl)=C4)[N+]([H])([H])[H])=C12,SAWXMTQYIIZWNU-RGEBLUSTSA-O,COc1ccc(OC)c([C@@H]2[C@H](C(=O)c3ccc([N+](=O)[O-])cc3)N3c4ccccc4C=C[C@H]3C23C(=O)c2ccccc2C3=O)c1,ZINC15 : ZINC000229907339,espsim_shape,0.13815789473684212,zinc15
[H]N1C(=O)C(=C)OC2=CC(OC)=CC(C(=O)O[C@H]3COC(=O)C[C@@H](C4=CC(O)=C(O[C@]5([H])C6=C(C=C3C=C6)C3=CC=C[C@]53O[C@@H]3OC(C)(C)[C@H]([C@@H](O)[C@H]3O)N(C)C)C(Cl)=C4)[N+]([H])([H])[H])=C12,SAWXMTQYIIZWNU-RGEBLUSTSA-O,COc1ccc(OC)c([C@@H]2[C@@H](C(=O)c3ccc([N+](=O)[O-])cc3)N3c4ccccc4C=C[C@@H]3C23C(=O)c2ccccc2C3=O)c1,ZINC15 : ZINC000001815428,espsim_shape,0.13815789473684212,zinc15
[H]N1C(=O)C(=C)OC2=CC(OC)=CC(C(=O)O[C@H]3COC(=O)C[C@@H](C4=CC(O)=C(O[C@]5([H])C6=C(C=C3C=C6)C3=CC=C[C@]53O[C@@H]3OC(C)(C)[C@H]([C@@H](O)[C@H]3O)N(C)C)C(Cl)=C4)[N+]([H])([H])[H])=C12,SAWXMTQYIIZWNU-RGEBLUSTSA-O,COc1ccc(OC)c([C@H]2[C@H](C(=O)c3ccc([N+](=O)[O-])cc3)N3c4ccccc4C=C[C@@H]3C23C(=O)c2ccccc2C3=O)c1,ZINC15 : ZINC000101671887,espsim_shape,0.13815789473684212,zinc15
[H]N1C(=O)C(=C)OC2=CC(OC)=CC(C(=O)O[C@H]3COC(=O)C[C@@H](C4=CC(O)=C(O[C@]5([H])C6=C(C=C3C=C6)C3=CC=C[C@]53O[C@@H]3OC(C)(C)[C@H]([C@@H](O)[C@H]3O)N(C)C)C(Cl)=C4)[N+]([H])([H])[H])=C12,SAWXMTQYIIZWNU-RGEBLUSTSA-O,COc1ccc(OC)c([C@@H]2[C@H](C(=O)c3ccc([N+](=O)[O-])cc3)N3c4ccccc4C=C[C@@H]3C23C(=O)c2ccccc2C3=O)c1,ZINC15 : ZINC000103552577,espsim_shape,0.13815789473684212,zinc15
[H]N1C(=O)C(=C)OC2=CC(OC)=CC(C(=O)O[C@H]3COC(=O)C[C@@H](C4=CC(O)=C(O[C@]5([H])C6=C(C=C3C=C6)C3=CC=C[C@]53O[C@@H]3OC(C)(C)[C@H]([C@@H](O)[C@H]3O)N(C)C)C(Cl)=C4)[N+]([H])([H])[H])=C12,SAWXMTQYIIZWNU-RGEBLUSTSA-O,COc1ccc(OC)c([C@H]2[C@H](C(=O)c3ccc([N+](=O)[O-])cc3)N3c4ccccc4C=C[C@H]3C23C(=O)c2ccccc2C3=O)c1,ZINC15 : ZINC000101671892,espsim_shape,0.13815789473684212,zinc15
[H]N1C(=O)C(=C)OC2=CC(OC)=CC(C(=O)O[C@H]3COC(=O)C[C@@H](C4=CC(O)=C(O[C@]5([H])C6=C(C=C3C=C6)C3=CC=C[C@]53O[C@@H]3OC(C)(C)[C@H]([C@@H](O)[C@H]3O)N(C)C)C(Cl)=C4)[N+]([H])([H])[H])=C12,SAWXMTQYIIZWNU-RGEBLUSTSA-O,COc1ccc(OC)c([C@@H]2[C@@H](C(=O)c3ccc([N+](=O)[O-])cc3)N3c4ccccc4C=C[C@H]3C23C(=O)c2ccccc2C3=O)c1,ZINC15 : ZINC000229907348,espsim_shape,0.13815789473684212,zinc15
[H]N1C(=O)C(=C)OC2=CC(OC)=CC(C(=O)O[C@H]3COC(=O)C[C@@H](C4=CC(O)=C(O[C@]5([H])C6=C(C=C3C=C6)C3=CC=C[C@]53O[C@@H]3OC(C)(C)[C@H]([C@@H](O)[C@H]3O)N(C)C)C(Cl)=C4)[N+]([H])([H])[H])=C12,SAWXMTQYIIZWNU-RGEBLUSTSA-O,COc1ccc(Cl)cc1N1C[C@H](C(=O)Oc2cccc(N3C(=O)[C@H]4[C@H](C3=O)C3c5ccccc5C4c4ccccc43)c2)CC1=O,ZINC15 : ZINC000408642936,espsim_shape,0.13793103448275862,zinc15
[H]N1C(=O)C(=C)OC2=CC(OC)=CC(C(=O)O[C@H]3COC(=O)C[C@@H](C4=CC(O)=C(O[C@]5([H])C6=C(C=C3C=C6)C3=CC=C[C@]53O[C@@H]3OC(C)(C)[C@H]([C@@H](O)[C@H]3O)N(C)C)C(Cl)=C4)[N+]([H])([H])[H])=C12,SAWXMTQYIIZWNU-RGEBLUSTSA-O,COc1ccc(Cl)cc1N1C[C@H](C(=O)Oc2cccc(N3C(=O)[C@@H]4[C@@H](C3=O)C3c5ccccc5C4c4ccccc43)c2)CC1=O,ZINC15 : ZINC000408642941,espsim_shape,0.13793103448275862,zinc15
[H]N1C(=O)C(=C)OC2=CC(OC)=CC(C(=O)O[C@H]3COC(=O)C[C@@H](C4=CC(O)=C(O[C@]5([H])C6=C(C=C3C=C6)C3=CC=C[C@]53O[C@@H]3OC(C)(C)[C@H]([C@@H](O)[C@H]3O)N(C)C)C(Cl)=C4)[N+]([H])([H])[H])=C12,SAWXMTQYIIZWNU-RGEBLUSTSA-O,COc1ccc(Cl)cc1N1C[C@H](C(=O)Oc2cccc(N3C(=O)[C@H]4[C@@H](C3=O)C3c5ccccc5C4c4ccccc43)c2)CC1=O,ZINC15 : ZINC000408642938,espsim_shape,0.13793103448275862,zinc15
[H]N1C(=O)C(=C)OC2=CC(OC)=CC(C(=O)O[C@H]3COC(=O)C[C@@H](C4=CC(O)=C(O[C@]5([H])C6=C(C=C3C=C6)C3=CC=C[C@]53O[C@@H]3OC(C)(C)[C@H]([C@@H](O)[C@H]3O)N(C)C)C(Cl)=C4)[N+]([H])([H])[H])=C12,SAWXMTQYIIZWNU-RGEBLUSTSA-O,COC1=CC(OC)=CC(C(=O)NC2=CC=C(C(=O)NCC3=CC=CC=C3N3CCOCC3)C(O)=C2)=C1,ENAMINE-REAL : Z911115272,espsim_shape,0.13793103448275862,enamine-real
[H]N1C(=O)C(=C)OC2=CC(OC)=CC(C(=O)O[C@H]3COC(=O)C[C@@H](C4=CC(O)=C(O[C@]5([H])C6=C(C=C3C=C6)C3=CC=C[C@]53O[C@@H]3OC(C)(C)[C@H]([C@@H](O)[C@H]3O)N(C)C)C(Cl)=C4)[N+]([H])([H])[H])=C12,SAWXMTQYIIZWNU-RGEBLUSTSA-O,COc1ccc(Cl)cc1N1C[C@@H](C(=O)Oc2cccc(N3C(=O)[C@H]4[C@@H](C3=O)C3c5ccccc5C4c4ccccc43)c2)CC1=O,ZINC15 : ZINC000408642940,espsim_shape,0.13793103448275862,zinc15
[H]N1C(=O)C(=C)OC2=CC(OC)=CC(C(=O)O[C@H]3COC(=O)C[C@@H](C4=CC(O)=C(O[C@]5([H])C6=C(C=C3C=C6)C3=CC=C[C@]53O[C@@H]3OC(C)(C)[C@H]([C@@H](O)[C@H]3O)N(C)C)C(Cl)=C4)[N+]([H])([H])[H])=C12,SAWXMTQYIIZWNU-RGEBLUSTSA-O,CC(OC1=CC=CC=C1)C(=O)N[C@@H]1CC[C@H]1NC(=O)C1=CC=C2C=CC=C(O)C2=C1,ENAMINE-REAL : PV-008016030483,espsim_shape,0.13768115942028986,enamine-real
[H]N1C(=O)C(=C)OC2=CC(OC)=CC(C(=O)O[C@H]3COC(=O)C[C@@H](C4=CC(O)=C(O[C@]5([H])C6=C(C=C3C=C6)C3=CC=C[C@]53O[C@@H]3OC(C)(C)[C@H]([C@@H](O)[C@H]3O)N(C)C)C(Cl)=C4)[N+]([H])([H])[H])=C12,SAWXMTQYIIZWNU-RGEBLUSTSA-O,CC(OC1=CC=CC=C1)C(=O)N[C@H]1CC[C@H]1NC(=O)C1=CC=C2C=CC=C(O)C2=C1,ENAMINE-REAL : PV-008016030482,espsim_shape,0.13768115942028986,enamine-real
[H]N1C(=O)C(=C)OC2=CC(OC)=CC(C(=O)O[C@H]3COC(=O)C[C@@H](C4=CC(O)=C(O[C@]5([H])C6=C(C=C3C=C6)C3=CC=C[C@]53O[C@@H]3OC(C)(C)[C@H]([C@@H](O)[C@H]3O)N(C)C)C(Cl)=C4)[N+]([H])([H])[H])=C12,SAWXMTQYIIZWNU-RGEBLUSTSA-O,COc1cccc([C@@H]2c3[nH]c4ccccc4c3C[C@H]3C(=O)N(c4ccccc4C(=O)N4CCC[C@H]4C(=O)[O-])C(=O)N32)c1,ZINC15 : ZINC000038139972,espsim_shape,0.1375,zinc15
[H]N1C(=O)C(=C)OC2=CC(OC)=CC(C(=O)O[C@H]3COC(=O)C[C@@H](C4=CC(O)=C(O[C@]5([H])C6=C(C=C3C=C6)C3=CC=C[C@]53O[C@@H]3OC(C)(C)[C@H]([C@@H](O)[C@H]3O)N(C)C)C(Cl)=C4)[N+]([H])([H])[H])=C12,SAWXMTQYIIZWNU-RGEBLUSTSA-O,COc1cccc([C@H]2c3[nH]c4ccccc4c3C[C@H]3C(=O)N(c4ccccc4C(=O)N4CCC[C@H]4C(=O)[O-])C(=O)N32)c1,ZINC15 : ZINC000038139974,espsim_shape,0.1375,zinc15
[H]N1C(=O)C(=C)OC2=CC(OC)=CC(C(=O)O[C@H]3COC(=O)C[C@@H](C4=CC(O)=C(O[C@]5([H])C6=C(C=C3C=C6)C3=CC=C[C@]53O[C@@H]3OC(C)(C)[C@H]([C@@H](O)[C@H]3O)N(C)C)C(Cl)=C4)[N+]([H])([H])[H])=C12,SAWXMTQYIIZWNU-RGEBLUSTSA-O,COc1cccc([C@H]2c3[nH]c4ccccc4c3C[C@H]3C(=O)N(c4ccccc4C(=O)N4CCC[C@@H]4C(=O)[O-])C(=O)N32)c1,ZINC15 : ZINC000038139970,espsim_shape,0.1375,zinc15
[H]N1C(=O)C(=C)OC2=CC(OC)=CC(C(=O)O[C@H]3COC(=O)C[C@@H](C4=CC(O)=C(O[C@]5([H])C6=C(C=C3C=C6)C3=CC=C[C@]53O[C@@H]3OC(C)(C)[C@H]([C@@H](O)[C@H]3O)N(C)C)C(Cl)=C4)[N+]([H])([H])[H])=C12,SAWXMTQYIIZWNU-RGEBLUSTSA-O,COc1cccc([C@@H]2c3[nH]c4ccccc4c3C[C@H]3C(=O)N(c4ccccc4C(=O)N4CCC[C@@H]4C(=O)[O-])C(=O)N32)c1,ZINC15 : ZINC000038139969,espsim_shape,0.1375,zinc15
[H]N1C(=O)C(=C)OC2=CC(OC)=CC(C(=O)O[C@H]3COC(=O)C[C@@H](C4=CC(O)=C(O[C@]5([H])C6=C(C=C3C=C6)C3=CC=C[C@]53O[C@@H]3OC(C)(C)[C@H]([C@@H](O)[C@H]3O)N(C)C)C(Cl)=C4)[N+]([H])([H])[H])=C12,SAWXMTQYIIZWNU-RGEBLUSTSA-O,COc1cccc(C(=O)[C@@H]2C(=C(O)c3ccc(C)cc3)[C@]3(C(=O)Nc4ccccc43)[C@@H]3C=C(C)c4ccccc4N32)c1,ZINC15 : ZINC000229905977,espsim_shape,0.13725490196078433,zinc15
[H]N1C(=O)C(=C)OC2=CC(OC)=CC(C(=O)O[C@H]3COC(=O)C[C@@H](C4=CC(O)=C(O[C@]5([H])C6=C(C=C3C=C6)C3=CC=C[C@]53O[C@@H]3OC(C)(C)[C@H]([C@@H](O)[C@H]3O)N(C)C)C(Cl)=C4)[N+]([H])([H])[H])=C12,SAWXMTQYIIZWNU-RGEBLUSTSA-O,COc1cccc(C(=O)[C@@H]2C(=C(O)c3ccc(C)cc3)[C@]3(C(=O)Nc4ccccc43)[C@H]3C=C(C)c4ccccc4N32)c1,ZINC15 : ZINC000245246121,espsim_shape,0.13725490196078433,zinc15
[H]N1C(=O)C(=C)OC2=CC(OC)=CC(C(=O)O[C@H]3COC(=O)C[C@@H](C4=CC(O)=C(O[C@]5([H])C6=C(C=C3C=C6)C3=CC=C[C@]53O[C@@H]3OC(C)(C)[C@H]([C@@H](O)[C@H]3O)N(C)C)C(Cl)=C4)[N+]([H])([H])[H])=C12,SAWXMTQYIIZWNU-RGEBLUSTSA-O,COc1cccc(C(=O)[C@@H]2C(=C(O)c3ccc(C)cc3)[C@@]3(C(=O)Nc4ccccc43)[C@@H]3C=C(C)c4ccccc4N32)c1,ZINC15 : ZINC000227241013,espsim_shape,0.13725490196078433,zinc15
[H]N1C(=O)C(=C)OC2=CC(OC)=CC(C(=O)O[C@H]3COC(=O)C[C@@H](C4=CC(O)=C(O[C@]5([H])C6=C(C=C3C=C6)C3=CC=C[C@]53O[C@@H]3OC(C)(C)[C@H]([C@@H](O)[C@H]3O)N(C)C)C(Cl)=C4)[N+]([H])([H])[H])=C12,SAWXMTQYIIZWNU-RGEBLUSTSA-O,COc1cccc(C(=O)[C@H]2C(=C(O)c3ccc(C)cc3)[C@@]3(C(=O)Nc4ccccc43)[C@H]3C=C(C)c4ccccc4N32)c1,ZINC15 : ZINC000102893291,espsim_shape,0.13725490196078433,zinc15
[H]N1C(=O)C(=C)OC2=CC(OC)=CC(C(=O)O[C@H]3COC(=O)C[C@@H](C4=CC(O)=C(O[C@]5([H])C6=C(C=C3C=C6)C3=CC=C[C@]53O[C@@H]3OC(C)(C)[C@H]([C@@H](O)[C@H]3O)N(C)C)C(Cl)=C4)[N+]([H])([H])[H])=C12,SAWXMTQYIIZWNU-RGEBLUSTSA-O,COc1ccc([C@@H]2c3[nH]c4ccccc4c3C[C@H]3C(=O)N(c4ccccc4C(=O)NC4CCCCCCC4)C(=O)N32)cc1,ZINC15 : ZINC000070706293,espsim_shape,0.13725490196078433,zinc15
[H]N1C(=O)C(=C)OC2=CC(OC)=CC(C(=O)O[C@H]3COC(=O)C[C@@H](C4=CC(O)=C(O[C@]5([H])C6=C(C=C3C=C6)C3=CC=C[C@]53O[C@@H]3OC(C)(C)[C@H]([C@@H](O)[C@H]3O)N(C)C)C(Cl)=C4)[N+]([H])([H])[H])=C12,SAWXMTQYIIZWNU-RGEBLUSTSA-O,COc1cccc(C(=O)[C@@H]2C(=C(O)c3ccc(C)cc3)[C@@]3(C(=O)Nc4ccccc43)[C@H]3C=C(C)c4ccccc4N32)c1,ZINC15 : ZINC000102893297,espsim_shape,0.13725490196078433,zinc15
[H]N1C(=O)C(=C)OC2=CC(OC)=CC(C(=O)O[C@H]3COC(=O)C[C@@H](C4=CC(O)=C(O[C@]5([H])C6=C(C=C3C=C6)C3=CC=C[C@]53O[C@@H]3OC(C)(C)[C@H]([C@@H](O)[C@H]3O)N(C)C)C(Cl)=C4)[N+]([H])([H])[H])=C12,SAWXMTQYIIZWNU-RGEBLUSTSA-O,COc1ccc([C@H]2c3[nH]c4ccccc4c3C[C@H]3C(=O)N(c4ccccc4C(=O)NC4CCCCCCC4)C(=O)N32)cc1,ZINC15 : ZINC000070706297,espsim_shape,0.13725490196078433,zinc15
[H]N1C(=O)C(=C)OC2=CC(OC)=CC(C(=O)O[C@H]3COC(=O)C[C@@H](C4=CC(O)=C(O[C@]5([H])C6=C(C=C3C=C6)C3=CC=C[C@]53O[C@@H]3OC(C)(C)[C@H]([C@@H](O)[C@H]3O)N(C)C)C(Cl)=C4)[N+]([H])([H])[H])=C12,SAWXMTQYIIZWNU-RGEBLUSTSA-O,COC1=CC=C2C(O)=C(C(=O)NC3CC4(C3)CC4NC(=O)C3=CC=CN3)C=NC2=C1,ENAMINE-REAL : PV-007759745587,espsim_shape,0.136986301369863,enamine-real
[H]N1C(=O)C(=C)OC2=CC(OC)=CC(C(=O)O[C@H]3COC(=O)C[C@@H](C4=CC(O)=C(O[C@]5([H])C6=C(C=C3C=C6)C3=CC=C[C@]53O[C@@H]3OC(C)(C)[C@H]([C@@H](O)[C@H]3O)N(C)C)C(Cl)=C4)[N+]([H])([H])[H])=C12,SAWXMTQYIIZWNU-RGEBLUSTSA-O,COc1cccc2c1C(=O)c1c(O)c3c(c(O)c1C2=O)C[C@@](O)(C(=O)CO)C[C@@H]3O[C@H]1C[C@H]2[C@H](O[C@@H]3[C@@H](OC)OCCN32)[C@H](C)O1,ZINC15 : ZINC000067915304,espsim_shape,0.13690476190476192,zinc15
[H]N1C(=O)C(=C)OC2=CC(OC)=CC(C(=O)O[C@H]3COC(=O)C[C@@H](C4=CC(O)=C(O[C@]5([H])C6=C(C=C3C=C6)C3=CC=C[C@]53O[C@@H]3OC(C)(C)[C@H]([C@@H](O)[C@H]3O)N(C)C)C(Cl)=C4)[N+]([H])([H])[H])=C12,SAWXMTQYIIZWNU-RGEBLUSTSA-O,COc1cccc(N2C[C@H](C(=O)Oc3ccc(N4C(=O)[C@H]5[C@@H](C4=O)C4c6ccccc6C5c5ccccc54)cc3)CC2=O)c1,ZINC15 : ZINC000408638181,espsim_shape,0.1366906474820144,zinc15
[H]N1C(=O)C(=C)OC2=CC(OC)=CC(C(=O)O[C@H]3COC(=O)C[C@@H](C4=CC(O)=C(O[C@]5([H])C6=C(C=C3C=C6)C3=CC=C[C@]53O[C@@H]3OC(C)(C)[C@H]([C@@H](O)[C@H]3O)N(C)C)C(Cl)=C4)[N+]([H])([H])[H])=C12,SAWXMTQYIIZWNU-RGEBLUSTSA-O,COc1cccc(N2C[C@H](C(=O)Oc3ccc(N4C(=O)[C@@H]5[C@@H](C4=O)C4c6ccccc6C5c5ccccc54)cc3)CC2=O)c1,ZINC15 : ZINC000408638182,espsim_shape,0.1366906474820144,zinc15
[H]N1C(=O)C(=C)OC2=CC(OC)=CC(C(=O)O[C@H]3COC(=O)C[C@@H](C4=CC(O)=C(O[C@]5([H])C6=C(C=C3C=C6)C3=CC=C[C@]53O[C@@H]3OC(C)(C)[C@H]([C@@H](O)[C@H]3O)N(C)C)C(Cl)=C4)[N+]([H])([H])[H])=C12,SAWXMTQYIIZWNU-RGEBLUSTSA-O,COc1cccc(N2C[C@H](C(=O)Oc3ccc(N4C(=O)[C@H]5[C@H](C4=O)C4c6ccccc6C5c5ccccc54)cc3)CC2=O)c1,ZINC15 : ZINC000408638183,espsim_shape,0.1366906474820144,zinc15
[H]N1C(=O)C(=C)OC2=CC(OC)=CC(C(=O)O[C@H]3COC(=O)C[C@@H](C4=CC(O)=C(O[C@]5([H])C6=C(C=C3C=C6)C3=CC=C[C@]53O[C@@H]3OC(C)(C)[C@H]([C@@H](O)[C@H]3O)N(C)C)C(Cl)=C4)[N+]([H])([H])[H])=C12,SAWXMTQYIIZWNU-RGEBLUSTSA-O,COc1cccc(N2C[C@@H](C(=O)Oc3ccc(N4C(=O)[C@H]5[C@@H](C4=O)C4c6ccccc6C5c5ccccc54)cc3)CC2=O)c1,ZINC15 : ZINC000408638184,espsim_shape,0.1366906474820144,zinc15
[H]N1C(=O)C(=C)OC2=CC(OC)=CC(C(=O)O[C@H]3COC(=O)C[C@@H](C4=CC(O)=C(O[C@]5([H])C6=C(C=C3C=C6)C3=CC=C[C@]53O[C@@H]3OC(C)(C)[C@H]([C@@H](O)[C@H]3O)N(C)C)C(Cl)=C4)[N+]([H])([H])[H])=C12,SAWXMTQYIIZWNU-RGEBLUSTSA-O,CC1=CC(F)=CC=C1C(=O)N[C@@H]1C[C@H]1NC(=O)C1(C)OC2=CC=CC=C2NC1=O,ENAMINE-REAL : PV-008033670828,espsim_shape,0.13380281690140844,enamine-real
[H]N1C(=O)C(=C)OC2=CC(OC)=CC(C(=O)O[C@H]3COC(=O)C[C@@H](C4=CC(O)=C(O[C@]5([H])C6=C(C=C3C=C6)C3=CC=C[C@]53O[C@@H]3OC(C)(C)[C@H]([C@@H](O)[C@H]3O)N(C)C)C(Cl)=C4)[N+]([H])([H])[H])=C12,SAWXMTQYIIZWNU-RGEBLUSTSA-O,CC(=O)[C@@H]1CC[C@@H]2[C@H]3CC[C@H]4CC(=O)CC[C@]4(C)[C@@H]3C[C@@H](OC(=O)c3ccc4c(c3)C(=O)c3ccccc3C4=O)[C@@]12C,ZINC15 : ZINC000253611281,espsim_shape,0.13333333333333333,zinc15
[H]N1C(=O)C(=C)OC2=CC(OC)=CC(C(=O)O[C@H]3COC(=O)C[C@@H](C4=CC(O)=C(O[C@]5([H])C6=C(C=C3C=C6)C3=CC=C[C@]53O[C@@H]3OC(C)(C)[C@H]([C@@H](O)[C@H]3O)N(C)C)C(Cl)=C4)[N+]([H])([H])[H])=C12,SAWXMTQYIIZWNU-RGEBLUSTSA-O,CC(=O)[C@H]1CC[C@H]2[C@@H]3CC[C@H]4CC(=O)CC[C@]4(C)[C@H]3C[C@H](OC(=O)c3ccc4c(c3)C(=O)c3ccccc3C4=O)[C@]12C,ZINC15 : ZINC000118933529,espsim_shape,0.13333333333333333,zinc15
[H]N1C(=O)C(=C)OC2=CC(OC)=CC(C(=O)O[C@H]3COC(=O)C[C@@H](C4=CC(O)=C(O[C@]5([H])C6=C(C=C3C=C6)C3=CC=C[C@]53O[C@@H]3OC(C)(C)[C@H]([C@@H](O)[C@H]3O)N(C)C)C(Cl)=C4)[N+]([H])([H])[H])=C12,SAWXMTQYIIZWNU-RGEBLUSTSA-O,COc1ccc(OC)c([C@@H]2[C@@H](C(=O)c3ccc(OC(C)=O)cc3)N3c4ccccc4C=C[C@@H]3C23C(=O)c2ccccc2C3=O)c1,ZINC15 : ZINC000001249612,espsim_shape,0.13333333333333333,zinc15
[H]N1C(=O)C(=C)OC2=CC(OC)=CC(C(=O)O[C@H]3COC(=O)C[C@@H](C4=CC(O)=C(O[C@]5([H])C6=C(C=C3C=C6)C3=CC=C[C@]53O[C@@H]3OC(C)(C)[C@H]([C@@H](O)[C@H]3O)N(C)C)C(Cl)=C4)[N+]([H])([H])[H])=C12,SAWXMTQYIIZWNU-RGEBLUSTSA-O,CC(=O)[C@H]1CC[C@H]2[C@@H]3CC[C@@H]4CC(=O)CC[C@]4(C)[C@H]3C[C@@H](OC(=O)c3ccc4c(c3)C(=O)c3ccccc3C4=O)[C@]12C,ZINC15 : ZINC000118933530,espsim_shape,0.13333333333333333,zinc15
[H]N1C(=O)C(=C)OC2=CC(OC)=CC(C(=O)O[C@H]3COC(=O)C[C@@H](C4=CC(O)=C(O[C@]5([H])C6=C(C=C3C=C6)C3=CC=C[C@]53O[C@@H]3OC(C)(C)[C@H]([C@@H](O)[C@H]3O)N(C)C)C(Cl)=C4)[N+]([H])([H])[H])=C12,SAWXMTQYIIZWNU-RGEBLUSTSA-O,COc1ccc(OC)c([C@@H]2[C@H](C(=O)C(C)(C)C)N3c4ccc(F)cc4C=C[C@H]3C23C(=O)c2ccccc2C3=O)c1,ZINC15 : ZINC000230202022,espsim_shape,0.13333333333333333,zinc15
[H]N1C(=O)C(=C)OC2=CC(OC)=CC(C(=O)O[C@H]3COC(=O)C[C@@H](C4=CC(O)=C(O[C@]5([H])C6=C(C=C3C=C6)C3=CC=C[C@]53O[C@@H]3OC(C)(C)[C@H]([C@@H](O)[C@H]3O)N(C)C)C(Cl)=C4)[N+]([H])([H])[H])=C12,SAWXMTQYIIZWNU-RGEBLUSTSA-O,COc1ccc(OC)c([C@@H]2[C@@H](C(=O)C(C)(C)C)N3c4ccc(F)cc4C=C[C@H]3C23C(=O)c2ccccc2C3=O)c1,ZINC15 : ZINC000002344509,espsim_shape,0.13333333333333333,zinc15
[H]N1C(=O)C(=C)OC2=CC(OC)=CC(C(=O)O[C@H]3COC(=O)C[C@@H](C4=CC(O)=C(O[C@]5([H])C6=C(C=C3C=C6)C3=CC=C[C@]53O[C@@H]3OC(C)(C)[C@H]([C@@H](O)[C@H]3O)N(C)C)C(Cl)=C4)[N+]([H])([H])[H])=C12,SAWXMTQYIIZWNU-RGEBLUSTSA-O,COc1ccc(OC)c([C@@H]2[C@@H](C(=O)c3ccc(OC(C)=O)cc3)N3c4ccccc4C=C[C@H]3C23C(=O)c2ccccc2C3=O)c1,ZINC15 : ZINC000229909970,espsim_shape,0.13333333333333333,zinc15
[H]N1C(=O)C(=C)OC2=CC(OC)=CC(C(=O)O[C@H]3COC(=O)C[C@@H](C4=CC(O)=C(O[C@]5([H])C6=C(C=C3C=C6)C3=CC=C[C@]53O[C@@H]3OC(C)(C)[C@H]([C@@H](O)[C@H]3O)N(C)C)C(Cl)=C4)[N+]([H])([H])[H])=C12,SAWXMTQYIIZWNU-RGEBLUSTSA-O,CC(=O)[C@H]1CC[C@H]2[C@@H]3CC[C@@H]4CC(=O)CC[C@]4(C)[C@H]3C[C@H](OC(=O)c3ccc4c(c3)C(=O)c3ccccc3C4=O)[C@]12C,ZINC15 : ZINC000118933531,espsim_shape,0.13333333333333333,zinc15
[H]N1C(=O)C(=C)OC2=CC(OC)=CC(C(=O)O[C@H]3COC(=O)C[C@@H](C4=CC(O)=C(O[C@]5([H])C6=C(C=C3C=C6)C3=CC=C[C@]53O[C@@H]3OC(C)(C)[C@H]([C@@H](O)[C@H]3O)N(C)C)C(Cl)=C4)[N+]([H])([H])[H])=C12,SAWXMTQYIIZWNU-RGEBLUSTSA-O,COc1ccc(OC)c([C@H]2[C@H](C(=O)c3ccc(OC(C)=O)cc3)N3c4ccccc4C=C[C@@H]3C23C(=O)c2ccccc2C3=O)c1,ZINC15 : ZINC000101671977,espsim_shape,0.13333333333333333,zinc15
[H]N1C(=O)C(=C)OC2=CC(OC)=CC(C(=O)O[C@H]3COC(=O)C[C@@H](C4=CC(O)=C(O[C@]5([H])C6=C(C=C3C=C6)C3=CC=C[C@]53O[C@@H]3OC(C)(C)[C@H]([C@@H](O)[C@H]3O)N(C)C)C(Cl)=C4)[N+]([H])([H])[H])=C12,SAWXMTQYIIZWNU-RGEBLUSTSA-O,COc1ccc(OC)c([C@H]2[C@H](C(=O)C(C)(C)C)N3c4ccc(F)cc4C=C[C@@H]3C23C(=O)c2ccccc2C3=O)c1,ZINC15 : ZINC000101221232,espsim_shape,0.13333333333333333,zinc15
[H]N1C(=O)C(=C)OC2=CC(OC)=CC(C(=O)O[C@H]3COC(=O)C[C@@H](C4=CC(O)=C(O[C@]5([H])C6=C(C=C3C=C6)C3=CC=C[C@]53O[C@@H]3OC(C)(C)[C@H]([C@@H](O)[C@H]3O)N(C)C)C(Cl)=C4)[N+]([H])([H])[H])=C12,SAWXMTQYIIZWNU-RGEBLUSTSA-O,COc1ccc(OC)c([C@@H]2[C@H](C(=O)C(C)(C)C)N3c4ccc(F)cc4C=C[C@@H]3C23C(=O)c2ccccc2C3=O)c1,ZINC15 : ZINC000101343704,espsim_shape,0.13333333333333333,zinc15
[H]N1C(=O)C(=C)OC2=CC(OC)=CC(C(=O)O[C@H]3COC(=O)C[C@@H](C4=CC(O)=C(O[C@]5([H])C6=C(C=C3C=C6)C3=CC=C[C@]53O[C@@H]3OC(C)(C)[C@H]([C@@H](O)[C@H]3O)N(C)C)C(Cl)=C4)[N+]([H])([H])[H])=C12,SAWXMTQYIIZWNU-RGEBLUSTSA-O,COc1ccc(OC)c([C@H]2[C@@H](C(=O)c3ccc(OC(C)=O)cc3)N3c4ccccc4C=C[C@@H]3C23C(=O)c2ccccc2C3=O)c1,ZINC15 : ZINC000102889483,espsim_shape,0.13333333333333333,zinc15
[H]N1C(=O)C(=C)OC2=CC(OC)=CC(C(=O)O[C@H]3COC(=O)C[C@@H](C4=CC(O)=C(O[C@]5([H])C6=C(C=C3C=C6)C3=CC=C[C@]53O[C@@H]3OC(C)(C)[C@H]([C@@H](O)[C@H]3O)N(C)C)C(Cl)=C4)[N+]([H])([H])[H])=C12,SAWXMTQYIIZWNU-RGEBLUSTSA-O,CC(=O)[C@H]1CC[C@H]2[C@@H]3CC[C@H]4CC(=O)CC[C@]4(C)[C@H]3C[C@@H](OC(=O)c3ccc4c(c3)C(=O)c3ccccc3C4=O)[C@]12C,ZINC15 : ZINC000118933528,espsim_shape,0.13333333333333333,zinc15
