query_smiles,query_inchikey,smiles,identifier,search_type,score,database
[Cl-].[Cl-].[Cl-].[Cl-].[Cl-].[Mn+3].CCN1C=C[N+](CC)=C1\C1=C2/C=CC(=N2)\C(=C2/[N-]\C(\C=C2)=C(/C2=N/C(/C=C2)=C(\C2=CC=C1[N-]2)C1=[N+](CC)C=CN1CC)C1=[N+](CC)C=CN1CC)\C1=[N+](CC)C=CN1CC,XMYHQLIAYLLEKT-UHFFFAOYSA-I,C[n+]1ccc(-c2c3ccc(n3)c(-c3cc[n+](C)cc3)c3ccc([nH]3)c(-c3cc[n+](C)cc3)c3ccc(n3)c(-c3cc[n+](C)cc3)c3ccc2[nH]3)cc1,ZINC15 : ZINC000004208821,consensus,0.28846153846153844,zinc15
[Cl-].[Cl-].[Cl-].[Cl-].[Cl-].[Mn+3].CCN1C=C[N+](CC)=C1\C1=C2/C=CC(=N2)\C(=C2/[N-]\C(\C=C2)=C(/C2=N/C(/C=C2)=C(\C2=CC=C1[N-]2)C1=[N+](CC)C=CN1CC)C1=[N+](CC)C=CN1CC)\C1=[N+](CC)C=CN1CC,XMYHQLIAYLLEKT-UHFFFAOYSA-I,C[n+]1ccc(-c2c3ccc(n3)c(-c3ccc(C(=O)[O-])cc3)c3ccc([nH]3)c(-c3cc[n+](C)cc3)c3ccc([nH]3)c(-c3cc[n+](C)cc3)c3ccc2n3)cc1,ZINC15 : ZINC000027519523,consensus,0.25396825396825395,zinc15
[Cl-].[Cl-].[Cl-].[Cl-].[Cl-].[Mn+3].CCN1C=C[N+](CC)=C1\C1=C2/C=CC(=N2)\C(=C2/[N-]\C(\C=C2)=C(/C2=N/C(/C=C2)=C(\C2=CC=C1[N-]2)C1=[N+](CC)C=CN1CC)C1=[N+](CC)C=CN1CC)\C1=[N+](CC)C=CN1CC,XMYHQLIAYLLEKT-UHFFFAOYSA-I,Cc1ccc(-c2c3ccc(n3)c(-c3ccc(C)cc3)c3ccc([nH]3)c(-c3ccc(C)cc3)c3ccc(n3)c(-c3ccc(C)cc3)c3ccc2[nH]3)cc1,ZINC15 : ZINC000095725718,consensus,0.25,zinc15
[Cl-].[Cl-].[Cl-].[Cl-].[Cl-].[Mn+3].CCN1C=C[N+](CC)=C1\C1=C2/C=CC(=N2)\C(=C2/[N-]\C(\C=C2)=C(/C2=N/C(/C=C2)=C(\C2=CC=C1[N-]2)C1=[N+](CC)C=CN1CC)C1=[N+](CC)C=CN1CC)\C1=[N+](CC)C=CN1CC,XMYHQLIAYLLEKT-UHFFFAOYSA-I,C[n+]1ccccc1-c1c2ccc(n2)c(-c2cccc[n+]2C)c2ccc([nH]2)c(-c2cccc[n+]2C)c2ccc(n2)c(-c2cccc[n+]2C)c2ccc1[nH]2,ZINC15 : ZINC000027519009,consensus,0.25,zinc15
[Cl-].[Cl-].[Cl-].[Cl-].[Cl-].[Mn+3].CCN1C=C[N+](CC)=C1\C1=C2/C=CC(=N2)\C(=C2/[N-]\C(\C=C2)=C(/C2=N/C(/C=C2)=C(\C2=CC=C1[N-]2)C1=[N+](CC)C=CN1CC)C1=[N+](CC)C=CN1CC)\C1=[N+](CC)C=CN1CC,XMYHQLIAYLLEKT-UHFFFAOYSA-I,CCN1C=CN=C1C=CC1=CC=C(F)C=C1,ENAMINE-REAL : PV-005044700464,consensus,0.24561403508771928,enamine-real
[Cl-].[Cl-].[Cl-].[Cl-].[Cl-].[Mn+3].CCN1C=C[N+](CC)=C1\C1=C2/C=CC(=N2)\C(=C2/[N-]\C(\C=C2)=C(/C2=N/C(/C=C2)=C(\C2=CC=C1[N-]2)C1=[N+](CC)C=CN1CC)C1=[N+](CC)C=CN1CC)\C1=[N+](CC)C=CN1CC,XMYHQLIAYLLEKT-UHFFFAOYSA-I,C[n+]1cccc(-c2c3ccc(n3)c(-c3ccc[n+](C)c3)c3ccc([nH]3)c(-c3ccc[n+](C)c3)c3ccc(n3)c(-c3ccc[n+](C)c3)c3ccc2[nH]3)c1,ZINC15 : ZINC000150339051,consensus,0.24561403508771928,zinc15
[Cl-].[Cl-].[Cl-].[Cl-].[Cl-].[Mn+3].CCN1C=C[N+](CC)=C1\C1=C2/C=CC(=N2)\C(=C2/[N-]\C(\C=C2)=C(/C2=N/C(/C=C2)=C(\C2=CC=C1[N-]2)C1=[N+](CC)C=CN1CC)C1=[N+](CC)C=CN1CC)\C1=[N+](CC)C=CN1CC,XMYHQLIAYLLEKT-UHFFFAOYSA-I,C[n+]1cccc(-c2c3ccc(n3)c(-c3ccc[n+](C)c3)c3ccc([nH]3)c(-c3ccc[n+](C)c3)c3ccc([nH]3)c(-c3ccc[n+](C)c3)c3ccc2n3)c1,ZINC15 : ZINC000150339051,consensus,0.2413793103448276,zinc15
[Cl-].[Cl-].[Cl-].[Cl-].[Cl-].[Mn+3].CCN1C=C[N+](CC)=C1\C1=C2/C=CC(=N2)\C(=C2/[N-]\C(\C=C2)=C(/C2=N/C(/C=C2)=C(\C2=CC=C1[N-]2)C1=[N+](CC)C=CN1CC)C1=[N+](CC)C=CN1CC)\C1=[N+](CC)C=CN1CC,XMYHQLIAYLLEKT-UHFFFAOYSA-I,C[n+]1ccccc1-c1c2ccc(n2)c(-c2cccc[n+]2C)c2ccc([nH]2)c(-c2cccc[n+]2C)c2ccc([nH]2)c(-c2cccc[n+]2C)c2ccc1n2,ZINC15 : ZINC000027519009,consensus,0.2413793103448276,zinc15
[Cl-].[Cl-].[Cl-].[Cl-].[Cl-].[Mn+3].CCN1C=C[N+](CC)=C1\C1=C2/C=CC(=N2)\C(=C2/[N-]\C(\C=C2)=C(/C2=N/C(/C=C2)=C(\C2=CC=C1[N-]2)C1=[N+](CC)C=CN1CC)C1=[N+](CC)C=CN1CC)\C1=[N+](CC)C=CN1CC,XMYHQLIAYLLEKT-UHFFFAOYSA-I,c1cc2nc1c(-c1cccnc1)c1ccc([nH]1)c(-c1cccnc1)c1ccc(n1)c(-c1cccnc1)c1ccc([nH]1)c2-c1cccnc1,ZINC15 : ZINC000006445286,consensus,0.23636363636363636,zinc15
[Cl-].[Cl-].[Cl-].[Cl-].[Cl-].[Mn+3].CCN1C=C[N+](CC)=C1\C1=C2/C=CC(=N2)\C(=C2/[N-]\C(\C=C2)=C(/C2=N/C(/C=C2)=C(\C2=CC=C1[N-]2)C1=[N+](CC)C=CN1CC)C1=[N+](CC)C=CN1CC)\C1=[N+](CC)C=CN1CC,XMYHQLIAYLLEKT-UHFFFAOYSA-I,c1cc2nc1c(-c1cccnc1)c1ccc(n1)c(-c1cccnc1)c1ccc([nH]1)c(-c1cccnc1)c1ccc([nH]1)c2-c1cccnc1,ZINC15 : ZINC000006445286,consensus,0.23214285714285715,zinc15
[Cl-].[Cl-].[Cl-].[Cl-].[Cl-].[Mn+3].CCN1C=C[N+](CC)=C1\C1=C2/C=CC(=N2)\C(=C2/[N-]\C(\C=C2)=C(/C2=N/C(/C=C2)=C(\C2=CC=C1[N-]2)C1=[N+](CC)C=CN1CC)C1=[N+](CC)C=CN1CC)\C1=[N+](CC)C=CN1CC,XMYHQLIAYLLEKT-UHFFFAOYSA-I,c1cc2nc1c(-c1ccncc1)c1ccc([nH]1)c(-c1ccncc1)c1ccc(n1)c(-c1ccncc1)c1ccc([nH]1)c2-c1ccncc1,ZINC15 : ZINC000100010339,consensus,0.23076923076923078,zinc15
[Cl-].[Cl-].[Cl-].[Cl-].[Cl-].[Mn+3].CCN1C=C[N+](CC)=C1\C1=C2/C=CC(=N2)\C(=C2/[N-]\C(\C=C2)=C(/C2=N/C(/C=C2)=C(\C2=CC=C1[N-]2)C1=[N+](CC)C=CN1CC)C1=[N+](CC)C=CN1CC)\C1=[N+](CC)C=CN1CC,XMYHQLIAYLLEKT-UHFFFAOYSA-I,CCCc1c2ccc(n2)c(CCC)c2ccc([nH]2)c(CCC)c2ccc(n2)c(CCC)c2ccc1[nH]2,ZINC15 : ZINC000145113612,consensus,0.23076923076923078,zinc15
[Cl-].[Cl-].[Cl-].[Cl-].[Cl-].[Mn+3].CCN1C=C[N+](CC)=C1\C1=C2/C=CC(=N2)\C(=C2/[N-]\C(\C=C2)=C(/C2=N/C(/C=C2)=C(\C2=CC=C1[N-]2)C1=[N+](CC)C=CN1CC)C1=[N+](CC)C=CN1CC)\C1=[N+](CC)C=CN1CC,XMYHQLIAYLLEKT-UHFFFAOYSA-I,CCn1ccc2cc(-c3c(C)nn(C)c3C)ccc21,ZINC15 : ZINC001240148198,consensus,0.22950819672131148,zinc15
[Cl-].[Cl-].[Cl-].[Cl-].[Cl-].[Mn+3].CCN1C=C[N+](CC)=C1\C1=C2/C=CC(=N2)\C(=C2/[N-]\C(\C=C2)=C(/C2=N/C(/C=C2)=C(\C2=CC=C1[N-]2)C1=[N+](CC)C=CN1CC)C1=[N+](CC)C=CN1CC)\C1=[N+](CC)C=CN1CC,XMYHQLIAYLLEKT-UHFFFAOYSA-I,C=CC1=CC=C(C2=NC=CN2CC)C=C1,ENAMINE-REAL : PV-002877737154,consensus,0.22807017543859648,enamine-real
[Cl-].[Cl-].[Cl-].[Cl-].[Cl-].[Mn+3].CCN1C=C[N+](CC)=C1\C1=C2/C=CC(=N2)\C(=C2/[N-]\C(\C=C2)=C(/C2=N/C(/C=C2)=C(\C2=CC=C1[N-]2)C1=[N+](CC)C=CN1CC)C1=[N+](CC)C=CN1CC)\C1=[N+](CC)C=CN1CC,XMYHQLIAYLLEKT-UHFFFAOYSA-I,CCN1C=CN=C1CN(C)CC1=CC=CN=N1,ENAMINE-REAL : Z3394877637,consensus,0.22580645161290322,enamine-real
[Cl-].[Cl-].[Cl-].[Cl-].[Cl-].[Mn+3].CCN1C=C[N+](CC)=C1\C1=C2/C=CC(=N2)\C(=C2/[N-]\C(\C=C2)=C(/C2=N/C(/C=C2)=C(\C2=CC=C1[N-]2)C1=[N+](CC)C=CN1CC)C1=[N+](CC)C=CN1CC)\C1=[N+](CC)C=CN1CC,XMYHQLIAYLLEKT-UHFFFAOYSA-I,c1cc2nc1c(-c1ccccn1)c1ccc([nH]1)c(-c1ccccn1)c1ccc(n1)c(-c1ccccn1)c1ccc([nH]1)c2-c1ccccn1,ZINC15 : ZINC000077319432,consensus,0.2222222222222222,zinc15
[Cl-].[Cl-].[Cl-].[Cl-].[Cl-].[Mn+3].CCN1C=C[N+](CC)=C1\C1=C2/C=CC(=N2)\C(=C2/[N-]\C(\C=C2)=C(/C2=N/C(/C=C2)=C(\C2=CC=C1[N-]2)C1=[N+](CC)C=CN1CC)C1=[N+](CC)C=CN1CC)\C1=[N+](CC)C=CN1CC,XMYHQLIAYLLEKT-UHFFFAOYSA-I,CCCc1c2ccc(n2)c(CCC)c2ccc([nH]2)c(CCC)c2ccc([nH]2)c(CCC)c2ccc1n2,ZINC15 : ZINC000145113612,consensus,0.2222222222222222,zinc15
[Cl-].[Cl-].[Cl-].[Cl-].[Cl-].[Mn+3].CCN1C=C[N+](CC)=C1\C1=C2/C=CC(=N2)\C(=C2/[N-]\C(\C=C2)=C(/C2=N/C(/C=C2)=C(\C2=CC=C1[N-]2)C1=[N+](CC)C=CN1CC)C1=[N+](CC)C=CN1CC)\C1=[N+](CC)C=CN1CC,XMYHQLIAYLLEKT-UHFFFAOYSA-I,c1cc2nc1c(-c1ccccc1)c1ccc([nH]1)c(-c1ccncc1)c1ccc(n1)c(-c1ccccc1)c1ccc([nH]1)c2-c1ccncc1,ZINC15 : ZINC000100041495,consensus,0.21428571428571427,zinc15
[Cl-].[Cl-].[Cl-].[Cl-].[Cl-].[Mn+3].CCN1C=C[N+](CC)=C1\C1=C2/C=CC(=N2)\C(=C2/[N-]\C(\C=C2)=C(/C2=N/C(/C=C2)=C(\C2=CC=C1[N-]2)C1=[N+](CC)C=CN1CC)C1=[N+](CC)C=CN1CC)\C1=[N+](CC)C=CN1CC,XMYHQLIAYLLEKT-UHFFFAOYSA-I,c1cc2nc1c(-c1ccccn1)c1ccc(n1)c(-c1ccccn1)c1ccc([nH]1)c(-c1ccccn1)c1ccc([nH]1)c2-c1ccccn1,ZINC15 : ZINC000077319432,consensus,0.21428571428571427,zinc15
[Cl-].[Cl-].[Cl-].[Cl-].[Cl-].[Mn+3].CCN1C=C[N+](CC)=C1\C1=C2/C=CC(=N2)\C(=C2/[N-]\C(\C=C2)=C(/C2=N/C(/C=C2)=C(\C2=CC=C1[N-]2)C1=[N+](CC)C=CN1CC)C1=[N+](CC)C=CN1CC)\C1=[N+](CC)C=CN1CC,XMYHQLIAYLLEKT-UHFFFAOYSA-I,c1cc2nc1c(-c1ccccc1)c1ccc([nH]1)c(-c1ccccc1)c1ccc(n1)c(-c1ccncc1)c1ccc([nH]1)c2-c1ccncc1,ZINC15 : ZINC000100425814,consensus,0.21428571428571427,zinc15
[Cl-].[Cl-].[Cl-].[Cl-].[Cl-].[Mn+3].CCN1C=C[N+](CC)=C1\C1=C2/C=CC(=N2)\C(=C2/[N-]\C(\C=C2)=C(/C2=N/C(/C=C2)=C(\C2=CC=C1[N-]2)C1=[N+](CC)C=CN1CC)C1=[N+](CC)C=CN1CC)\C1=[N+](CC)C=CN1CC,XMYHQLIAYLLEKT-UHFFFAOYSA-I,CCN1C=CN=C1CN(C)C1=NC(C2=CC=C(F)C=C2)=CC=N1,ENAMINE-REAL : PV-007117282521,consensus,0.21212121212121213,enamine-real
[Cl-].[Cl-].[Cl-].[Cl-].[Cl-].[Mn+3].CCN1C=C[N+](CC)=C1\C1=C2/C=CC(=N2)\C(=C2/[N-]\C(\C=C2)=C(/C2=N/C(/C=C2)=C(\C2=CC=C1[N-]2)C1=[N+](CC)C=CN1CC)C1=[N+](CC)C=CN1CC)\C1=[N+](CC)C=CN1CC,XMYHQLIAYLLEKT-UHFFFAOYSA-I,CCN1C=CN=C1CN(C)C1=NC=NC(C2=CC=CC=C2)=N1,ENAMINE-REAL : Z3395863098,consensus,0.21212121212121213,enamine-real
[Cl-].[Cl-].[Cl-].[Cl-].[Cl-].[Mn+3].CCN1C=C[N+](CC)=C1\C1=C2/C=CC(=N2)\C(=C2/[N-]\C(\C=C2)=C(/C2=N/C(/C=C2)=C(\C2=CC=C1[N-]2)C1=[N+](CC)C=CN1CC)C1=[N+](CC)C=CN1CC)\C1=[N+](CC)C=CN1CC,XMYHQLIAYLLEKT-UHFFFAOYSA-I,c1cc2nc1c(-c1ccccc1)c1ccc([nH]1)c(-c1ccccc1)c1ccc(n1)c(-c1ccccc1)c1ccc([nH]1)c2-c1ccccc1,ZINC15 : ZINC000027521195,consensus,0.21153846153846154,zinc15
[Cl-].[Cl-].[Cl-].[Cl-].[Cl-].[Mn+3].CCN1C=C[N+](CC)=C1\C1=C2/C=CC(=N2)\C(=C2/[N-]\C(\C=C2)=C(/C2=N/C(/C=C2)=C(\C2=CC=C1[N-]2)C1=[N+](CC)C=CN1CC)C1=[N+](CC)C=CN1CC)\C1=[N+](CC)C=CN1CC,XMYHQLIAYLLEKT-UHFFFAOYSA-I,CC(C)(C)c1ccc(-c2c3ccc(n3)c(-c3ccc(C(C)(C)C)cc3)c3ccc([nH]3)c(-c3ccc(C(C)(C)C)cc3)c3ccc([nH]3)c3ccc2[nH]3)cc1,ZINC15 : ZINC000150339444,consensus,0.21052631578947367,zinc15
[Cl-].[Cl-].[Cl-].[Cl-].[Cl-].[Mn+3].CCN1C=C[N+](CC)=C1\C1=C2/C=CC(=N2)\C(=C2/[N-]\C(\C=C2)=C(/C2=N/C(/C=C2)=C(\C2=CC=C1[N-]2)C1=[N+](CC)C=CN1CC)C1=[N+](CC)C=CN1CC)\C1=[N+](CC)C=CN1CC,XMYHQLIAYLLEKT-UHFFFAOYSA-I,c1cc2nc1c(-c1ccncc1)c1ccc(n1)c(-c1ccncc1)c1ccc([nH]1)c(-c1ccccc1)c1ccc([nH]1)c2-c1ccccc1,ZINC15 : ZINC000100425814,consensus,0.21052631578947367,zinc15
[Cl-].[Cl-].[Cl-].[Cl-].[Cl-].[Mn+3].CCN1C=C[N+](CC)=C1\C1=C2/C=CC(=N2)\C(=C2/[N-]\C(\C=C2)=C(/C2=N/C(/C=C2)=C(\C2=CC=C1[N-]2)C1=[N+](CC)C=CN1CC)C1=[N+](CC)C=CN1CC)\C1=[N+](CC)C=CN1CC,XMYHQLIAYLLEKT-UHFFFAOYSA-I,CCN1C=CN=C1CN(C)C1=CC=C(F)C=N1,ENAMINE-REAL : Z3395863677,consensus,0.20967741935483872,enamine-real
[Cl-].[Cl-].[Cl-].[Cl-].[Cl-].[Mn+3].CCN1C=C[N+](CC)=C1\C1=C2/C=CC(=N2)\C(=C2/[N-]\C(\C=C2)=C(/C2=N/C(/C=C2)=C(\C2=CC=C1[N-]2)C1=[N+](CC)C=CN1CC)C1=[N+](CC)C=CN1CC)\C1=[N+](CC)C=CN1CC,XMYHQLIAYLLEKT-UHFFFAOYSA-I,CCN1C=CN=C1CN(C)C1=CC=NC(C2=CC=CC=N2)=N1,ENAMINE-REAL : Z4575919354,consensus,0.208955223880597,enamine-real
[Cl-].[Cl-].[Cl-].[Cl-].[Cl-].[Mn+3].CCN1C=C[N+](CC)=C1\C1=C2/C=CC(=N2)\C(=C2/[N-]\C(\C=C2)=C(/C2=N/C(/C=C2)=C(\C2=CC=C1[N-]2)C1=[N+](CC)C=CN1CC)C1=[N+](CC)C=CN1CC)\C1=[N+](CC)C=CN1CC,XMYHQLIAYLLEKT-UHFFFAOYSA-I,c1cc2[nH]c1c1ccc([nH]1)c(-c1ccccc1)c1ccc([nH]1)c(-c1ccccc1)c1ccc(n1)c2-c1ccccc1,ZINC15 : ZINC000100426525,consensus,0.20754716981132076,zinc15
[Cl-].[Cl-].[Cl-].[Cl-].[Cl-].[Mn+3].CCN1C=C[N+](CC)=C1\C1=C2/C=CC(=N2)\C(=C2/[N-]\C(\C=C2)=C(/C2=N/C(/C=C2)=C(\C2=CC=C1[N-]2)C1=[N+](CC)C=CN1CC)C1=[N+](CC)C=CN1CC)\C1=[N+](CC)C=CN1CC,XMYHQLIAYLLEKT-UHFFFAOYSA-I,c1cc2nc1c(-c1ccccc1)c1ccc(n1)c(-c1ccccc1)c1ccc([nH]1)c(-c1ccccc1)c1ccc([nH]1)c2-c1ccccc1,ZINC15 : ZINC000027521195,consensus,0.20754716981132076,zinc15
[Cl-].[Cl-].[Cl-].[Cl-].[Cl-].[Mn+3].CCN1C=C[N+](CC)=C1\C1=C2/C=CC(=N2)\C(=C2/[N-]\C(\C=C2)=C(/C2=N/C(/C=C2)=C(\C2=CC=C1[N-]2)C1=[N+](CC)C=CN1CC)C1=[N+](CC)C=CN1CC)\C1=[N+](CC)C=CN1CC,XMYHQLIAYLLEKT-UHFFFAOYSA-I,CCc1n(C)cc[n+]1CCCCC[n+]1ccn(C)c1CC,ZINC15 : ZINC000526051555,consensus,0.20754716981132076,zinc15
[Cl-].[Cl-].[Cl-].[Cl-].[Cl-].[Mn+3].CCN1C=C[N+](CC)=C1\C1=C2/C=CC(=N2)\C(=C2/[N-]\C(\C=C2)=C(/C2=N/C(/C=C2)=C(\C2=CC=C1[N-]2)C1=[N+](CC)C=CN1CC)C1=[N+](CC)C=CN1CC)\C1=[N+](CC)C=CN1CC,XMYHQLIAYLLEKT-UHFFFAOYSA-I,CC(C)(C)c1ccc(-c2c3ccc(n3)c3ccc([nH]3)c(-c3ccc(C(C)(C)C)cc3)c3ccc([nH]3)c(-c3ccc(C(C)(C)C)cc3)c3ccc2[nH]3)cc1,ZINC15 : ZINC000150339444,consensus,0.20689655172413793,zinc15
[Cl-].[Cl-].[Cl-].[Cl-].[Cl-].[Mn+3].CCN1C=C[N+](CC)=C1\C1=C2/C=CC(=N2)\C(=C2/[N-]\C(\C=C2)=C(/C2=N/C(/C=C2)=C(\C2=CC=C1[N-]2)C1=[N+](CC)C=CN1CC)C1=[N+](CC)C=CN1CC)\C1=[N+](CC)C=CN1CC,XMYHQLIAYLLEKT-UHFFFAOYSA-I,CCC1=CC=CC=C1N1N=CC=C1C1=NC=CN1CC,ENAMINE-REAL : PV-002798985103,consensus,0.20634920634920634,enamine-real
[Cl-].[Cl-].[Cl-].[Cl-].[Cl-].[Mn+3].CCN1C=C[N+](CC)=C1\C1=C2/C=CC(=N2)\C(=C2/[N-]\C(\C=C2)=C(/C2=N/C(/C=C2)=C(\C2=CC=C1[N-]2)C1=[N+](CC)C=CN1CC)C1=[N+](CC)C=CN1CC)\C1=[N+](CC)C=CN1CC,XMYHQLIAYLLEKT-UHFFFAOYSA-I,CCN1C=CN=C1CN(C)C1=NC=C(C2=CC=CC=C2)C=N1,ENAMINE-REAL : PV-003187995856,consensus,0.20634920634920634,enamine-real
[Cl-].[Cl-].[Cl-].[Cl-].[Cl-].[Mn+3].CCN1C=C[N+](CC)=C1\C1=C2/C=CC(=N2)\C(=C2/[N-]\C(\C=C2)=C(/C2=N/C(/C=C2)=C(\C2=CC=C1[N-]2)C1=[N+](CC)C=CN1CC)C1=[N+](CC)C=CN1CC)\C1=[N+](CC)C=CN1CC,XMYHQLIAYLLEKT-UHFFFAOYSA-I,CCN1C=CN=C1CN(C)C1=CC=C(C2=C(F)C=CC=C2F)N=N1,ENAMINE-REAL : PV-002780688455,consensus,0.20588235294117646,enamine-real
[Cl-].[Cl-].[Cl-].[Cl-].[Cl-].[Mn+3].CCN1C=C[N+](CC)=C1\C1=C2/C=CC(=N2)\C(=C2/[N-]\C(\C=C2)=C(/C2=N/C(/C=C2)=C(\C2=CC=C1[N-]2)C1=[N+](CC)C=CN1CC)C1=[N+](CC)C=CN1CC)\C1=[N+](CC)C=CN1CC,XMYHQLIAYLLEKT-UHFFFAOYSA-I,CCN1C=NN=C1CN(C)C1=CC=NC(C2=CC=CC=C2)=N1,ENAMINE-REAL : Z3396028458,consensus,0.20588235294117646,enamine-real
[Cl-].[Cl-].[Cl-].[Cl-].[Cl-].[Mn+3].CCN1C=C[N+](CC)=C1\C1=C2/C=CC(=N2)\C(=C2/[N-]\C(\C=C2)=C(/C2=N/C(/C=C2)=C(\C2=CC=C1[N-]2)C1=[N+](CC)C=CN1CC)C1=[N+](CC)C=CN1CC)\C1=[N+](CC)C=CN1CC,XMYHQLIAYLLEKT-UHFFFAOYSA-I,CCN1C=CN=C1CN(C)C1=CC=NC(CC2=CC=C(F)C=C2)=N1,ENAMINE-REAL : Z3395863539,consensus,0.20588235294117646,enamine-real
[Cl-].[Cl-].[Cl-].[Cl-].[Cl-].[Mn+3].CCN1C=C[N+](CC)=C1\C1=C2/C=CC(=N2)\C(=C2/[N-]\C(\C=C2)=C(/C2=N/C(/C=C2)=C(\C2=CC=C1[N-]2)C1=[N+](CC)C=CN1CC)C1=[N+](CC)C=CN1CC)\C1=[N+](CC)C=CN1CC,XMYHQLIAYLLEKT-UHFFFAOYSA-I,Clc1cccc(Cl)c1-c1c2ccc(n2)c(-c2c(Cl)cccc2Cl)c2ccc([nH]2)c(-c2c(Cl)cccc2Cl)c2ccc(n2)c(-c2c(Cl)cccc2Cl)c2ccc1[nH]2,ZINC15 : ZINC000150338955,consensus,0.2037037037037037,zinc15
[Cl-].[Cl-].[Cl-].[Cl-].[Cl-].[Mn+3].CCN1C=C[N+](CC)=C1\C1=C2/C=CC(=N2)\C(=C2/[N-]\C(\C=C2)=C(/C2=N/C(/C=C2)=C(\C2=CC=C1[N-]2)C1=[N+](CC)C=CN1CC)C1=[N+](CC)C=CN1CC)\C1=[N+](CC)C=CN1CC,XMYHQLIAYLLEKT-UHFFFAOYSA-I,Fc1ccc(-c2c3ccc(n3)c(-c3ccc(F)cc3)c3ccc([nH]3)c(-c3ccc(F)cc3)c3ccc(n3)c(-c3ccc(F)cc3)c3ccc2[nH]3)cc1,ZINC15 : ZINC000150350112,consensus,0.2037037037037037,zinc15
[Cl-].[Cl-].[Cl-].[Cl-].[Cl-].[Mn+3].CCN1C=C[N+](CC)=C1\C1=C2/C=CC(=N2)\C(=C2/[N-]\C(\C=C2)=C(/C2=N/C(/C=C2)=C(\C2=CC=C1[N-]2)C1=[N+](CC)C=CN1CC)C1=[N+](CC)C=CN1CC)\C1=[N+](CC)C=CN1CC,XMYHQLIAYLLEKT-UHFFFAOYSA-I,Fc1c(F)c(F)c(-c2c3ccc(n3)c(-c3c(F)c(F)c(F)c(F)c3F)c3ccc([nH]3)c(-c3c(F)c(F)c(F)c(F)c3F)c3ccc([nH]3)c3ccc2[nH]3)c(F)c1F,ZINC15 : ZINC000150339360,consensus,0.2037037037037037,zinc15
[Cl-].[Cl-].[Cl-].[Cl-].[Cl-].[Mn+3].CCN1C=C[N+](CC)=C1\C1=C2/C=CC(=N2)\C(=C2/[N-]\C(\C=C2)=C(/C2=N/C(/C=C2)=C(\C2=CC=C1[N-]2)C1=[N+](CC)C=CN1CC)C1=[N+](CC)C=CN1CC)\C1=[N+](CC)C=CN1CC,XMYHQLIAYLLEKT-UHFFFAOYSA-I,Clc1ccc(-c2c3ccc(n3)c(-c3ccc(Cl)cc3)c3ccc([nH]3)c(-c3ccc(Cl)cc3)c3ccc(n3)c(-c3ccc(Cl)cc3)c3ccc2[nH]3)cc1,ZINC15 : ZINC000095550325,consensus,0.2037037037037037,zinc15
[Cl-].[Cl-].[Cl-].[Cl-].[Cl-].[Mn+3].CCN1C=C[N+](CC)=C1\C1=C2/C=CC(=N2)\C(=C2/[N-]\C(\C=C2)=C(/C2=N/C(/C=C2)=C(\C2=CC=C1[N-]2)C1=[N+](CC)C=CN1CC)C1=[N+](CC)C=CN1CC)\C1=[N+](CC)C=CN1CC,XMYHQLIAYLLEKT-UHFFFAOYSA-I,c1cc2nc1c1ccc([nH]1)c(-c1ccccc1)c1ccc([nH]1)c(-c1ccccc1)c1ccc([nH]1)c2-c1ccccc1,ZINC15 : ZINC000100426525,consensus,0.2037037037037037,zinc15
[Cl-].[Cl-].[Cl-].[Cl-].[Cl-].[Mn+3].CCN1C=C[N+](CC)=C1\C1=C2/C=CC(=N2)\C(=C2/[N-]\C(\C=C2)=C(/C2=N/C(/C=C2)=C(\C2=CC=C1[N-]2)C1=[N+](CC)C=CN1CC)C1=[N+](CC)C=CN1CC)\C1=[N+](CC)C=CN1CC,XMYHQLIAYLLEKT-UHFFFAOYSA-I,CCCc1n(C)cc[n+]1CCCC[n+]1ccn(C)c1CCC,ZINC15 : ZINC000585151860,consensus,0.2037037037037037,zinc15
[Cl-].[Cl-].[Cl-].[Cl-].[Cl-].[Mn+3].CCN1C=C[N+](CC)=C1\C1=C2/C=CC(=N2)\C(=C2/[N-]\C(\C=C2)=C(/C2=N/C(/C=C2)=C(\C2=CC=C1[N-]2)C1=[N+](CC)C=CN1CC)C1=[N+](CC)C=CN1CC)\C1=[N+](CC)C=CN1CC,XMYHQLIAYLLEKT-UHFFFAOYSA-I,Nc1ccc(-c2c3ccc(n3)c(-c3ccc(N)cc3)c3ccc([nH]3)c(-c3ccc(N)cc3)c3ccc(n3)c(-c3ccc(N)cc3)c3ccc2[nH]3)cc1,ZINC15 : ZINC000049778158,consensus,0.2037037037037037,zinc15
[Cl-].[Cl-].[Cl-].[Cl-].[Cl-].[Mn+3].CCN1C=C[N+](CC)=C1\C1=C2/C=CC(=N2)\C(=C2/[N-]\C(\C=C2)=C(/C2=N/C(/C=C2)=C(\C2=CC=C1[N-]2)C1=[N+](CC)C=CN1CC)C1=[N+](CC)C=CN1CC)\C1=[N+](CC)C=CN1CC,XMYHQLIAYLLEKT-UHFFFAOYSA-I,CCC1=CC=CC=C1CCN(C)CC1=NC=CN1CC,ENAMINE-REAL : Z3323246230,consensus,0.203125,enamine-real
[Cl-].[Cl-].[Cl-].[Cl-].[Cl-].[Mn+3].CCN1C=C[N+](CC)=C1\C1=C2/C=CC(=N2)\C(=C2/[N-]\C(\C=C2)=C(/C2=N/C(/C=C2)=C(\C2=CC=C1[N-]2)C1=[N+](CC)C=CN1CC)C1=[N+](CC)C=CN1CC)\C1=[N+](CC)C=CN1CC,XMYHQLIAYLLEKT-UHFFFAOYSA-I,CCN1C=CC(CN(C)C2=CC=CC3=CC=CN=C23)=N1,ENAMINE-REAL : Z2473291448,consensus,0.203125,enamine-real
[Cl-].[Cl-].[Cl-].[Cl-].[Cl-].[Mn+3].CCN1C=C[N+](CC)=C1\C1=C2/C=CC(=N2)\C(=C2/[N-]\C(\C=C2)=C(/C2=N/C(/C=C2)=C(\C2=CC=C1[N-]2)C1=[N+](CC)C=CN1CC)C1=[N+](CC)C=CN1CC)\C1=[N+](CC)C=CN1CC,XMYHQLIAYLLEKT-UHFFFAOYSA-I,CCN1C=CN=C1CN(C)C1=NC(C2=CC=C(F)C=C2)=CN=C1,ENAMINE-REAL : PV-002718784250,consensus,0.2028985507246377,enamine-real
[Cl-].[Cl-].[Cl-].[Cl-].[Cl-].[Mn+3].CCN1C=C[N+](CC)=C1\C1=C2/C=CC(=N2)\C(=C2/[N-]\C(\C=C2)=C(/C2=N/C(/C=C2)=C(\C2=CC=C1[N-]2)C1=[N+](CC)C=CN1CC)C1=[N+](CC)C=CN1CC)\C1=[N+](CC)C=CN1CC,XMYHQLIAYLLEKT-UHFFFAOYSA-I,CCN1C=CN=C1CN(C)C1=CC=C2C(F)=CC(F)=CC2=N1,ENAMINE-REAL : Z3830520219,consensus,0.2028985507246377,enamine-real
[Cl-].[Cl-].[Cl-].[Cl-].[Cl-].[Mn+3].CCN1C=C[N+](CC)=C1\C1=C2/C=CC(=N2)\C(=C2/[N-]\C(\C=C2)=C(/C2=N/C(/C=C2)=C(\C2=CC=C1[N-]2)C1=[N+](CC)C=CN1CC)C1=[N+](CC)C=CN1CC)\C1=[N+](CC)C=CN1CC,XMYHQLIAYLLEKT-UHFFFAOYSA-I,CCN1C=CN=C1C=CC(=O)N(C)C1=CC=C(CN)C=C1,ENAMINE-REAL : Z3656087697,consensus,0.2028985507246377,enamine-real
[Cl-].[Cl-].[Cl-].[Cl-].[Cl-].[Mn+3].CCN1C=C[N+](CC)=C1\C1=C2/C=CC(=N2)\C(=C2/[N-]\C(\C=C2)=C(/C2=N/C(/C=C2)=C(\C2=CC=C1[N-]2)C1=[N+](CC)C=CN1CC)C1=[N+](CC)C=CN1CC)\C1=[N+](CC)C=CN1CC,XMYHQLIAYLLEKT-UHFFFAOYSA-I,CCN1C=CN=C1CN(C)C1=NC(Cl)=CC2=C(F)C=CC=C12,ENAMINE-REAL : PV-004826086595,consensus,0.2,enamine-real
[Cl-].[Cl-].[Cl-].[Cl-].[Cl-].[Mn+3].CCN1C=C[N+](CC)=C1\C1=C2/C=CC(=N2)\C(=C2/[N-]\C(\C=C2)=C(/C2=N/C(/C=C2)=C(\C2=CC=C1[N-]2)C1=[N+](CC)C=CN1CC)C1=[N+](CC)C=CN1CC)\C1=[N+](CC)C=CN1CC,XMYHQLIAYLLEKT-UHFFFAOYSA-I,CCN1C=CN=C1C=CC(=O)N(C)CC1=CC=NN1CC,ENAMINE-REAL : Z2498528220,consensus,0.2,enamine-real
[Cl-].[Cl-].[Cl-].[Cl-].[Cl-].[Mn+3].CCN1C=C[N+](CC)=C1\C1=C2/C=CC(=N2)\C(=C2/[N-]\C(\C=C2)=C(/C2=N/C(/C=C2)=C(\C2=CC=C1[N-]2)C1=[N+](CC)C=CN1CC)C1=[N+](CC)C=CN1CC)\C1=[N+](CC)C=CN1CC,XMYHQLIAYLLEKT-UHFFFAOYSA-I,CCCc1n(C)cc[n+]1CCCCC[n+]1ccn(C)c1CCC,ZINC15 : ZINC000585151859,consensus,0.2,zinc15
[Cl-].[Cl-].[Cl-].[Cl-].[Cl-].[Mn+3].CCN1C=C[N+](CC)=C1\C1=C2/C=CC(=N2)\C(=C2/[N-]\C(\C=C2)=C(/C2=N/C(/C=C2)=C(\C2=CC=C1[N-]2)C1=[N+](CC)C=CN1CC)C1=[N+](CC)C=CN1CC)\C1=[N+](CC)C=CN1CC,XMYHQLIAYLLEKT-UHFFFAOYSA-I,CCN1C=CN=C1C(=O)N(C)C1=CC=C(CN)C=C1,ENAMINE-REAL : Z4055962017,consensus,0.2,enamine-real
[Cl-].[Cl-].[Cl-].[Cl-].[Cl-].[Mn+3].CCN1C=C[N+](CC)=C1\C1=C2/C=CC(=N2)\C(=C2/[N-]\C(\C=C2)=C(/C2=N/C(/C=C2)=C(\C2=CC=C1[N-]2)C1=[N+](CC)C=CN1CC)C1=[N+](CC)C=CN1CC)\C1=[N+](CC)C=CN1CC,XMYHQLIAYLLEKT-UHFFFAOYSA-I,CCN1C=CC(CN(C)C2=NC=CC3=CC=CN=C23)=N1,ENAMINE-REAL : Z4027124258,consensus,0.19696969696969696,enamine-real
[Cl-].[Cl-].[Cl-].[Cl-].[Cl-].[Mn+3].CCN1C=C[N+](CC)=C1\C1=C2/C=CC(=N2)\C(=C2/[N-]\C(\C=C2)=C(/C2=N/C(/C=C2)=C(\C2=CC=C1[N-]2)C1=[N+](CC)C=CN1CC)C1=[N+](CC)C=CN1CC)\C1=[N+](CC)C=CN1CC,XMYHQLIAYLLEKT-UHFFFAOYSA-I,CCN1C=CN=C1C1=CC=CC(CN(C)C2=CC=CC=C2)=C1,ENAMINE-REAL : Z3484599115,consensus,0.19696969696969696,enamine-real
[Cl-].[Cl-].[Cl-].[Cl-].[Cl-].[Mn+3].CCN1C=C[N+](CC)=C1\C1=C2/C=CC(=N2)\C(=C2/[N-]\C(\C=C2)=C(/C2=N/C(/C=C2)=C(\C2=CC=C1[N-]2)C1=[N+](CC)C=CN1CC)C1=[N+](CC)C=CN1CC)\C1=[N+](CC)C=CN1CC,XMYHQLIAYLLEKT-UHFFFAOYSA-I,CCN1C=CC(CN(C)C2=CC=C3N=CC=CC3=C2)=N1,ENAMINE-REAL : Z4269514604,consensus,0.19696969696969696,enamine-real
[Cl-].[Cl-].[Cl-].[Cl-].[Cl-].[Mn+3].CCN1C=C[N+](CC)=C1\C1=C2/C=CC(=N2)\C(=C2/[N-]\C(\C=C2)=C(/C2=N/C(/C=C2)=C(\C2=CC=C1[N-]2)C1=[N+](CC)C=CN1CC)C1=[N+](CC)C=CN1CC)\C1=[N+](CC)C=CN1CC,XMYHQLIAYLLEKT-UHFFFAOYSA-I,CCC1=CC=CC=C1CN1C=C(C2=NC=CN2CC)N=N1,ENAMINE-REAL : Z3343505637,consensus,0.19696969696969696,enamine-real
[Cl-].[Cl-].[Cl-].[Cl-].[Cl-].[Mn+3].CCN1C=C[N+](CC)=C1\C1=C2/C=CC(=N2)\C(=C2/[N-]\C(\C=C2)=C(/C2=N/C(/C=C2)=C(\C2=CC=C1[N-]2)C1=[N+](CC)C=CN1CC)C1=[N+](CC)C=CN1CC)\C1=[N+](CC)C=CN1CC,XMYHQLIAYLLEKT-UHFFFAOYSA-I,c1csc(-c2c3ccc(n3)c(-c3cccs3)c3ccc([nH]3)c(-c3cccs3)c3ccc(n3)c(-c3cccs3)c3ccc2[nH]3)c1,ZINC15 : ZINC000150350105,consensus,0.19642857142857142,zinc15
[Cl-].[Cl-].[Cl-].[Cl-].[Cl-].[Mn+3].CCN1C=C[N+](CC)=C1\C1=C2/C=CC(=N2)\C(=C2/[N-]\C(\C=C2)=C(/C2=N/C(/C=C2)=C(\C2=CC=C1[N-]2)C1=[N+](CC)C=CN1CC)C1=[N+](CC)C=CN1CC)\C1=[N+](CC)C=CN1CC,XMYHQLIAYLLEKT-UHFFFAOYSA-I,Clc1cccc(Cl)c1-c1c2ccc(n2)c(-c2c(Cl)cccc2Cl)c2ccc([nH]2)c(-c2c(Cl)cccc2Cl)c2ccc([nH]2)c(-c2c(Cl)cccc2Cl)c2ccc1n2,ZINC15 : ZINC000150338955,consensus,0.19642857142857142,zinc15
[Cl-].[Cl-].[Cl-].[Cl-].[Cl-].[Mn+3].CCN1C=C[N+](CC)=C1\C1=C2/C=CC(=N2)\C(=C2/[N-]\C(\C=C2)=C(/C2=N/C(/C=C2)=C(\C2=CC=C1[N-]2)C1=[N+](CC)C=CN1CC)C1=[N+](CC)C=CN1CC)\C1=[N+](CC)C=CN1CC,XMYHQLIAYLLEKT-UHFFFAOYSA-I,CCN1C=CC(CN(C)C2=NC=C(C)C(C3=CC=CN=C3)=N2)=C1,ENAMINE-REAL : Z4227223461,consensus,0.19444444444444445,enamine-real
[Cl-].[Cl-].[Cl-].[Cl-].[Cl-].[Mn+3].CCN1C=C[N+](CC)=C1\C1=C2/C=CC(=N2)\C(=C2/[N-]\C(\C=C2)=C(/C2=N/C(/C=C2)=C(\C2=CC=C1[N-]2)C1=[N+](CC)C=CN1CC)C1=[N+](CC)C=CN1CC)\C1=[N+](CC)C=CN1CC,XMYHQLIAYLLEKT-UHFFFAOYSA-I,CCN1C=NC=C1CN(C)C1=CC=NC(CC2=CC=C(F)C=C2)=N1,ENAMINE-REAL : Z3395947984,consensus,0.19444444444444445,enamine-real
[Cl-].[Cl-].[Cl-].[Cl-].[Cl-].[Mn+3].CCN1C=C[N+](CC)=C1\C1=C2/C=CC(=N2)\C(=C2/[N-]\C(\C=C2)=C(/C2=N/C(/C=C2)=C(\C2=CC=C1[N-]2)C1=[N+](CC)C=CN1CC)C1=[N+](CC)C=CN1CC)\C1=[N+](CC)C=CN1CC,XMYHQLIAYLLEKT-UHFFFAOYSA-I,CCN1C=NC=C1CN(C)C1=CC=NC(C2=CC=C(F)C=N2)=N1,ENAMINE-REAL : Z4138396003,consensus,0.19444444444444445,enamine-real
[Cl-].[Cl-].[Cl-].[Cl-].[Cl-].[Mn+3].CCN1C=C[N+](CC)=C1\C1=C2/C=CC(=N2)\C(=C2/[N-]\C(\C=C2)=C(/C2=N/C(/C=C2)=C(\C2=CC=C1[N-]2)C1=[N+](CC)C=CN1CC)C1=[N+](CC)C=CN1CC)\C1=[N+](CC)C=CN1CC,XMYHQLIAYLLEKT-UHFFFAOYSA-I,CCN1C=CN=C1CN(C)CC1=NN(C2=CC=CC=C2)C=N1,ENAMINE-REAL : Z3323246968,consensus,0.19402985074626866,enamine-real
[Cl-].[Cl-].[Cl-].[Cl-].[Cl-].[Mn+3].CCN1C=C[N+](CC)=C1\C1=C2/C=CC(=N2)\C(=C2/[N-]\C(\C=C2)=C(/C2=N/C(/C=C2)=C(\C2=CC=C1[N-]2)C1=[N+](CC)C=CN1CC)C1=[N+](CC)C=CN1CC)\C1=[N+](CC)C=CN1CC,XMYHQLIAYLLEKT-UHFFFAOYSA-I,CCN1C=CN=C1CN(C)CC1=CC=NN1C1=CC=NC=C1,ENAMINE-REAL : Z3394878109,consensus,0.19402985074626866,enamine-real
[Cl-].[Cl-].[Cl-].[Cl-].[Cl-].[Mn+3].CCN1C=C[N+](CC)=C1\C1=C2/C=CC(=N2)\C(=C2/[N-]\C(\C=C2)=C(/C2=N/C(/C=C2)=C(\C2=CC=C1[N-]2)C1=[N+](CC)C=CN1CC)C1=[N+](CC)C=CN1CC)\C1=[N+](CC)C=CN1CC,XMYHQLIAYLLEKT-UHFFFAOYSA-I,CCN1C=CC(CN(C)C2=NC=C3C=CC=NC3=N2)=C1,ENAMINE-REAL : Z2861313386,consensus,0.19402985074626866,enamine-real
[Cl-].[Cl-].[Cl-].[Cl-].[Cl-].[Mn+3].CCN1C=C[N+](CC)=C1\C1=C2/C=CC(=N2)\C(=C2/[N-]\C(\C=C2)=C(/C2=N/C(/C=C2)=C(\C2=CC=C1[N-]2)C1=[N+](CC)C=CN1CC)C1=[N+](CC)C=CN1CC)\C1=[N+](CC)C=CN1CC,XMYHQLIAYLLEKT-UHFFFAOYSA-I,CCN1C=CC(CN(C)C2=NC=C3C=CC=NC3=N2)=N1,ENAMINE-REAL : Z4027124214,consensus,0.19402985074626866,enamine-real
[Cl-].[Cl-].[Cl-].[Cl-].[Cl-].[Mn+3].CCN1C=C[N+](CC)=C1\C1=C2/C=CC(=N2)\C(=C2/[N-]\C(\C=C2)=C(/C2=N/C(/C=C2)=C(\C2=CC=C1[N-]2)C1=[N+](CC)C=CN1CC)C1=[N+](CC)C=CN1CC)\C1=[N+](CC)C=CN1CC,XMYHQLIAYLLEKT-UHFFFAOYSA-I,CCN1C=CN=C1CN(C)CC1=CC=CC=C1N1C=CC=N1,ENAMINE-REAL : Z3394877294,consensus,0.19402985074626866,enamine-real
[Cl-].[Cl-].[Cl-].[Cl-].[Cl-].[Mn+3].CCN1C=C[N+](CC)=C1\C1=C2/C=CC(=N2)\C(=C2/[N-]\C(\C=C2)=C(/C2=N/C(/C=C2)=C(\C2=CC=C1[N-]2)C1=[N+](CC)C=CN1CC)C1=[N+](CC)C=CN1CC)\C1=[N+](CC)C=CN1CC,XMYHQLIAYLLEKT-UHFFFAOYSA-I,CCN1C=NC(CN(C)C2=CC=C3N=CC=CC3=C2)=N1,ENAMINE-REAL : Z5763653173,consensus,0.19402985074626866,enamine-real
[Cl-].[Cl-].[Cl-].[Cl-].[Cl-].[Mn+3].CCN1C=C[N+](CC)=C1\C1=C2/C=CC(=N2)\C(=C2/[N-]\C(\C=C2)=C(/C2=N/C(/C=C2)=C(\C2=CC=C1[N-]2)C1=[N+](CC)C=CN1CC)C1=[N+](CC)C=CN1CC)\C1=[N+](CC)C=CN1CC,XMYHQLIAYLLEKT-UHFFFAOYSA-I,CCn1nc(C)c(-c2nc3c(C)[nH]n(-c4ccc(C)cc4)c-3n2)c1C,ZINC15 : ZINC000019791260,consensus,0.19402985074626866,zinc15
[Cl-].[Cl-].[Cl-].[Cl-].[Cl-].[Mn+3].CCN1C=C[N+](CC)=C1\C1=C2/C=CC(=N2)\C(=C2/[N-]\C(\C=C2)=C(/C2=N/C(/C=C2)=C(\C2=CC=C1[N-]2)C1=[N+](CC)C=CN1CC)C1=[N+](CC)C=CN1CC)\C1=[N+](CC)C=CN1CC,XMYHQLIAYLLEKT-UHFFFAOYSA-I,CCN1C=NC=C1CN(C)CC1=CC=C[N+]([O-])=C1,ENAMINE-REAL : Z4270586293,consensus,0.19402985074626866,enamine-real
[Cl-].[Cl-].[Cl-].[Cl-].[Cl-].[Mn+3].CCN1C=C[N+](CC)=C1\C1=C2/C=CC(=N2)\C(=C2/[N-]\C(\C=C2)=C(/C2=N/C(/C=C2)=C(\C2=CC=C1[N-]2)C1=[N+](CC)C=CN1CC)C1=[N+](CC)C=CN1CC)\C1=[N+](CC)C=CN1CC,XMYHQLIAYLLEKT-UHFFFAOYSA-I,O=C([O-])c1ccc(-c2c3ccc(n3)c(-c3ccccc3)c3ccc([nH]3)c(-c3ccccc3)c3ccc(n3)c(-c3ccccc3)c3ccc2[nH]3)cc1,ZINC15 : ZINC000095582016,consensus,0.1935483870967742,zinc15
[Cl-].[Cl-].[Cl-].[Cl-].[Cl-].[Mn+3].CCN1C=C[N+](CC)=C1\C1=C2/C=CC(=N2)\C(=C2/[N-]\C(\C=C2)=C(/C2=N/C(/C=C2)=C(\C2=CC=C1[N-]2)C1=[N+](CC)C=CN1CC)C1=[N+](CC)C=CN1CC)\C1=[N+](CC)C=CN1CC,XMYHQLIAYLLEKT-UHFFFAOYSA-I,Brc1c2ccc(n2)c(-c2ccccc2)c2ccc([nH]2)c(-c2ccccc2)c2ccc([nH]2)c(-c2ccccc2)c2ccc1n2,ZINC15 : ZINC000100041487,consensus,0.19298245614035087,zinc15
[Cl-].[Cl-].[Cl-].[Cl-].[Cl-].[Mn+3].CCN1C=C[N+](CC)=C1\C1=C2/C=CC(=N2)\C(=C2/[N-]\C(\C=C2)=C(/C2=N/C(/C=C2)=C(\C2=CC=C1[N-]2)C1=[N+](CC)C=CN1CC)C1=[N+](CC)C=CN1CC)\C1=[N+](CC)C=CN1CC,XMYHQLIAYLLEKT-UHFFFAOYSA-I,CCn1c2ccccc2[n+](CC)c1-c1ccc(-c2n(CC)c3ccccc3[n+]2CC)cc1,ZINC15 : ZINC000004797508,consensus,0.19298245614035087,zinc15
[Cl-].[Cl-].[Cl-].[Cl-].[Cl-].[Mn+3].CCN1C=C[N+](CC)=C1\C1=C2/C=CC(=N2)\C(=C2/[N-]\C(\C=C2)=C(/C2=N/C(/C=C2)=C(\C2=CC=C1[N-]2)C1=[N+](CC)C=CN1CC)C1=[N+](CC)C=CN1CC)\C1=[N+](CC)C=CN1CC,XMYHQLIAYLLEKT-UHFFFAOYSA-I,CCN1C=NN=C1CN(C)C1=CC=NC(C2=CC=C(F)C=N2)=N1,ENAMINE-REAL : Z4138399441,consensus,0.1917808219178082,enamine-real
[Cl-].[Cl-].[Cl-].[Cl-].[Cl-].[Mn+3].CCN1C=C[N+](CC)=C1\C1=C2/C=CC(=N2)\C(=C2/[N-]\C(\C=C2)=C(/C2=N/C(/C=C2)=C(\C2=CC=C1[N-]2)C1=[N+](CC)C=CN1CC)C1=[N+](CC)C=CN1CC)\C1=[N+](CC)C=CN1CC,XMYHQLIAYLLEKT-UHFFFAOYSA-I,CCN1C=CN=C1CN(C)CC1=CC=C(C2=CC=CN=C2)C(F)=C1,ENAMINE-REAL : Z4436980650,consensus,0.1917808219178082,enamine-real
[Cl-].[Cl-].[Cl-].[Cl-].[Cl-].[Mn+3].CCN1C=C[N+](CC)=C1\C1=C2/C=CC(=N2)\C(=C2/[N-]\C(\C=C2)=C(/C2=N/C(/C=C2)=C(\C2=CC=C1[N-]2)C1=[N+](CC)C=CN1CC)C1=[N+](CC)C=CN1CC)\C1=[N+](CC)C=CN1CC,XMYHQLIAYLLEKT-UHFFFAOYSA-I,CCN1C=C(CN(C)C2=CC=C3C=CC=NC3=N2)C=N1,ENAMINE-REAL : Z3557500811,consensus,0.19117647058823528,enamine-real
[Cl-].[Cl-].[Cl-].[Cl-].[Cl-].[Mn+3].CCN1C=C[N+](CC)=C1\C1=C2/C=CC(=N2)\C(=C2/[N-]\C(\C=C2)=C(/C2=N/C(/C=C2)=C(\C2=CC=C1[N-]2)C1=[N+](CC)C=CN1CC)C1=[N+](CC)C=CN1CC)\C1=[N+](CC)C=CN1CC,XMYHQLIAYLLEKT-UHFFFAOYSA-I,CCN1C=C(CN(C)C2=NC=CC3=CC=CN=C23)C=N1,ENAMINE-REAL : Z2861190127,consensus,0.19117647058823528,enamine-real
[Cl-].[Cl-].[Cl-].[Cl-].[Cl-].[Mn+3].CCN1C=C[N+](CC)=C1\C1=C2/C=CC(=N2)\C(=C2/[N-]\C(\C=C2)=C(/C2=N/C(/C=C2)=C(\C2=CC=C1[N-]2)C1=[N+](CC)C=CN1CC)C1=[N+](CC)C=CN1CC)\C1=[N+](CC)C=CN1CC,XMYHQLIAYLLEKT-UHFFFAOYSA-I,CCN1C=CN=C1CN(C)CC1=NN(C2=C(F)C=CC=C2F)C=C1,ENAMINE-REAL : Z3323247275,consensus,0.19117647058823528,enamine-real
[Cl-].[Cl-].[Cl-].[Cl-].[Cl-].[Mn+3].CCN1C=C[N+](CC)=C1\C1=C2/C=CC(=N2)\C(=C2/[N-]\C(\C=C2)=C(/C2=N/C(/C=C2)=C(\C2=CC=C1[N-]2)C1=[N+](CC)C=CN1CC)C1=[N+](CC)C=CN1CC)\C1=[N+](CC)C=CN1CC,XMYHQLIAYLLEKT-UHFFFAOYSA-I,CCN1C=CN=C1CN1CCC(N(C)C2=CC=CC=C2)CC1,ENAMINE-REAL : Z990522832,consensus,0.19117647058823528,enamine-real
[Cl-].[Cl-].[Cl-].[Cl-].[Cl-].[Mn+3].CCN1C=C[N+](CC)=C1\C1=C2/C=CC(=N2)\C(=C2/[N-]\C(\C=C2)=C(/C2=N/C(/C=C2)=C(\C2=CC=C1[N-]2)C1=[N+](CC)C=CN1CC)C1=[N+](CC)C=CN1CC)\C1=[N+](CC)C=CN1CC,XMYHQLIAYLLEKT-UHFFFAOYSA-I,CCN1N=CC(CN(C)C2=CC=C3N=CC=CC3=C2)=N1,ENAMINE-REAL : Z4269514394,consensus,0.19117647058823528,enamine-real
[Cl-].[Cl-].[Cl-].[Cl-].[Cl-].[Mn+3].CCN1C=C[N+](CC)=C1\C1=C2/C=CC(=N2)\C(=C2/[N-]\C(\C=C2)=C(/C2=N/C(/C=C2)=C(\C2=CC=C1[N-]2)C1=[N+](CC)C=CN1CC)C1=[N+](CC)C=CN1CC)\C1=[N+](CC)C=CN1CC,XMYHQLIAYLLEKT-UHFFFAOYSA-I,CCN1C=CN=C1CN(C)CC1=CC=CC(N2C=CC=N2)=C1,ENAMINE-REAL : Z3323246888,consensus,0.19117647058823528,enamine-real
[Cl-].[Cl-].[Cl-].[Cl-].[Cl-].[Mn+3].CCN1C=C[N+](CC)=C1\C1=C2/C=CC(=N2)\C(=C2/[N-]\C(\C=C2)=C(/C2=N/C(/C=C2)=C(\C2=CC=C1[N-]2)C1=[N+](CC)C=CN1CC)C1=[N+](CC)C=CN1CC)\C1=[N+](CC)C=CN1CC,XMYHQLIAYLLEKT-UHFFFAOYSA-I,CCn1cc(Br)cc1-c1nc(-c2nccn2C)no1,ZINC15 : ZINC000356982339,consensus,0.19117647058823528,zinc15
[Cl-].[Cl-].[Cl-].[Cl-].[Cl-].[Mn+3].CCN1C=C[N+](CC)=C1\C1=C2/C=CC(=N2)\C(=C2/[N-]\C(\C=C2)=C(/C2=N/C(/C=C2)=C(\C2=CC=C1[N-]2)C1=[N+](CC)C=CN1CC)C1=[N+](CC)C=CN1CC)\C1=[N+](CC)C=CN1CC,XMYHQLIAYLLEKT-UHFFFAOYSA-I,CCN1C=CN=C1CN(C)C1=CC(C2=CC=CC=C2)=CN=N1,ENAMINE-REAL : PV-002744795667,consensus,0.19117647058823528,enamine-real
[Cl-].[Cl-].[Cl-].[Cl-].[Cl-].[Mn+3].CCN1C=C[N+](CC)=C1\C1=C2/C=CC(=N2)\C(=C2/[N-]\C(\C=C2)=C(/C2=N/C(/C=C2)=C(\C2=CC=C1[N-]2)C1=[N+](CC)C=CN1CC)C1=[N+](CC)C=CN1CC)\C1=[N+](CC)C=CN1CC,XMYHQLIAYLLEKT-UHFFFAOYSA-I,CCN1C=CN=C1CN(C)CC(Br)=CC1=CC=CC=C1,ENAMINE-REAL : PV-002849615327,consensus,0.19117647058823528,enamine-real
[Cl-].[Cl-].[Cl-].[Cl-].[Cl-].[Mn+3].CCN1C=C[N+](CC)=C1\C1=C2/C=CC(=N2)\C(=C2/[N-]\C(\C=C2)=C(/C2=N/C(/C=C2)=C(\C2=CC=C1[N-]2)C1=[N+](CC)C=CN1CC)C1=[N+](CC)C=CN1CC)\C1=[N+](CC)C=CN1CC,XMYHQLIAYLLEKT-UHFFFAOYSA-I,CCN1C=CC(CN(C)C2=NC(C3=CC=C(C)C=C3)=NO2)=C1,ENAMINE-REAL : Z1840363834,consensus,0.19117647058823528,enamine-real
[Cl-].[Cl-].[Cl-].[Cl-].[Cl-].[Mn+3].CCN1C=C[N+](CC)=C1\C1=C2/C=CC(=N2)\C(=C2/[N-]\C(\C=C2)=C(/C2=N/C(/C=C2)=C(\C2=CC=C1[N-]2)C1=[N+](CC)C=CN1CC)C1=[N+](CC)C=CN1CC)\C1=[N+](CC)C=CN1CC,XMYHQLIAYLLEKT-UHFFFAOYSA-I,CCn1c2cc(C)ccc2nc1-c1cc(C)n(C)n1,ZINC15 : ZINC001250730194,consensus,0.19047619047619047,zinc15
[Cl-].[Cl-].[Cl-].[Cl-].[Cl-].[Mn+3].CCN1C=C[N+](CC)=C1\C1=C2/C=CC(=N2)\C(=C2/[N-]\C(\C=C2)=C(/C2=N/C(/C=C2)=C(\C2=CC=C1[N-]2)C1=[N+](CC)C=CN1CC)C1=[N+](CC)C=CN1CC)\C1=[N+](CC)C=CN1CC,XMYHQLIAYLLEKT-UHFFFAOYSA-I,CCN1N=CC=C1C1=C2N=CN(CC)C2=CC=C1,ENAMINE-REAL : PV-008537848630,consensus,0.19047619047619047,enamine-real
[Cl-].[Cl-].[Cl-].[Cl-].[Cl-].[Mn+3].CCN1C=C[N+](CC)=C1\C1=C2/C=CC(=N2)\C(=C2/[N-]\C(\C=C2)=C(/C2=N/C(/C=C2)=C(\C2=CC=C1[N-]2)C1=[N+](CC)C=CN1CC)C1=[N+](CC)C=CN1CC)\C1=[N+](CC)C=CN1CC,XMYHQLIAYLLEKT-UHFFFAOYSA-I,O=C([O-])c1ccc(-c2c3ccc([nH]3)c(-c3ccccc3)c3ccc(n3)c(-c3ccccc3)c3ccc(n3)c(-c3ccccc3)c3ccc2[nH]3)cc1,ZINC15 : ZINC000095582016,consensus,0.19047619047619047,zinc15
[Cl-].[Cl-].[Cl-].[Cl-].[Cl-].[Mn+3].CCN1C=C[N+](CC)=C1\C1=C2/C=CC(=N2)\C(=C2/[N-]\C(\C=C2)=C(/C2=N/C(/C=C2)=C(\C2=CC=C1[N-]2)C1=[N+](CC)C=CN1CC)C1=[N+](CC)C=CN1CC)\C1=[N+](CC)C=CN1CC,XMYHQLIAYLLEKT-UHFFFAOYSA-I,Oc1ccc(-c2c3ccc(n3)c(-c3ccccc3)c3ccc([nH]3)c(-c3ccccc3)c3ccc(n3)c(-c3ccccc3)c3ccc2[nH]3)cc1,ZINC15 : ZINC000049776381,consensus,0.1896551724137931,zinc15
[Cl-].[Cl-].[Cl-].[Cl-].[Cl-].[Mn+3].CCN1C=C[N+](CC)=C1\C1=C2/C=CC(=N2)\C(=C2/[N-]\C(\C=C2)=C(/C2=N/C(/C=C2)=C(\C2=CC=C1[N-]2)C1=[N+](CC)C=CN1CC)C1=[N+](CC)C=CN1CC)\C1=[N+](CC)C=CN1CC,XMYHQLIAYLLEKT-UHFFFAOYSA-I,Brc1c2ccc(n2)c(-c2ccccc2)c2ccc(n2)c(Br)c2ccc([nH]2)c(-c2ccccc2)c2ccc1[nH]2,ZINC15 : ZINC000096914191,consensus,0.1896551724137931,zinc15
[Cl-].[Cl-].[Cl-].[Cl-].[Cl-].[Mn+3].CCN1C=C[N+](CC)=C1\C1=C2/C=CC(=N2)\C(=C2/[N-]\C(\C=C2)=C(/C2=N/C(/C=C2)=C(\C2=CC=C1[N-]2)C1=[N+](CC)C=CN1CC)C1=[N+](CC)C=CN1CC)\C1=[N+](CC)C=CN1CC,XMYHQLIAYLLEKT-UHFFFAOYSA-I,c1csc(-c2c3ccc(n3)c(-c3cccs3)c3ccc([nH]3)c(-c3cccs3)c3ccc([nH]3)c(-c3cccs3)c3ccc2n3)c1,ZINC15 : ZINC000150350105,consensus,0.1896551724137931,zinc15
[Cl-].[Cl-].[Cl-].[Cl-].[Cl-].[Mn+3].CCN1C=C[N+](CC)=C1\C1=C2/C=CC(=N2)\C(=C2/[N-]\C(\C=C2)=C(/C2=N/C(/C=C2)=C(\C2=CC=C1[N-]2)C1=[N+](CC)C=CN1CC)C1=[N+](CC)C=CN1CC)\C1=[N+](CC)C=CN1CC,XMYHQLIAYLLEKT-UHFFFAOYSA-I,Brc1c2ccc(n2)c(-c2ccccc2)c2ccc([nH]2)c(Br)c2ccc(n2)c(-c2ccccc2)c2ccc1[nH]2,ZINC15 : ZINC000096914191,consensus,0.1896551724137931,zinc15
[Cl-].[Cl-].[Cl-].[Cl-].[Cl-].[Mn+3].CCN1C=C[N+](CC)=C1\C1=C2/C=CC(=N2)\C(=C2/[N-]\C(\C=C2)=C(/C2=N/C(/C=C2)=C(\C2=CC=C1[N-]2)C1=[N+](CC)C=CN1CC)C1=[N+](CC)C=CN1CC)\C1=[N+](CC)C=CN1CC,XMYHQLIAYLLEKT-UHFFFAOYSA-I,Nc1ccc(-c2c3ccc(n3)c(-c3ccccc3)c3ccc([nH]3)c(-c3ccccc3)c3ccc(n3)c(-c3ccccc3)c3ccc2[nH]3)cc1,ZINC15 : ZINC000100425759,consensus,0.1896551724137931,zinc15
[Cl-].[Cl-].[Cl-].[Cl-].[Cl-].[Mn+3].CCN1C=C[N+](CC)=C1\C1=C2/C=CC(=N2)\C(=C2/[N-]\C(\C=C2)=C(/C2=N/C(/C=C2)=C(\C2=CC=C1[N-]2)C1=[N+](CC)C=CN1CC)C1=[N+](CC)C=CN1CC)\C1=[N+](CC)C=CN1CC,XMYHQLIAYLLEKT-UHFFFAOYSA-I,Brc1c2ccc(n2)c(-c2ccccc2)c2ccc([nH]2)c(-c2ccccc2)c2ccc(n2)c(-c2ccccc2)c2ccc1[nH]2,ZINC15 : ZINC000100041487,consensus,0.1896551724137931,zinc15
[Cl-].[Cl-].[Cl-].[Cl-].[Cl-].[Mn+3].CCN1C=C[N+](CC)=C1\C1=C2/C=CC(=N2)\C(=C2/[N-]\C(\C=C2)=C(/C2=N/C(/C=C2)=C(\C2=CC=C1[N-]2)C1=[N+](CC)C=CN1CC)C1=[N+](CC)C=CN1CC)\C1=[N+](CC)C=CN1CC,XMYHQLIAYLLEKT-UHFFFAOYSA-I,CCN1C=NC=C1CN(C)C1=NC(C2=CC=CC=N2)=NC2=CC=CC=C12,ENAMINE-REAL : PV-002544641870,consensus,0.1891891891891892,enamine-real
[Cl-].[Cl-].[Cl-].[Cl-].[Cl-].[Mn+3].CCN1C=C[N+](CC)=C1\C1=C2/C=CC(=N2)\C(=C2/[N-]\C(\C=C2)=C(/C2=N/C(/C=C2)=C(\C2=CC=C1[N-]2)C1=[N+](CC)C=CN1CC)C1=[N+](CC)C=CN1CC)\C1=[N+](CC)C=CN1CC,XMYHQLIAYLLEKT-UHFFFAOYSA-I,CCN1C=CC(CN(C)CC2=CC=C3N=CC=CC3=C2)=N1,ENAMINE-REAL : Z4009888603,consensus,0.18840579710144928,enamine-real
[Cl-].[Cl-].[Cl-].[Cl-].[Cl-].[Mn+3].CCN1C=C[N+](CC)=C1\C1=C2/C=CC(=N2)\C(=C2/[N-]\C(\C=C2)=C(/C2=N/C(/C=C2)=C(\C2=CC=C1[N-]2)C1=[N+](CC)C=CN1CC)C1=[N+](CC)C=CN1CC)\C1=[N+](CC)C=CN1CC,XMYHQLIAYLLEKT-UHFFFAOYSA-I,CCN1C=NC=C1CN(C)C1=NC=NC(C2=CC=CC=C2)=N1,ENAMINE-REAL : Z3395948526,consensus,0.18840579710144928,enamine-real
[Cl-].[Cl-].[Cl-].[Cl-].[Cl-].[Mn+3].CCN1C=C[N+](CC)=C1\C1=C2/C=CC(=N2)\C(=C2/[N-]\C(\C=C2)=C(/C2=N/C(/C=C2)=C(\C2=CC=C1[N-]2)C1=[N+](CC)C=CN1CC)C1=[N+](CC)C=CN1CC)\C1=[N+](CC)C=CN1CC,XMYHQLIAYLLEKT-UHFFFAOYSA-I,CCN1C=NC=C1CN(C)C1=NC(C2=CC=C(F)C=C2)=CN=C1,ENAMINE-REAL : PV-003728957906,consensus,0.18840579710144928,enamine-real
[Cl-].[Cl-].[Cl-].[Cl-].[Cl-].[Mn+3].CCN1C=C[N+](CC)=C1\C1=C2/C=CC(=N2)\C(=C2/[N-]\C(\C=C2)=C(/C2=N/C(/C=C2)=C(\C2=CC=C1[N-]2)C1=[N+](CC)C=CN1CC)C1=[N+](CC)C=CN1CC)\C1=[N+](CC)C=CN1CC,XMYHQLIAYLLEKT-UHFFFAOYSA-I,CCN1C=CC(CN(C)C2=CC=NC3=C2C=CC2=CC=CN=C23)=N1,ENAMINE-REAL : PV-004588586825,consensus,0.18840579710144928,enamine-real
[Cl-].[Cl-].[Cl-].[Cl-].[Cl-].[Mn+3].CCN1C=C[N+](CC)=C1\C1=C2/C=CC(=N2)\C(=C2/[N-]\C(\C=C2)=C(/C2=N/C(/C=C2)=C(\C2=CC=C1[N-]2)C1=[N+](CC)C=CN1CC)C1=[N+](CC)C=CN1CC)\C1=[N+](CC)C=CN1CC,XMYHQLIAYLLEKT-UHFFFAOYSA-I,CCN1C=NC=C1CN(C)CC1=CC=CC=C1N1C=CC=N1,ENAMINE-REAL : Z3395054128,consensus,0.18840579710144928,enamine-real
[Cl-].[Cl-].[Cl-].[Cl-].[Cl-].[Mn+3].CCN1C=C[N+](CC)=C1\C1=C2/C=CC(=N2)\C(=C2/[N-]\C(\C=C2)=C(/C2=N/C(/C=C2)=C(\C2=CC=C1[N-]2)C1=[N+](CC)C=CN1CC)C1=[N+](CC)C=CN1CC)\C1=[N+](CC)C=CN1CC,XMYHQLIAYLLEKT-UHFFFAOYSA-I,CCn1c2cc(C)ccc2nc1-c1c(C)cnn1C,ZINC15 : ZINC000285192706,consensus,0.1875,zinc15
[Cl-].[Cl-].[Cl-].[Cl-].[Cl-].[Mn+3].CCN1C=C[N+](CC)=C1\C1=C2/C=CC(=N2)\C(=C2/[N-]\C(\C=C2)=C(/C2=N/C(/C=C2)=C(\C2=CC=C1[N-]2)C1=[N+](CC)C=CN1CC)C1=[N+](CC)C=CN1CC)\C1=[N+](CC)C=CN1CC,XMYHQLIAYLLEKT-UHFFFAOYSA-I,CCN1C=CN=C1C=CC1=CC=C(F)C=C1,ENAMINE-REAL : PV-005044700464,morgan,0.24561403508771928,enamine-real
[Cl-].[Cl-].[Cl-].[Cl-].[Cl-].[Mn+3].CCN1C=C[N+](CC)=C1\C1=C2/C=CC(=N2)\C(=C2/[N-]\C(\C=C2)=C(/C2=N/C(/C=C2)=C(\C2=CC=C1[N-]2)C1=[N+](CC)C=CN1CC)C1=[N+](CC)C=CN1CC)\C1=[N+](CC)C=CN1CC,XMYHQLIAYLLEKT-UHFFFAOYSA-I,CCn1ccc2cc(-c3c(C)nn(C)c3C)ccc21,ZINC15 : ZINC001240148198,morgan,0.22950819672131148,zinc15
[Cl-].[Cl-].[Cl-].[Cl-].[Cl-].[Mn+3].CCN1C=C[N+](CC)=C1\C1=C2/C=CC(=N2)\C(=C2/[N-]\C(\C=C2)=C(/C2=N/C(/C=C2)=C(\C2=CC=C1[N-]2)C1=[N+](CC)C=CN1CC)C1=[N+](CC)C=CN1CC)\C1=[N+](CC)C=CN1CC,XMYHQLIAYLLEKT-UHFFFAOYSA-I,C=CC1=CC=C(C2=NC=CN2CC)C=C1,ENAMINE-REAL : PV-002877737154,morgan,0.22807017543859648,enamine-real
[Cl-].[Cl-].[Cl-].[Cl-].[Cl-].[Mn+3].CCN1C=C[N+](CC)=C1\C1=C2/C=CC(=N2)\C(=C2/[N-]\C(\C=C2)=C(/C2=N/C(/C=C2)=C(\C2=CC=C1[N-]2)C1=[N+](CC)C=CN1CC)C1=[N+](CC)C=CN1CC)\C1=[N+](CC)C=CN1CC,XMYHQLIAYLLEKT-UHFFFAOYSA-I,CCN1C=CN=C1CN(C)CC1=CC=CN=N1,ENAMINE-REAL : Z3394877637,morgan,0.22580645161290322,enamine-real
[Cl-].[Cl-].[Cl-].[Cl-].[Cl-].[Mn+3].CCN1C=C[N+](CC)=C1\C1=C2/C=CC(=N2)\C(=C2/[N-]\C(\C=C2)=C(/C2=N/C(/C=C2)=C(\C2=CC=C1[N-]2)C1=[N+](CC)C=CN1CC)C1=[N+](CC)C=CN1CC)\C1=[N+](CC)C=CN1CC,XMYHQLIAYLLEKT-UHFFFAOYSA-I,CCN1C=CN=C1CN(C)C1=NC=NC(C2=CC=CC=C2)=N1,ENAMINE-REAL : Z3395863098,morgan,0.21212121212121213,enamine-real
[Cl-].[Cl-].[Cl-].[Cl-].[Cl-].[Mn+3].CCN1C=C[N+](CC)=C1\C1=C2/C=CC(=N2)\C(=C2/[N-]\C(\C=C2)=C(/C2=N/C(/C=C2)=C(\C2=CC=C1[N-]2)C1=[N+](CC)C=CN1CC)C1=[N+](CC)C=CN1CC)\C1=[N+](CC)C=CN1CC,XMYHQLIAYLLEKT-UHFFFAOYSA-I,CCN1C=CN=C1CN(C)C1=NC(C2=CC=C(F)C=C2)=CC=N1,ENAMINE-REAL : PV-007117282521,morgan,0.21212121212121213,enamine-real
[Cl-].[Cl-].[Cl-].[Cl-].[Cl-].[Mn+3].CCN1C=C[N+](CC)=C1\C1=C2/C=CC(=N2)\C(=C2/[N-]\C(\C=C2)=C(/C2=N/C(/C=C2)=C(\C2=CC=C1[N-]2)C1=[N+](CC)C=CN1CC)C1=[N+](CC)C=CN1CC)\C1=[N+](CC)C=CN1CC,XMYHQLIAYLLEKT-UHFFFAOYSA-I,CCN1C=CN=C1CN(C)C1=CC=C(F)C=N1,ENAMINE-REAL : Z3395863677,morgan,0.20967741935483872,enamine-real
[Cl-].[Cl-].[Cl-].[Cl-].[Cl-].[Mn+3].CCN1C=C[N+](CC)=C1\C1=C2/C=CC(=N2)\C(=C2/[N-]\C(\C=C2)=C(/C2=N/C(/C=C2)=C(\C2=CC=C1[N-]2)C1=[N+](CC)C=CN1CC)C1=[N+](CC)C=CN1CC)\C1=[N+](CC)C=CN1CC,XMYHQLIAYLLEKT-UHFFFAOYSA-I,CCN1C=CN=C1CN(C)C1=CC=NC(C2=CC=CC=N2)=N1,ENAMINE-REAL : Z4575919354,morgan,0.208955223880597,enamine-real
[Cl-].[Cl-].[Cl-].[Cl-].[Cl-].[Mn+3].CCN1C=C[N+](CC)=C1\C1=C2/C=CC(=N2)\C(=C2/[N-]\C(\C=C2)=C(/C2=N/C(/C=C2)=C(\C2=CC=C1[N-]2)C1=[N+](CC)C=CN1CC)C1=[N+](CC)C=CN1CC)\C1=[N+](CC)C=CN1CC,XMYHQLIAYLLEKT-UHFFFAOYSA-I,CCc1n(C)cc[n+]1CCCCC[n+]1ccn(C)c1CC,ZINC15 : ZINC000526051555,morgan,0.20754716981132076,zinc15
[Cl-].[Cl-].[Cl-].[Cl-].[Cl-].[Mn+3].CCN1C=C[N+](CC)=C1\C1=C2/C=CC(=N2)\C(=C2/[N-]\C(\C=C2)=C(/C2=N/C(/C=C2)=C(\C2=CC=C1[N-]2)C1=[N+](CC)C=CN1CC)C1=[N+](CC)C=CN1CC)\C1=[N+](CC)C=CN1CC,XMYHQLIAYLLEKT-UHFFFAOYSA-I,CCC1=CC=CC=C1N1N=CC=C1C1=NC=CN1CC,ENAMINE-REAL : PV-002798985103,morgan,0.20634920634920634,enamine-real
[Cl-].[Cl-].[Cl-].[Cl-].[Cl-].[Mn+3].CCN1C=C[N+](CC)=C1\C1=C2/C=CC(=N2)\C(=C2/[N-]\C(\C=C2)=C(/C2=N/C(/C=C2)=C(\C2=CC=C1[N-]2)C1=[N+](CC)C=CN1CC)C1=[N+](CC)C=CN1CC)\C1=[N+](CC)C=CN1CC,XMYHQLIAYLLEKT-UHFFFAOYSA-I,CCN1C=CN=C1CN(C)C1=NC=C(C2=CC=CC=C2)C=N1,ENAMINE-REAL : PV-003187995856,morgan,0.20634920634920634,enamine-real
[Cl-].[Cl-].[Cl-].[Cl-].[Cl-].[Mn+3].CCN1C=C[N+](CC)=C1\C1=C2/C=CC(=N2)\C(=C2/[N-]\C(\C=C2)=C(/C2=N/C(/C=C2)=C(\C2=CC=C1[N-]2)C1=[N+](CC)C=CN1CC)C1=[N+](CC)C=CN1CC)\C1=[N+](CC)C=CN1CC,XMYHQLIAYLLEKT-UHFFFAOYSA-I,CCN1C=CN=C1CN(C)C1=CC=NC(CC2=CC=C(F)C=C2)=N1,ENAMINE-REAL : Z3395863539,morgan,0.20588235294117646,enamine-real
[Cl-].[Cl-].[Cl-].[Cl-].[Cl-].[Mn+3].CCN1C=C[N+](CC)=C1\C1=C2/C=CC(=N2)\C(=C2/[N-]\C(\C=C2)=C(/C2=N/C(/C=C2)=C(\C2=CC=C1[N-]2)C1=[N+](CC)C=CN1CC)C1=[N+](CC)C=CN1CC)\C1=[N+](CC)C=CN1CC,XMYHQLIAYLLEKT-UHFFFAOYSA-I,CCN1C=CN=C1CN(C)C1=CC=C(C2=C(F)C=CC=C2F)N=N1,ENAMINE-REAL : PV-002780688455,morgan,0.20588235294117646,enamine-real
[Cl-].[Cl-].[Cl-].[Cl-].[Cl-].[Mn+3].CCN1C=C[N+](CC)=C1\C1=C2/C=CC(=N2)\C(=C2/[N-]\C(\C=C2)=C(/C2=N/C(/C=C2)=C(\C2=CC=C1[N-]2)C1=[N+](CC)C=CN1CC)C1=[N+](CC)C=CN1CC)\C1=[N+](CC)C=CN1CC,XMYHQLIAYLLEKT-UHFFFAOYSA-I,CCN1C=NN=C1CN(C)C1=CC=NC(C2=CC=CC=C2)=N1,ENAMINE-REAL : Z3396028458,morgan,0.20588235294117646,enamine-real
[Cl-].[Cl-].[Cl-].[Cl-].[Cl-].[Mn+3].CCN1C=C[N+](CC)=C1\C1=C2/C=CC(=N2)\C(=C2/[N-]\C(\C=C2)=C(/C2=N/C(/C=C2)=C(\C2=CC=C1[N-]2)C1=[N+](CC)C=CN1CC)C1=[N+](CC)C=CN1CC)\C1=[N+](CC)C=CN1CC,XMYHQLIAYLLEKT-UHFFFAOYSA-I,CCCc1n(C)cc[n+]1CCCC[n+]1ccn(C)c1CCC,ZINC15 : ZINC000585151860,morgan,0.2037037037037037,zinc15
[Cl-].[Cl-].[Cl-].[Cl-].[Cl-].[Mn+3].CCN1C=C[N+](CC)=C1\C1=C2/C=CC(=N2)\C(=C2/[N-]\C(\C=C2)=C(/C2=N/C(/C=C2)=C(\C2=CC=C1[N-]2)C1=[N+](CC)C=CN1CC)C1=[N+](CC)C=CN1CC)\C1=[N+](CC)C=CN1CC,XMYHQLIAYLLEKT-UHFFFAOYSA-I,CCC1=CC=CC=C1CCN(C)CC1=NC=CN1CC,ENAMINE-REAL : Z3323246230,morgan,0.203125,enamine-real
[Cl-].[Cl-].[Cl-].[Cl-].[Cl-].[Mn+3].CCN1C=C[N+](CC)=C1\C1=C2/C=CC(=N2)\C(=C2/[N-]\C(\C=C2)=C(/C2=N/C(/C=C2)=C(\C2=CC=C1[N-]2)C1=[N+](CC)C=CN1CC)C1=[N+](CC)C=CN1CC)\C1=[N+](CC)C=CN1CC,XMYHQLIAYLLEKT-UHFFFAOYSA-I,CCN1C=CC(CN(C)C2=CC=CC3=CC=CN=C23)=N1,ENAMINE-REAL : Z2473291448,morgan,0.203125,enamine-real
[Cl-].[Cl-].[Cl-].[Cl-].[Cl-].[Mn+3].CCN1C=C[N+](CC)=C1\C1=C2/C=CC(=N2)\C(=C2/[N-]\C(\C=C2)=C(/C2=N/C(/C=C2)=C(\C2=CC=C1[N-]2)C1=[N+](CC)C=CN1CC)C1=[N+](CC)C=CN1CC)\C1=[N+](CC)C=CN1CC,XMYHQLIAYLLEKT-UHFFFAOYSA-I,CCN1C=CN=C1CN(C)C1=CC=C2C(F)=CC(F)=CC2=N1,ENAMINE-REAL : Z3830520219,morgan,0.2028985507246377,enamine-real
[Cl-].[Cl-].[Cl-].[Cl-].[Cl-].[Mn+3].CCN1C=C[N+](CC)=C1\C1=C2/C=CC(=N2)\C(=C2/[N-]\C(\C=C2)=C(/C2=N/C(/C=C2)=C(\C2=CC=C1[N-]2)C1=[N+](CC)C=CN1CC)C1=[N+](CC)C=CN1CC)\C1=[N+](CC)C=CN1CC,XMYHQLIAYLLEKT-UHFFFAOYSA-I,CCN1C=CN=C1CN(C)C1=NC(C2=CC=C(F)C=C2)=CN=C1,ENAMINE-REAL : PV-002718784250,morgan,0.2028985507246377,enamine-real
[Cl-].[Cl-].[Cl-].[Cl-].[Cl-].[Mn+3].CCN1C=C[N+](CC)=C1\C1=C2/C=CC(=N2)\C(=C2/[N-]\C(\C=C2)=C(/C2=N/C(/C=C2)=C(\C2=CC=C1[N-]2)C1=[N+](CC)C=CN1CC)C1=[N+](CC)C=CN1CC)\C1=[N+](CC)C=CN1CC,XMYHQLIAYLLEKT-UHFFFAOYSA-I,CCN1C=CN=C1C=CC(=O)N(C)C1=CC=C(CN)C=C1,ENAMINE-REAL : Z3656087697,morgan,0.2028985507246377,enamine-real
[Cl-].[Cl-].[Cl-].[Cl-].[Cl-].[Mn+3].CCN1C=C[N+](CC)=C1\C1=C2/C=CC(=N2)\C(=C2/[N-]\C(\C=C2)=C(/C2=N/C(/C=C2)=C(\C2=CC=C1[N-]2)C1=[N+](CC)C=CN1CC)C1=[N+](CC)C=CN1CC)\C1=[N+](CC)C=CN1CC,XMYHQLIAYLLEKT-UHFFFAOYSA-I,CCN1C=CN=C1CN(C)C1=NC(Cl)=CC2=C(F)C=CC=C12,ENAMINE-REAL : PV-004826086595,morgan,0.2,enamine-real
[Cl-].[Cl-].[Cl-].[Cl-].[Cl-].[Mn+3].CCN1C=C[N+](CC)=C1\C1=C2/C=CC(=N2)\C(=C2/[N-]\C(\C=C2)=C(/C2=N/C(/C=C2)=C(\C2=CC=C1[N-]2)C1=[N+](CC)C=CN1CC)C1=[N+](CC)C=CN1CC)\C1=[N+](CC)C=CN1CC,XMYHQLIAYLLEKT-UHFFFAOYSA-I,CCN1C=CN=C1C(=O)N(C)C1=CC=C(CN)C=C1,ENAMINE-REAL : Z4055962017,morgan,0.2,enamine-real
[Cl-].[Cl-].[Cl-].[Cl-].[Cl-].[Mn+3].CCN1C=C[N+](CC)=C1\C1=C2/C=CC(=N2)\C(=C2/[N-]\C(\C=C2)=C(/C2=N/C(/C=C2)=C(\C2=CC=C1[N-]2)C1=[N+](CC)C=CN1CC)C1=[N+](CC)C=CN1CC)\C1=[N+](CC)C=CN1CC,XMYHQLIAYLLEKT-UHFFFAOYSA-I,CCCc1n(C)cc[n+]1CCCCC[n+]1ccn(C)c1CCC,ZINC15 : ZINC000585151859,morgan,0.2,zinc15
[Cl-].[Cl-].[Cl-].[Cl-].[Cl-].[Mn+3].CCN1C=C[N+](CC)=C1\C1=C2/C=CC(=N2)\C(=C2/[N-]\C(\C=C2)=C(/C2=N/C(/C=C2)=C(\C2=CC=C1[N-]2)C1=[N+](CC)C=CN1CC)C1=[N+](CC)C=CN1CC)\C1=[N+](CC)C=CN1CC,XMYHQLIAYLLEKT-UHFFFAOYSA-I,CCN1C=CN=C1C=CC(=O)N(C)CC1=CC=NN1CC,ENAMINE-REAL : Z2498528220,morgan,0.2,enamine-real
[Cl-].[Cl-].[Cl-].[Cl-].[Cl-].[Mn+3].CCN1C=C[N+](CC)=C1\C1=C2/C=CC(=N2)\C(=C2/[N-]\C(\C=C2)=C(/C2=N/C(/C=C2)=C(\C2=CC=C1[N-]2)C1=[N+](CC)C=CN1CC)C1=[N+](CC)C=CN1CC)\C1=[N+](CC)C=CN1CC,XMYHQLIAYLLEKT-UHFFFAOYSA-I,CCN1C=CN=C1C1=CC=CC(CN(C)C2=CC=CC=C2)=C1,ENAMINE-REAL : Z3484599115,morgan,0.19696969696969696,enamine-real
[Cl-].[Cl-].[Cl-].[Cl-].[Cl-].[Mn+3].CCN1C=C[N+](CC)=C1\C1=C2/C=CC(=N2)\C(=C2/[N-]\C(\C=C2)=C(/C2=N/C(/C=C2)=C(\C2=CC=C1[N-]2)C1=[N+](CC)C=CN1CC)C1=[N+](CC)C=CN1CC)\C1=[N+](CC)C=CN1CC,XMYHQLIAYLLEKT-UHFFFAOYSA-I,CCN1C=CC(CN(C)C2=NC=CC3=CC=CN=C23)=N1,ENAMINE-REAL : Z4027124258,morgan,0.19696969696969696,enamine-real
[Cl-].[Cl-].[Cl-].[Cl-].[Cl-].[Mn+3].CCN1C=C[N+](CC)=C1\C1=C2/C=CC(=N2)\C(=C2/[N-]\C(\C=C2)=C(/C2=N/C(/C=C2)=C(\C2=CC=C1[N-]2)C1=[N+](CC)C=CN1CC)C1=[N+](CC)C=CN1CC)\C1=[N+](CC)C=CN1CC,XMYHQLIAYLLEKT-UHFFFAOYSA-I,CCN1C=CC(CN(C)C2=CC=C3N=CC=CC3=C2)=N1,ENAMINE-REAL : Z4269514604,morgan,0.19696969696969696,enamine-real
[Cl-].[Cl-].[Cl-].[Cl-].[Cl-].[Mn+3].CCN1C=C[N+](CC)=C1\C1=C2/C=CC(=N2)\C(=C2/[N-]\C(\C=C2)=C(/C2=N/C(/C=C2)=C(\C2=CC=C1[N-]2)C1=[N+](CC)C=CN1CC)C1=[N+](CC)C=CN1CC)\C1=[N+](CC)C=CN1CC,XMYHQLIAYLLEKT-UHFFFAOYSA-I,CCC1=CC=CC=C1CN1C=C(C2=NC=CN2CC)N=N1,ENAMINE-REAL : Z3343505637,morgan,0.19696969696969696,enamine-real
[Cl-].[Cl-].[Cl-].[Cl-].[Cl-].[Mn+3].CCN1C=C[N+](CC)=C1\C1=C2/C=CC(=N2)\C(=C2/[N-]\C(\C=C2)=C(/C2=N/C(/C=C2)=C(\C2=CC=C1[N-]2)C1=[N+](CC)C=CN1CC)C1=[N+](CC)C=CN1CC)\C1=[N+](CC)C=CN1CC,XMYHQLIAYLLEKT-UHFFFAOYSA-I,CCN1C=NC=C1CN(C)C1=CC=NC(C2=CC=C(F)C=N2)=N1,ENAMINE-REAL : Z4138396003,morgan,0.19444444444444445,enamine-real
[Cl-].[Cl-].[Cl-].[Cl-].[Cl-].[Mn+3].CCN1C=C[N+](CC)=C1\C1=C2/C=CC(=N2)\C(=C2/[N-]\C(\C=C2)=C(/C2=N/C(/C=C2)=C(\C2=CC=C1[N-]2)C1=[N+](CC)C=CN1CC)C1=[N+](CC)C=CN1CC)\C1=[N+](CC)C=CN1CC,XMYHQLIAYLLEKT-UHFFFAOYSA-I,CCN1C=CC(CN(C)C2=NC=C(C)C(C3=CC=CN=C3)=N2)=C1,ENAMINE-REAL : Z4227223461,morgan,0.19444444444444445,enamine-real
[Cl-].[Cl-].[Cl-].[Cl-].[Cl-].[Mn+3].CCN1C=C[N+](CC)=C1\C1=C2/C=CC(=N2)\C(=C2/[N-]\C(\C=C2)=C(/C2=N/C(/C=C2)=C(\C2=CC=C1[N-]2)C1=[N+](CC)C=CN1CC)C1=[N+](CC)C=CN1CC)\C1=[N+](CC)C=CN1CC,XMYHQLIAYLLEKT-UHFFFAOYSA-I,CCN1C=NC=C1CN(C)C1=CC=NC(CC2=CC=C(F)C=C2)=N1,ENAMINE-REAL : Z3395947984,morgan,0.19444444444444445,enamine-real
[Cl-].[Cl-].[Cl-].[Cl-].[Cl-].[Mn+3].CCN1C=C[N+](CC)=C1\C1=C2/C=CC(=N2)\C(=C2/[N-]\C(\C=C2)=C(/C2=N/C(/C=C2)=C(\C2=CC=C1[N-]2)C1=[N+](CC)C=CN1CC)C1=[N+](CC)C=CN1CC)\C1=[N+](CC)C=CN1CC,XMYHQLIAYLLEKT-UHFFFAOYSA-I,CCN1C=CN=C1CN(C)CC1=CC=CC=C1N1C=CC=N1,ENAMINE-REAL : Z3394877294,morgan,0.19402985074626866,enamine-real
[Cl-].[Cl-].[Cl-].[Cl-].[Cl-].[Mn+3].CCN1C=C[N+](CC)=C1\C1=C2/C=CC(=N2)\C(=C2/[N-]\C(\C=C2)=C(/C2=N/C(/C=C2)=C(\C2=CC=C1[N-]2)C1=[N+](CC)C=CN1CC)C1=[N+](CC)C=CN1CC)\C1=[N+](CC)C=CN1CC,XMYHQLIAYLLEKT-UHFFFAOYSA-I,CCN1C=CC(CN(C)C2=NC=C3C=CC=NC3=N2)=N1,ENAMINE-REAL : Z4027124214,morgan,0.19402985074626866,enamine-real
[Cl-].[Cl-].[Cl-].[Cl-].[Cl-].[Mn+3].CCN1C=C[N+](CC)=C1\C1=C2/C=CC(=N2)\C(=C2/[N-]\C(\C=C2)=C(/C2=N/C(/C=C2)=C(\C2=CC=C1[N-]2)C1=[N+](CC)C=CN1CC)C1=[N+](CC)C=CN1CC)\C1=[N+](CC)C=CN1CC,XMYHQLIAYLLEKT-UHFFFAOYSA-I,CCN1C=CC(CN(C)C2=NC=C3C=CC=NC3=N2)=C1,ENAMINE-REAL : Z2861313386,morgan,0.19402985074626866,enamine-real
[Cl-].[Cl-].[Cl-].[Cl-].[Cl-].[Mn+3].CCN1C=C[N+](CC)=C1\C1=C2/C=CC(=N2)\C(=C2/[N-]\C(\C=C2)=C(/C2=N/C(/C=C2)=C(\C2=CC=C1[N-]2)C1=[N+](CC)C=CN1CC)C1=[N+](CC)C=CN1CC)\C1=[N+](CC)C=CN1CC,XMYHQLIAYLLEKT-UHFFFAOYSA-I,CCN1C=NC(CN(C)C2=CC=C3N=CC=CC3=C2)=N1,ENAMINE-REAL : Z5763653173,morgan,0.19402985074626866,enamine-real
[Cl-].[Cl-].[Cl-].[Cl-].[Cl-].[Mn+3].CCN1C=C[N+](CC)=C1\C1=C2/C=CC(=N2)\C(=C2/[N-]\C(\C=C2)=C(/C2=N/C(/C=C2)=C(\C2=CC=C1[N-]2)C1=[N+](CC)C=CN1CC)C1=[N+](CC)C=CN1CC)\C1=[N+](CC)C=CN1CC,XMYHQLIAYLLEKT-UHFFFAOYSA-I,CCN1C=NC=C1CN(C)CC1=CC=C[N+]([O-])=C1,ENAMINE-REAL : Z4270586293,morgan,0.19402985074626866,enamine-real
[Cl-].[Cl-].[Cl-].[Cl-].[Cl-].[Mn+3].CCN1C=C[N+](CC)=C1\C1=C2/C=CC(=N2)\C(=C2/[N-]\C(\C=C2)=C(/C2=N/C(/C=C2)=C(\C2=CC=C1[N-]2)C1=[N+](CC)C=CN1CC)C1=[N+](CC)C=CN1CC)\C1=[N+](CC)C=CN1CC,XMYHQLIAYLLEKT-UHFFFAOYSA-I,CCN1C=CN=C1CN(C)CC1=CC=NN1C1=CC=NC=C1,ENAMINE-REAL : Z3394878109,morgan,0.19402985074626866,enamine-real
[Cl-].[Cl-].[Cl-].[Cl-].[Cl-].[Mn+3].CCN1C=C[N+](CC)=C1\C1=C2/C=CC(=N2)\C(=C2/[N-]\C(\C=C2)=C(/C2=N/C(/C=C2)=C(\C2=CC=C1[N-]2)C1=[N+](CC)C=CN1CC)C1=[N+](CC)C=CN1CC)\C1=[N+](CC)C=CN1CC,XMYHQLIAYLLEKT-UHFFFAOYSA-I,CCN1C=CN=C1CN(C)CC1=NN(C2=CC=CC=C2)C=N1,ENAMINE-REAL : Z3323246968,morgan,0.19402985074626866,enamine-real
[Cl-].[Cl-].[Cl-].[Cl-].[Cl-].[Mn+3].CCN1C=C[N+](CC)=C1\C1=C2/C=CC(=N2)\C(=C2/[N-]\C(\C=C2)=C(/C2=N/C(/C=C2)=C(\C2=CC=C1[N-]2)C1=[N+](CC)C=CN1CC)C1=[N+](CC)C=CN1CC)\C1=[N+](CC)C=CN1CC,XMYHQLIAYLLEKT-UHFFFAOYSA-I,CCn1c2ccccc2[n+](CC)c1-c1ccc(-c2n(CC)c3ccccc3[n+]2CC)cc1,ZINC15 : ZINC000004797508,morgan,0.19298245614035087,zinc15
[Cl-].[Cl-].[Cl-].[Cl-].[Cl-].[Mn+3].CCN1C=C[N+](CC)=C1\C1=C2/C=CC(=N2)\C(=C2/[N-]\C(\C=C2)=C(/C2=N/C(/C=C2)=C(\C2=CC=C1[N-]2)C1=[N+](CC)C=CN1CC)C1=[N+](CC)C=CN1CC)\C1=[N+](CC)C=CN1CC,XMYHQLIAYLLEKT-UHFFFAOYSA-I,CCN1C=NN=C1CN(C)C1=CC=NC(C2=CC=C(F)C=N2)=N1,ENAMINE-REAL : Z4138399441,morgan,0.1917808219178082,enamine-real
[Cl-].[Cl-].[Cl-].[Cl-].[Cl-].[Mn+3].CCN1C=C[N+](CC)=C1\C1=C2/C=CC(=N2)\C(=C2/[N-]\C(\C=C2)=C(/C2=N/C(/C=C2)=C(\C2=CC=C1[N-]2)C1=[N+](CC)C=CN1CC)C1=[N+](CC)C=CN1CC)\C1=[N+](CC)C=CN1CC,XMYHQLIAYLLEKT-UHFFFAOYSA-I,CCN1C=CN=C1CN(C)CC1=CC=C(C2=CC=CN=C2)C(F)=C1,ENAMINE-REAL : Z4436980650,morgan,0.1917808219178082,enamine-real
[Cl-].[Cl-].[Cl-].[Cl-].[Cl-].[Mn+3].CCN1C=C[N+](CC)=C1\C1=C2/C=CC(=N2)\C(=C2/[N-]\C(\C=C2)=C(/C2=N/C(/C=C2)=C(\C2=CC=C1[N-]2)C1=[N+](CC)C=CN1CC)C1=[N+](CC)C=CN1CC)\C1=[N+](CC)C=CN1CC,XMYHQLIAYLLEKT-UHFFFAOYSA-I,CCN1C=CN=C1CN1CCC(N(C)C2=CC=CC=C2)CC1,ENAMINE-REAL : Z990522832,morgan,0.19117647058823528,enamine-real
[Cl-].[Cl-].[Cl-].[Cl-].[Cl-].[Mn+3].CCN1C=C[N+](CC)=C1\C1=C2/C=CC(=N2)\C(=C2/[N-]\C(\C=C2)=C(/C2=N/C(/C=C2)=C(\C2=CC=C1[N-]2)C1=[N+](CC)C=CN1CC)C1=[N+](CC)C=CN1CC)\C1=[N+](CC)C=CN1CC,XMYHQLIAYLLEKT-UHFFFAOYSA-I,CCn1cc(Br)cc1-c1nc(-c2nccn2C)no1,ZINC15 : ZINC000356982339,morgan,0.19117647058823528,zinc15
[Cl-].[Cl-].[Cl-].[Cl-].[Cl-].[Mn+3].CCN1C=C[N+](CC)=C1\C1=C2/C=CC(=N2)\C(=C2/[N-]\C(\C=C2)=C(/C2=N/C(/C=C2)=C(\C2=CC=C1[N-]2)C1=[N+](CC)C=CN1CC)C1=[N+](CC)C=CN1CC)\C1=[N+](CC)C=CN1CC,XMYHQLIAYLLEKT-UHFFFAOYSA-I,CCN1C=CC(CN(C)C2=NC(C3=CC=C(C)C=C3)=NO2)=C1,ENAMINE-REAL : Z1840363834,morgan,0.19117647058823528,enamine-real
[Cl-].[Cl-].[Cl-].[Cl-].[Cl-].[Mn+3].CCN1C=C[N+](CC)=C1\C1=C2/C=CC(=N2)\C(=C2/[N-]\C(\C=C2)=C(/C2=N/C(/C=C2)=C(\C2=CC=C1[N-]2)C1=[N+](CC)C=CN1CC)C1=[N+](CC)C=CN1CC)\C1=[N+](CC)C=CN1CC,XMYHQLIAYLLEKT-UHFFFAOYSA-I,CCN1N=CC(CN(C)C2=CC=C3N=CC=CC3=C2)=N1,ENAMINE-REAL : Z4269514394,morgan,0.19117647058823528,enamine-real
[Cl-].[Cl-].[Cl-].[Cl-].[Cl-].[Mn+3].CCN1C=C[N+](CC)=C1\C1=C2/C=CC(=N2)\C(=C2/[N-]\C(\C=C2)=C(/C2=N/C(/C=C2)=C(\C2=CC=C1[N-]2)C1=[N+](CC)C=CN1CC)C1=[N+](CC)C=CN1CC)\C1=[N+](CC)C=CN1CC,XMYHQLIAYLLEKT-UHFFFAOYSA-I,CCN1C=C(CN(C)C2=CC=C3C=CC=NC3=N2)C=N1,ENAMINE-REAL : Z3557500811,morgan,0.19117647058823528,enamine-real
[Cl-].[Cl-].[Cl-].[Cl-].[Cl-].[Mn+3].CCN1C=C[N+](CC)=C1\C1=C2/C=CC(=N2)\C(=C2/[N-]\C(\C=C2)=C(/C2=N/C(/C=C2)=C(\C2=CC=C1[N-]2)C1=[N+](CC)C=CN1CC)C1=[N+](CC)C=CN1CC)\C1=[N+](CC)C=CN1CC,XMYHQLIAYLLEKT-UHFFFAOYSA-I,CCN1C=CN=C1CN(C)CC(Br)=CC1=CC=CC=C1,ENAMINE-REAL : PV-002849615327,morgan,0.19117647058823528,enamine-real
[Cl-].[Cl-].[Cl-].[Cl-].[Cl-].[Mn+3].CCN1C=C[N+](CC)=C1\C1=C2/C=CC(=N2)\C(=C2/[N-]\C(\C=C2)=C(/C2=N/C(/C=C2)=C(\C2=CC=C1[N-]2)C1=[N+](CC)C=CN1CC)C1=[N+](CC)C=CN1CC)\C1=[N+](CC)C=CN1CC,XMYHQLIAYLLEKT-UHFFFAOYSA-I,CCN1C=CN=C1CN(C)CC1=NN(C2=C(F)C=CC=C2F)C=C1,ENAMINE-REAL : Z3323247275,morgan,0.19117647058823528,enamine-real
[Cl-].[Cl-].[Cl-].[Cl-].[Cl-].[Mn+3].CCN1C=C[N+](CC)=C1\C1=C2/C=CC(=N2)\C(=C2/[N-]\C(\C=C2)=C(/C2=N/C(/C=C2)=C(\C2=CC=C1[N-]2)C1=[N+](CC)C=CN1CC)C1=[N+](CC)C=CN1CC)\C1=[N+](CC)C=CN1CC,XMYHQLIAYLLEKT-UHFFFAOYSA-I,CCN1C=CN=C1CN(C)C1=CC(C2=CC=CC=C2)=CN=N1,ENAMINE-REAL : PV-002744795667,morgan,0.19117647058823528,enamine-real
[Cl-].[Cl-].[Cl-].[Cl-].[Cl-].[Mn+3].CCN1C=C[N+](CC)=C1\C1=C2/C=CC(=N2)\C(=C2/[N-]\C(\C=C2)=C(/C2=N/C(/C=C2)=C(\C2=CC=C1[N-]2)C1=[N+](CC)C=CN1CC)C1=[N+](CC)C=CN1CC)\C1=[N+](CC)C=CN1CC,XMYHQLIAYLLEKT-UHFFFAOYSA-I,CCN1C=CN=C1CN(C)CC1=CC=CC(N2C=CC=N2)=C1,ENAMINE-REAL : Z3323246888,morgan,0.19117647058823528,enamine-real
[Cl-].[Cl-].[Cl-].[Cl-].[Cl-].[Mn+3].CCN1C=C[N+](CC)=C1\C1=C2/C=CC(=N2)\C(=C2/[N-]\C(\C=C2)=C(/C2=N/C(/C=C2)=C(\C2=CC=C1[N-]2)C1=[N+](CC)C=CN1CC)C1=[N+](CC)C=CN1CC)\C1=[N+](CC)C=CN1CC,XMYHQLIAYLLEKT-UHFFFAOYSA-I,CCN1C=C(CN(C)C2=NC=CC3=CC=CN=C23)C=N1,ENAMINE-REAL : Z2861190127,morgan,0.19117647058823528,enamine-real
[Cl-].[Cl-].[Cl-].[Cl-].[Cl-].[Mn+3].CCN1C=C[N+](CC)=C1\C1=C2/C=CC(=N2)\C(=C2/[N-]\C(\C=C2)=C(/C2=N/C(/C=C2)=C(\C2=CC=C1[N-]2)C1=[N+](CC)C=CN1CC)C1=[N+](CC)C=CN1CC)\C1=[N+](CC)C=CN1CC,XMYHQLIAYLLEKT-UHFFFAOYSA-I,CCn1c2cc(C)ccc2nc1-c1cc(C)n(C)n1,ZINC15 : ZINC001250730194,morgan,0.19047619047619047,zinc15
[Cl-].[Cl-].[Cl-].[Cl-].[Cl-].[Mn+3].CCN1C=C[N+](CC)=C1\C1=C2/C=CC(=N2)\C(=C2/[N-]\C(\C=C2)=C(/C2=N/C(/C=C2)=C(\C2=CC=C1[N-]2)C1=[N+](CC)C=CN1CC)C1=[N+](CC)C=CN1CC)\C1=[N+](CC)C=CN1CC,XMYHQLIAYLLEKT-UHFFFAOYSA-I,CCN1N=CC=C1C1=C2N=CN(CC)C2=CC=C1,ENAMINE-REAL : PV-008537848630,morgan,0.19047619047619047,enamine-real
[Cl-].[Cl-].[Cl-].[Cl-].[Cl-].[Mn+3].CCN1C=C[N+](CC)=C1\C1=C2/C=CC(=N2)\C(=C2/[N-]\C(\C=C2)=C(/C2=N/C(/C=C2)=C(\C2=CC=C1[N-]2)C1=[N+](CC)C=CN1CC)C1=[N+](CC)C=CN1CC)\C1=[N+](CC)C=CN1CC,XMYHQLIAYLLEKT-UHFFFAOYSA-I,CCN1C=NC=C1CN(C)C1=NC(C2=CC=CC=N2)=NC2=CC=CC=C12,ENAMINE-REAL : PV-002544641870,morgan,0.1891891891891892,enamine-real
[Cl-].[Cl-].[Cl-].[Cl-].[Cl-].[Mn+3].CCN1C=C[N+](CC)=C1\C1=C2/C=CC(=N2)\C(=C2/[N-]\C(\C=C2)=C(/C2=N/C(/C=C2)=C(\C2=CC=C1[N-]2)C1=[N+](CC)C=CN1CC)C1=[N+](CC)C=CN1CC)\C1=[N+](CC)C=CN1CC,XMYHQLIAYLLEKT-UHFFFAOYSA-I,CCN1C=CC(CN(C)C2=CC=NC3=C2C=CC2=CC=CN=C23)=N1,ENAMINE-REAL : PV-004588586825,morgan,0.18840579710144928,enamine-real
[Cl-].[Cl-].[Cl-].[Cl-].[Cl-].[Mn+3].CCN1C=C[N+](CC)=C1\C1=C2/C=CC(=N2)\C(=C2/[N-]\C(\C=C2)=C(/C2=N/C(/C=C2)=C(\C2=CC=C1[N-]2)C1=[N+](CC)C=CN1CC)C1=[N+](CC)C=CN1CC)\C1=[N+](CC)C=CN1CC,XMYHQLIAYLLEKT-UHFFFAOYSA-I,CCN1C=NC=C1CN(C)C1=NC(C2=CC=C(F)C=C2)=CN=C1,ENAMINE-REAL : PV-003728957906,morgan,0.18840579710144928,enamine-real
[Cl-].[Cl-].[Cl-].[Cl-].[Cl-].[Mn+3].CCN1C=C[N+](CC)=C1\C1=C2/C=CC(=N2)\C(=C2/[N-]\C(\C=C2)=C(/C2=N/C(/C=C2)=C(\C2=CC=C1[N-]2)C1=[N+](CC)C=CN1CC)C1=[N+](CC)C=CN1CC)\C1=[N+](CC)C=CN1CC,XMYHQLIAYLLEKT-UHFFFAOYSA-I,CCN1C=CC(CN(C)CC2=CC=C3N=CC=CC3=C2)=N1,ENAMINE-REAL : Z4009888603,morgan,0.18840579710144928,enamine-real
[Cl-].[Cl-].[Cl-].[Cl-].[Cl-].[Mn+3].CCN1C=C[N+](CC)=C1\C1=C2/C=CC(=N2)\C(=C2/[N-]\C(\C=C2)=C(/C2=N/C(/C=C2)=C(\C2=CC=C1[N-]2)C1=[N+](CC)C=CN1CC)C1=[N+](CC)C=CN1CC)\C1=[N+](CC)C=CN1CC,XMYHQLIAYLLEKT-UHFFFAOYSA-I,CCN1C=NC=C1CN(C)C1=NC=NC(C2=CC=CC=C2)=N1,ENAMINE-REAL : Z3395948526,morgan,0.18840579710144928,enamine-real
[Cl-].[Cl-].[Cl-].[Cl-].[Cl-].[Mn+3].CCN1C=C[N+](CC)=C1\C1=C2/C=CC(=N2)\C(=C2/[N-]\C(\C=C2)=C(/C2=N/C(/C=C2)=C(\C2=CC=C1[N-]2)C1=[N+](CC)C=CN1CC)C1=[N+](CC)C=CN1CC)\C1=[N+](CC)C=CN1CC,XMYHQLIAYLLEKT-UHFFFAOYSA-I,CCN1C=NC=C1CN(C)CC1=CC=CC=C1N1C=CC=N1,ENAMINE-REAL : Z3395054128,morgan,0.18840579710144928,enamine-real
[Cl-].[Cl-].[Cl-].[Cl-].[Cl-].[Mn+3].CCN1C=C[N+](CC)=C1\C1=C2/C=CC(=N2)\C(=C2/[N-]\C(\C=C2)=C(/C2=N/C(/C=C2)=C(\C2=CC=C1[N-]2)C1=[N+](CC)C=CN1CC)C1=[N+](CC)C=CN1CC)\C1=[N+](CC)C=CN1CC,XMYHQLIAYLLEKT-UHFFFAOYSA-I,CCn1c2cc(C)ccc2nc1-c1c(C)cnn1C,ZINC15 : ZINC000285192706,morgan,0.1875,zinc15
[Cl-].[Cl-].[Cl-].[Cl-].[Cl-].[Mn+3].CCN1C=C[N+](CC)=C1\C1=C2/C=CC(=N2)\C(=C2/[N-]\C(\C=C2)=C(/C2=N/C(/C=C2)=C(\C2=CC=C1[N-]2)C1=[N+](CC)C=CN1CC)C1=[N+](CC)C=CN1CC)\C1=[N+](CC)C=CN1CC,XMYHQLIAYLLEKT-UHFFFAOYSA-I,CCC1=CC=C(N2C=C(C3=CC=NN3CC)N=N2)C=C1,ENAMINE-REAL : PV-002824330355,morgan,0.1875,enamine-real
[Cl-].[Cl-].[Cl-].[Cl-].[Cl-].[Mn+3].CCN1C=C[N+](CC)=C1\C1=C2/C=CC(=N2)\C(=C2/[N-]\C(\C=C2)=C(/C2=N/C(/C=C2)=C(\C2=CC=C1[N-]2)C1=[N+](CC)C=CN1CC)C1=[N+](CC)C=CN1CC)\C1=[N+](CC)C=CN1CC,XMYHQLIAYLLEKT-UHFFFAOYSA-I,CCN1C=CC(CN(C)C2=CC(C(F)(F)F)=NC(C3=CC=CN=C3)=N2)=N1,ENAMINE-REAL : Z4027127925,morgan,0.18666666666666668,enamine-real
[Cl-].[Cl-].[Cl-].[Cl-].[Cl-].[Mn+3].CCN1C=C[N+](CC)=C1\C1=C2/C=CC(=N2)\C(=C2/[N-]\C(\C=C2)=C(/C2=N/C(/C=C2)=C(\C2=CC=C1[N-]2)C1=[N+](CC)C=CN1CC)C1=[N+](CC)C=CN1CC)\C1=[N+](CC)C=CN1CC,XMYHQLIAYLLEKT-UHFFFAOYSA-I,CCC1=CC(N(C)CC2=CN=CN2CC)=C2C=CC=CC2=N1,ENAMINE-REAL : PV-003382938964,morgan,0.18571428571428572,enamine-real
[Cl-].[Cl-].[Cl-].[Cl-].[Cl-].[Mn+3].CCN1C=C[N+](CC)=C1\C1=C2/C=CC(=N2)\C(=C2/[N-]\C(\C=C2)=C(/C2=N/C(/C=C2)=C(\C2=CC=C1[N-]2)C1=[N+](CC)C=CN1CC)C1=[N+](CC)C=CN1CC)\C1=[N+](CC)C=CN1CC,XMYHQLIAYLLEKT-UHFFFAOYSA-I,CCN1C=C(CN(C)CC2=NC=CN2CC)C(C2=CC=CC=C2)=N1,ENAMINE-REAL : Z3394877764,morgan,0.18571428571428572,enamine-real
[Cl-].[Cl-].[Cl-].[Cl-].[Cl-].[Mn+3].CCN1C=C[N+](CC)=C1\C1=C2/C=CC(=N2)\C(=C2/[N-]\C(\C=C2)=C(/C2=N/C(/C=C2)=C(\C2=CC=C1[N-]2)C1=[N+](CC)C=CN1CC)C1=[N+](CC)C=CN1CC)\C1=[N+](CC)C=CN1CC,XMYHQLIAYLLEKT-UHFFFAOYSA-I,CCC1=NN(C)C=C1C1=CC=C(C(=O)C2=NC=CN2CC)C=C1,ENAMINE-REAL : Z4134374769,morgan,0.18571428571428572,enamine-real
[Cl-].[Cl-].[Cl-].[Cl-].[Cl-].[Mn+3].CCN1C=C[N+](CC)=C1\C1=C2/C=CC(=N2)\C(=C2/[N-]\C(\C=C2)=C(/C2=N/C(/C=C2)=C(\C2=CC=C1[N-]2)C1=[N+](CC)C=CN1CC)C1=[N+](CC)C=CN1CC)\C1=[N+](CC)C=CN1CC,XMYHQLIAYLLEKT-UHFFFAOYSA-I,CCN1C(CN(C)C2=NC=CC3=NC=CC=C23)=NC2=CC=CC=C21,ENAMINE-REAL : PV-003859397564,morgan,0.18571428571428572,enamine-real
[Cl-].[Cl-].[Cl-].[Cl-].[Cl-].[Mn+3].CCN1C=C[N+](CC)=C1\C1=C2/C=CC(=N2)\C(=C2/[N-]\C(\C=C2)=C(/C2=N/C(/C=C2)=C(\C2=CC=C1[N-]2)C1=[N+](CC)C=CN1CC)C1=[N+](CC)C=CN1CC)\C1=[N+](CC)C=CN1CC,XMYHQLIAYLLEKT-UHFFFAOYSA-I,CCN1C(CN(C)C2=NC=CC3=CC=CN=C23)=NC2=CC=CC=C21,ENAMINE-REAL : PV-003452977526,morgan,0.18571428571428572,enamine-real
[Cl-].[Cl-].[Cl-].[Cl-].[Cl-].[Mn+3].CCN1C=C[N+](CC)=C1\C1=C2/C=CC(=N2)\C(=C2/[N-]\C(\C=C2)=C(/C2=N/C(/C=C2)=C(\C2=CC=C1[N-]2)C1=[N+](CC)C=CN1CC)C1=[N+](CC)C=CN1CC)\C1=[N+](CC)C=CN1CC,XMYHQLIAYLLEKT-UHFFFAOYSA-I,CCC1=CC=CC=C1N1N=CC=C1C1=NN=CN1CC,ENAMINE-REAL : PV-007553563257,morgan,0.18461538461538463,enamine-real
[Cl-].[Cl-].[Cl-].[Cl-].[Cl-].[Mn+3].CCN1C=C[N+](CC)=C1\C1=C2/C=CC(=N2)\C(=C2/[N-]\C(\C=C2)=C(/C2=N/C(/C=C2)=C(\C2=CC=C1[N-]2)C1=[N+](CC)C=CN1CC)C1=[N+](CC)C=CN1CC)\C1=[N+](CC)C=CN1CC,XMYHQLIAYLLEKT-UHFFFAOYSA-I,CCN1C=CN=C1CN(C)C(C1=CC=CN=C1)C1=CC=C(F)C=C1F,ENAMINE-REAL : Z1205255885,morgan,0.18421052631578946,enamine-real
[Cl-].[Cl-].[Cl-].[Cl-].[Cl-].[Mn+3].CCN1C=C[N+](CC)=C1\C1=C2/C=CC(=N2)\C(=C2/[N-]\C(\C=C2)=C(/C2=N/C(/C=C2)=C(\C2=CC=C1[N-]2)C1=[N+](CC)C=CN1CC)C1=[N+](CC)C=CN1CC)\C1=[N+](CC)C=CN1CC,XMYHQLIAYLLEKT-UHFFFAOYSA-I,CCN1C=C(CN(C)C2=CC(C(F)(F)F)=NC(C3=CC=CN=C3)=N2)C=N1,ENAMINE-REAL : Z1220630132,morgan,0.18421052631578946,enamine-real
[Cl-].[Cl-].[Cl-].[Cl-].[Cl-].[Mn+3].CCN1C=C[N+](CC)=C1\C1=C2/C=CC(=N2)\C(=C2/[N-]\C(\C=C2)=C(/C2=N/C(/C=C2)=C(\C2=CC=C1[N-]2)C1=[N+](CC)C=CN1CC)C1=[N+](CC)C=CN1CC)\C1=[N+](CC)C=CN1CC,XMYHQLIAYLLEKT-UHFFFAOYSA-I,CCC1=CC=NC=C1C1=NN(CC)C=C1,ENAMINE-REAL : Z3511991992,morgan,0.18333333333333332,enamine-real
[Cl-].[Cl-].[Cl-].[Cl-].[Cl-].[Mn+3].CCN1C=C[N+](CC)=C1\C1=C2/C=CC(=N2)\C(=C2/[N-]\C(\C=C2)=C(/C2=N/C(/C=C2)=C(\C2=CC=C1[N-]2)C1=[N+](CC)C=CN1CC)C1=[N+](CC)C=CN1CC)\C1=[N+](CC)C=CN1CC,XMYHQLIAYLLEKT-UHFFFAOYSA-I,CCN1C=CC(CN(C)C2=NC(C)=NC(N3C=CC=N3)=C2C)=N1,ENAMINE-REAL : Z4027127579,morgan,0.18309859154929578,enamine-real
[Cl-].[Cl-].[Cl-].[Cl-].[Cl-].[Mn+3].CCN1C=C[N+](CC)=C1\C1=C2/C=CC(=N2)\C(=C2/[N-]\C(\C=C2)=C(/C2=N/C(/C=C2)=C(\C2=CC=C1[N-]2)C1=[N+](CC)C=CN1CC)C1=[N+](CC)C=CN1CC)\C1=[N+](CC)C=CN1CC,XMYHQLIAYLLEKT-UHFFFAOYSA-I,CCN1C(CN(C)C2=NC=C3C=CC=NC3=N2)=NC2=CC=CC=C21,ENAMINE-REAL : PV-003454053808,morgan,0.18309859154929578,enamine-real
[Cl-].[Cl-].[Cl-].[Cl-].[Cl-].[Mn+3].CCN1C=C[N+](CC)=C1\C1=C2/C=CC(=N2)\C(=C2/[N-]\C(\C=C2)=C(/C2=N/C(/C=C2)=C(\C2=CC=C1[N-]2)C1=[N+](CC)C=CN1CC)C1=[N+](CC)C=CN1CC)\C1=[N+](CC)C=CN1CC,XMYHQLIAYLLEKT-UHFFFAOYSA-I,CCN1C=NC=C1CN(C)CC1=CC=CC(N2C=CC=N2)=C1,ENAMINE-REAL : Z3323678823,morgan,0.18309859154929578,enamine-real
[Cl-].[Cl-].[Cl-].[Cl-].[Cl-].[Mn+3].CCN1C=C[N+](CC)=C1\C1=C2/C=CC(=N2)\C(=C2/[N-]\C(\C=C2)=C(/C2=N/C(/C=C2)=C(\C2=CC=C1[N-]2)C1=[N+](CC)C=CN1CC)C1=[N+](CC)C=CN1CC)\C1=[N+](CC)C=CN1CC,XMYHQLIAYLLEKT-UHFFFAOYSA-I,CCN1C=CN=C1CN(C)CC1=CON=C1CC1=CC=CC=C1,ENAMINE-REAL : Z3394878566,morgan,0.18309859154929578,enamine-real
[Cl-].[Cl-].[Cl-].[Cl-].[Cl-].[Mn+3].CCN1C=C[N+](CC)=C1\C1=C2/C=CC(=N2)\C(=C2/[N-]\C(\C=C2)=C(/C2=N/C(/C=C2)=C(\C2=CC=C1[N-]2)C1=[N+](CC)C=CN1CC)C1=[N+](CC)C=CN1CC)\C1=[N+](CC)C=CN1CC,XMYHQLIAYLLEKT-UHFFFAOYSA-I,CCN1C=CN=C1CN(C)C(C1=CC=C(F)C=C1)C1=CC=CC=N1,ENAMINE-REAL : PV-008036545019,morgan,0.18309859154929578,enamine-real
[Cl-].[Cl-].[Cl-].[Cl-].[Cl-].[Mn+3].CCN1C=C[N+](CC)=C1\C1=C2/C=CC(=N2)\C(=C2/[N-]\C(\C=C2)=C(/C2=N/C(/C=C2)=C(\C2=CC=C1[N-]2)C1=[N+](CC)C=CN1CC)C1=[N+](CC)C=CN1CC)\C1=[N+](CC)C=CN1CC,XMYHQLIAYLLEKT-UHFFFAOYSA-I,CCN1C=NN=C1CN(C)C1=NC(C2=CC=C(F)C=C2)=CS1,ENAMINE-REAL : Z3396028215,morgan,0.18309859154929578,enamine-real
[Cl-].[Cl-].[Cl-].[Cl-].[Cl-].[Mn+3].CCN1C=C[N+](CC)=C1\C1=C2/C=CC(=N2)\C(=C2/[N-]\C(\C=C2)=C(/C2=N/C(/C=C2)=C(\C2=CC=C1[N-]2)C1=[N+](CC)C=CN1CC)C1=[N+](CC)C=CN1CC)\C1=[N+](CC)C=CN1CC,XMYHQLIAYLLEKT-UHFFFAOYSA-I,CCN1C=NN=C1CN(C)C1=CC=C2C(F)=CC(F)=CC2=N1,ENAMINE-REAL : Z3830550222,morgan,0.18309859154929578,enamine-real
[Cl-].[Cl-].[Cl-].[Cl-].[Cl-].[Mn+3].CCN1C=C[N+](CC)=C1\C1=C2/C=CC(=N2)\C(=C2/[N-]\C(\C=C2)=C(/C2=N/C(/C=C2)=C(\C2=CC=C1[N-]2)C1=[N+](CC)C=CN1CC)C1=[N+](CC)C=CN1CC)\C1=[N+](CC)C=CN1CC,XMYHQLIAYLLEKT-UHFFFAOYSA-I,CCN1C=CN=C1CN(C)CC1=NN(C2=CC=CC(F)=C2)C=C1,ENAMINE-REAL : Z3323253094,morgan,0.18309859154929578,enamine-real
[Cl-].[Cl-].[Cl-].[Cl-].[Cl-].[Mn+3].CCN1C=C[N+](CC)=C1\C1=C2/C=CC(=N2)\C(=C2/[N-]\C(\C=C2)=C(/C2=N/C(/C=C2)=C(\C2=CC=C1[N-]2)C1=[N+](CC)C=CN1CC)C1=[N+](CC)C=CN1CC)\C1=[N+](CC)C=CN1CC,XMYHQLIAYLLEKT-UHFFFAOYSA-I,CCN1C=CC(CN(C)C2=CC=C3N=CC=NC3=N2)=C1,ENAMINE-REAL : Z1840364405,morgan,0.18181818181818182,enamine-real
[Cl-].[Cl-].[Cl-].[Cl-].[Cl-].[Mn+3].CCN1C=C[N+](CC)=C1\C1=C2/C=CC(=N2)\C(=C2/[N-]\C(\C=C2)=C(/C2=N/C(/C=C2)=C(\C2=CC=C1[N-]2)C1=[N+](CC)C=CN1CC)C1=[N+](CC)C=CN1CC)\C1=[N+](CC)C=CN1CC,XMYHQLIAYLLEKT-UHFFFAOYSA-I,CCN1C=CC(CN(C)CC2=CC=C(N3C=CN=N3)C=C2)=C1,ENAMINE-REAL : Z3650984294,morgan,0.18181818181818182,enamine-real
[Cl-].[Cl-].[Cl-].[Cl-].[Cl-].[Mn+3].CCN1C=C[N+](CC)=C1\C1=C2/C=CC(=N2)\C(=C2/[N-]\C(\C=C2)=C(/C2=N/C(/C=C2)=C(\C2=CC=C1[N-]2)C1=[N+](CC)C=CN1CC)C1=[N+](CC)C=CN1CC)\C1=[N+](CC)C=CN1CC,XMYHQLIAYLLEKT-UHFFFAOYSA-I,CCN1C=CC(CN(C)C2=CC=C3N=CC=NC3=N2)=N1,ENAMINE-REAL : Z4027124377,morgan,0.18181818181818182,enamine-real
[Cl-].[Cl-].[Cl-].[Cl-].[Cl-].[Mn+3].CCN1C=C[N+](CC)=C1\C1=C2/C=CC(=N2)\C(=C2/[N-]\C(\C=C2)=C(/C2=N/C(/C=C2)=C(\C2=CC=C1[N-]2)C1=[N+](CC)C=CN1CC)C1=[N+](CC)C=CN1CC)\C1=[N+](CC)C=CN1CC,XMYHQLIAYLLEKT-UHFFFAOYSA-I,CCn1ccc(-c2nc(-c3nccn3C)no2)n1,ZINC15 : ZINC000351346177,morgan,0.18181818181818182,zinc15
[Cl-].[Cl-].[Cl-].[Cl-].[Cl-].[Mn+3].CCN1C=C[N+](CC)=C1\C1=C2/C=CC(=N2)\C(=C2/[N-]\C(\C=C2)=C(/C2=N/C(/C=C2)=C(\C2=CC=C1[N-]2)C1=[N+](CC)C=CN1CC)C1=[N+](CC)C=CN1CC)\C1=[N+](CC)C=CN1CC,XMYHQLIAYLLEKT-UHFFFAOYSA-I,CCN1C=CC(CN(C)CC2=CN(C3=CC=C4N=CC=CC4=C3)N=N2)=C1,ENAMINE-REAL : PV-003008398529,morgan,0.18181818181818182,enamine-real
[Cl-].[Cl-].[Cl-].[Cl-].[Cl-].[Mn+3].CCN1C=C[N+](CC)=C1\C1=C2/C=CC(=N2)\C(=C2/[N-]\C(\C=C2)=C(/C2=N/C(/C=C2)=C(\C2=CC=C1[N-]2)C1=[N+](CC)C=CN1CC)C1=[N+](CC)C=CN1CC)\C1=[N+](CC)C=CN1CC,XMYHQLIAYLLEKT-UHFFFAOYSA-I,CCN1C=CC(CN(C)C2=NC3=NC=CN3C=C2)=C1,ENAMINE-REAL : Z4227223443,morgan,0.18181818181818182,enamine-real
[Cl-].[Cl-].[Cl-].[Cl-].[Cl-].[Mn+3].CCN1C=C[N+](CC)=C1\C1=C2/C=CC(=N2)\C(=C2/[N-]\C(\C=C2)=C(/C2=N/C(/C=C2)=C(\C2=CC=C1[N-]2)C1=[N+](CC)C=CN1CC)C1=[N+](CC)C=CN1CC)\C1=[N+](CC)C=CN1CC,XMYHQLIAYLLEKT-UHFFFAOYSA-I,CCN1C=CC(CN(C)C2=CC(N3C=CC=N3)=NC(N)=N2)=C1,ENAMINE-REAL : Z1840363671,morgan,0.18055555555555555,enamine-real
[Cl-].[Cl-].[Cl-].[Cl-].[Cl-].[Mn+3].CCN1C=C[N+](CC)=C1\C1=C2/C=CC(=N2)\C(=C2/[N-]\C(\C=C2)=C(/C2=N/C(/C=C2)=C(\C2=CC=C1[N-]2)C1=[N+](CC)C=CN1CC)C1=[N+](CC)C=CN1CC)\C1=[N+](CC)C=CN1CC,XMYHQLIAYLLEKT-UHFFFAOYSA-I,CCN1C(CN(C)CC2=CC=C(N3C=CC=N3)C=C2)=NC2=CC=CC=C21,ENAMINE-REAL : Z1317931618,morgan,0.18055555555555555,enamine-real
[Cl-].[Cl-].[Cl-].[Cl-].[Cl-].[Mn+3].CCN1C=C[N+](CC)=C1\C1=C2/C=CC(=N2)\C(=C2/[N-]\C(\C=C2)=C(/C2=N/C(/C=C2)=C(\C2=CC=C1[N-]2)C1=[N+](CC)C=CN1CC)C1=[N+](CC)C=CN1CC)\C1=[N+](CC)C=CN1CC,XMYHQLIAYLLEKT-UHFFFAOYSA-I,CCN1C=NC=C1CN(C)C1=CC=C2C(Cl)=CC=C(F)C2=N1,ENAMINE-REAL : PV-006966825931,morgan,0.18055555555555555,enamine-real
[Cl-].[Cl-].[Cl-].[Cl-].[Cl-].[Mn+3].CCN1C=C[N+](CC)=C1\C1=C2/C=CC(=N2)\C(=C2/[N-]\C(\C=C2)=C(/C2=N/C(/C=C2)=C(\C2=CC=C1[N-]2)C1=[N+](CC)C=CN1CC)C1=[N+](CC)C=CN1CC)\C1=[N+](CC)C=CN1CC,XMYHQLIAYLLEKT-UHFFFAOYSA-I,CCN1C=CN=C1CN(C)CC1=C2C=CC=CN2N=C1C1=CC=CC=C1,ENAMINE-REAL : PV-003631272501,morgan,0.18055555555555555,enamine-real
[Cl-].[Cl-].[Cl-].[Cl-].[Cl-].[Mn+3].CCN1C=C[N+](CC)=C1\C1=C2/C=CC(=N2)\C(=C2/[N-]\C(\C=C2)=C(/C2=N/C(/C=C2)=C(\C2=CC=C1[N-]2)C1=[N+](CC)C=CN1CC)C1=[N+](CC)C=CN1CC)\C1=[N+](CC)C=CN1CC,XMYHQLIAYLLEKT-UHFFFAOYSA-I,CCN1N=NC2=CC(CN(C)C3=CC=C4N=CC=CC4=C3)=CC=C21,ENAMINE-REAL : PV-003033901315,morgan,0.18055555555555555,enamine-real
[Cl-].[Cl-].[Cl-].[Cl-].[Cl-].[Mn+3].CCN1C=C[N+](CC)=C1\C1=C2/C=CC(=N2)\C(=C2/[N-]\C(\C=C2)=C(/C2=N/C(/C=C2)=C(\C2=CC=C1[N-]2)C1=[N+](CC)C=CN1CC)C1=[N+](CC)C=CN1CC)\C1=[N+](CC)C=CN1CC,XMYHQLIAYLLEKT-UHFFFAOYSA-I,CCN1N=CC=C1C1=CC=C(C)[N+]([O-])=C1,ENAMINE-REAL : Z4079315047,morgan,0.18032786885245902,enamine-real
[Cl-].[Cl-].[Cl-].[Cl-].[Cl-].[Mn+3].CCN1C=C[N+](CC)=C1\C1=C2/C=CC(=N2)\C(=C2/[N-]\C(\C=C2)=C(/C2=N/C(/C=C2)=C(\C2=CC=C1[N-]2)C1=[N+](CC)C=CN1CC)C1=[N+](CC)C=CN1CC)\C1=[N+](CC)C=CN1CC,XMYHQLIAYLLEKT-UHFFFAOYSA-I,CCN1C=CC(CN(C)C2=NC=CC3=NC=CC=C23)=N1,ENAMINE-REAL : Z4027125250,morgan,0.1791044776119403,enamine-real
[Cl-].[Cl-].[Cl-].[Cl-].[Cl-].[Mn+3].CCN1C=C[N+](CC)=C1\C1=C2/C=CC(=N2)\C(=C2/[N-]\C(\C=C2)=C(/C2=N/C(/C=C2)=C(\C2=CC=C1[N-]2)C1=[N+](CC)C=CN1CC)C1=[N+](CC)C=CN1CC)\C1=[N+](CC)C=CN1CC,XMYHQLIAYLLEKT-UHFFFAOYSA-I,CCN1N=CC=C1CN(C)CC1=CC=C(N2C=CC=N2)C=C1,ENAMINE-REAL : Z2169321855,morgan,0.1791044776119403,enamine-real
[Cl-].[Cl-].[Cl-].[Cl-].[Cl-].[Mn+3].CCN1C=C[N+](CC)=C1\C1=C2/C=CC(=N2)\C(=C2/[N-]\C(\C=C2)=C(/C2=N/C(/C=C2)=C(\C2=CC=C1[N-]2)C1=[N+](CC)C=CN1CC)C1=[N+](CC)C=CN1CC)\C1=[N+](CC)C=CN1CC,XMYHQLIAYLLEKT-UHFFFAOYSA-I,CCN1C=CC(CN(C)C2=NC=CC3=CC=NC=C23)=N1,ENAMINE-REAL : Z4027124290,morgan,0.1791044776119403,enamine-real
[Cl-].[Cl-].[Cl-].[Cl-].[Cl-].[Mn+3].CCN1C=C[N+](CC)=C1\C1=C2/C=CC(=N2)\C(=C2/[N-]\C(\C=C2)=C(/C2=N/C(/C=C2)=C(\C2=CC=C1[N-]2)C1=[N+](CC)C=CN1CC)C1=[N+](CC)C=CN1CC)\C1=[N+](CC)C=CN1CC,XMYHQLIAYLLEKT-UHFFFAOYSA-I,CCN1C=CC(CN(C)C2=NN=C3C=CC=NN23)=C1,ENAMINE-REAL : Z4227223242,morgan,0.1791044776119403,enamine-real
[Cl-].[Cl-].[Cl-].[Cl-].[Cl-].[Mn+3].CCN1C=C[N+](CC)=C1\C1=C2/C=CC(=N2)\C(=C2/[N-]\C(\C=C2)=C(/C2=N/C(/C=C2)=C(\C2=CC=C1[N-]2)C1=[N+](CC)C=CN1CC)C1=[N+](CC)C=CN1CC)\C1=[N+](CC)C=CN1CC,XMYHQLIAYLLEKT-UHFFFAOYSA-I,CCN1C=CC(CN(C)C2=NN=C3C=CC=NN23)=N1,ENAMINE-REAL : Z4233828631,morgan,0.1791044776119403,enamine-real
[Cl-].[Cl-].[Cl-].[Cl-].[Cl-].[Mn+3].CCN1C=C[N+](CC)=C1\C1=C2/C=CC(=N2)\C(=C2/[N-]\C(\C=C2)=C(/C2=N/C(/C=C2)=C(\C2=CC=C1[N-]2)C1=[N+](CC)C=CN1CC)C1=[N+](CC)C=CN1CC)\C1=[N+](CC)C=CN1CC,XMYHQLIAYLLEKT-UHFFFAOYSA-I,CCN1C=CC(CN(C)C2=CC=NC3=CC=CN=C23)=N1,ENAMINE-REAL : Z4027124232,morgan,0.1791044776119403,enamine-real
[Cl-].[Cl-].[Cl-].[Cl-].[Cl-].[Mn+3].CCN1C=C[N+](CC)=C1\C1=C2/C=CC(=N2)\C(=C2/[N-]\C(\C=C2)=C(/C2=N/C(/C=C2)=C(\C2=CC=C1[N-]2)C1=[N+](CC)C=CN1CC)C1=[N+](CC)C=CN1CC)\C1=[N+](CC)C=CN1CC,XMYHQLIAYLLEKT-UHFFFAOYSA-I,CCN1C=NC2=C(N(C)CC3=CN(C4=CC=CC=C4)N=C3)N=CC=C21,ENAMINE-REAL : PV-003002145093,morgan,0.1780821917808219,enamine-real
[Cl-].[Cl-].[Cl-].[Cl-].[Cl-].[Mn+3].CCN1C=C[N+](CC)=C1\C1=C2/C=CC(=N2)\C(=C2/[N-]\C(\C=C2)=C(/C2=N/C(/C=C2)=C(\C2=CC=C1[N-]2)C1=[N+](CC)C=CN1CC)C1=[N+](CC)C=CN1CC)\C1=[N+](CC)C=CN1CC,XMYHQLIAYLLEKT-UHFFFAOYSA-I,CCN1C=CC(CN(C)C2=NC(C3=CC=CN=C3)=NC(C)=C2C)=C1,ENAMINE-REAL : Z1840363819,morgan,0.1780821917808219,enamine-real
[Cl-].[Cl-].[Cl-].[Cl-].[Cl-].[Mn+3].CCN1C=C[N+](CC)=C1\C1=C2/C=CC(=N2)\C(=C2/[N-]\C(\C=C2)=C(/C2=N/C(/C=C2)=C(\C2=CC=C1[N-]2)C1=[N+](CC)C=CN1CC)C1=[N+](CC)C=CN1CC)\C1=[N+](CC)C=CN1CC,XMYHQLIAYLLEKT-UHFFFAOYSA-I,CCN1C(CN(C)C2=CC=NC3=CC=CC=C23)=NC2=CC=CC=C21,ENAMINE-REAL : Z1173183428,morgan,0.17647058823529413,enamine-real
[Cl-].[Cl-].[Cl-].[Cl-].[Cl-].[Mn+3].CCN1C=C[N+](CC)=C1\C1=C2/C=CC(=N2)\C(=C2/[N-]\C(\C=C2)=C(/C2=N/C(/C=C2)=C(\C2=CC=C1[N-]2)C1=[N+](CC)C=CN1CC)C1=[N+](CC)C=CN1CC)\C1=[N+](CC)C=CN1CC,XMYHQLIAYLLEKT-UHFFFAOYSA-I,c1cc2[nH]c1c1ccc([nH]1)c(-c1ccccc1)c1ccc([nH]1)c(-c1ccccc1)c1ccc(n1)c2-c1ccccc1,ZINC15 : ZINC000100426525,espsim_electrostatic,0.20754716981132076,zinc15
[Cl-].[Cl-].[Cl-].[Cl-].[Cl-].[Mn+3].CCN1C=C[N+](CC)=C1\C1=C2/C=CC(=N2)\C(=C2/[N-]\C(\C=C2)=C(/C2=N/C(/C=C2)=C(\C2=CC=C1[N-]2)C1=[N+](CC)C=CN1CC)C1=[N+](CC)C=CN1CC)\C1=[N+](CC)C=CN1CC,XMYHQLIAYLLEKT-UHFFFAOYSA-I,c1cc2nc1c1ccc([nH]1)c(-c1ccccc1)c1ccc([nH]1)c(-c1ccccc1)c1ccc([nH]1)c2-c1ccccc1,ZINC15 : ZINC000100426525,espsim_electrostatic,0.2037037037037037,zinc15
[Cl-].[Cl-].[Cl-].[Cl-].[Cl-].[Mn+3].CCN1C=C[N+](CC)=C1\C1=C2/C=CC(=N2)\C(=C2/[N-]\C(\C=C2)=C(/C2=N/C(/C=C2)=C(\C2=CC=C1[N-]2)C1=[N+](CC)C=CN1CC)C1=[N+](CC)C=CN1CC)\C1=[N+](CC)C=CN1CC,XMYHQLIAYLLEKT-UHFFFAOYSA-I,CCn1nc(C)c(-c2nc3c(C)[nH]n(-c4ccc(C)cc4)c-3n2)c1C,ZINC15 : ZINC000019791260,espsim_electrostatic,0.19402985074626866,zinc15
[Cl-].[Cl-].[Cl-].[Cl-].[Cl-].[Mn+3].CCN1C=C[N+](CC)=C1\C1=C2/C=CC(=N2)\C(=C2/[N-]\C(\C=C2)=C(/C2=N/C(/C=C2)=C(\C2=CC=C1[N-]2)C1=[N+](CC)C=CN1CC)C1=[N+](CC)C=CN1CC)\C1=[N+](CC)C=CN1CC,XMYHQLIAYLLEKT-UHFFFAOYSA-I,CCc1[n-]n2c(nc(CCCn3ccnc3C)cc2=O)c1-c1ccccc1,ZINC15 : ZINC000100733105,espsim_electrostatic,0.17721518987341772,zinc15
[Cl-].[Cl-].[Cl-].[Cl-].[Cl-].[Mn+3].CCN1C=C[N+](CC)=C1\C1=C2/C=CC(=N2)\C(=C2/[N-]\C(\C=C2)=C(/C2=N/C(/C=C2)=C(\C2=CC=C1[N-]2)C1=[N+](CC)C=CN1CC)C1=[N+](CC)C=CN1CC)\C1=[N+](CC)C=CN1CC,XMYHQLIAYLLEKT-UHFFFAOYSA-I,CCc1[n-]n2c(nc(CCCn3cc[nH+]c3C)cc2=O)c1-c1ccccc1,ZINC15 : ZINC000100733105,espsim_electrostatic,0.16049382716049382,zinc15
[Cl-].[Cl-].[Cl-].[Cl-].[Cl-].[Mn+3].CCN1C=C[N+](CC)=C1\C1=C2/C=CC(=N2)\C(=C2/[N-]\C(\C=C2)=C(/C2=N/C(/C=C2)=C(\C2=CC=C1[N-]2)C1=[N+](CC)C=CN1CC)C1=[N+](CC)C=CN1CC)\C1=[N+](CC)C=CN1CC,XMYHQLIAYLLEKT-UHFFFAOYSA-I,CCn1c2ccc(C)cc2nc1-c1cc(Br)ncc1F,ZINC15 : ZINC001251051259,espsim_electrostatic,0.15942028985507245,zinc15
[Cl-].[Cl-].[Cl-].[Cl-].[Cl-].[Mn+3].CCN1C=C[N+](CC)=C1\C1=C2/C=CC(=N2)\C(=C2/[N-]\C(\C=C2)=C(/C2=N/C(/C=C2)=C(\C2=CC=C1[N-]2)C1=[N+](CC)C=CN1CC)C1=[N+](CC)C=CN1CC)\C1=[N+](CC)C=CN1CC,XMYHQLIAYLLEKT-UHFFFAOYSA-I,CCN1C=CN=C1C(CC1=CC=CC=C1)N(C)C(=O)C1=C(F)C2=C(C=C1)CCNC2,ENAMINE-REAL : PV-008582657933,espsim_electrostatic,0.14942528735632185,enamine-real
[Cl-].[Cl-].[Cl-].[Cl-].[Cl-].[Mn+3].CCN1C=C[N+](CC)=C1\C1=C2/C=CC(=N2)\C(=C2/[N-]\C(\C=C2)=C(/C2=N/C(/C=C2)=C(\C2=CC=C1[N-]2)C1=[N+](CC)C=CN1CC)C1=[N+](CC)C=CN1CC)\C1=[N+](CC)C=CN1CC,XMYHQLIAYLLEKT-UHFFFAOYSA-I,Cc1sc2ncnc(-n3ccnc3CC[NH3+])c2c1-c1ccccc1,ZINC15 : ZINC001156484099,espsim_electrostatic,0.14864864864864866,zinc15
[Cl-].[Cl-].[Cl-].[Cl-].[Cl-].[Mn+3].CCN1C=C[N+](CC)=C1\C1=C2/C=CC(=N2)\C(=C2/[N-]\C(\C=C2)=C(/C2=N/C(/C=C2)=C(\C2=CC=C1[N-]2)C1=[N+](CC)C=CN1CC)C1=[N+](CC)C=CN1CC)\C1=[N+](CC)C=CN1CC,XMYHQLIAYLLEKT-UHFFFAOYSA-I,CCc1nc2ccc(Cl)cn2c1-c1nc(-c2ccc(-n3cccn3)nc2)no1,ZINC15 : ZINC000462824282,espsim_electrostatic,0.14457831325301204,zinc15
[Cl-].[Cl-].[Cl-].[Cl-].[Cl-].[Mn+3].CCN1C=C[N+](CC)=C1\C1=C2/C=CC(=N2)\C(=C2/[N-]\C(\C=C2)=C(/C2=N/C(/C=C2)=C(\C2=CC=C1[N-]2)C1=[N+](CC)C=CN1CC)C1=[N+](CC)C=CN1CC)\C1=[N+](CC)C=CN1CC,XMYHQLIAYLLEKT-UHFFFAOYSA-I,CCC1=NC=CN1CC1=CN(C2CCCN(C(=O)C3=CC4=CC=CC=C4N3)C2)N=N1,ENAMINE-REAL : PV-007207598741,espsim_electrostatic,0.14285714285714285,enamine-real
[Cl-].[Cl-].[Cl-].[Cl-].[Cl-].[Mn+3].CCN1C=C[N+](CC)=C1\C1=C2/C=CC(=N2)\C(=C2/[N-]\C(\C=C2)=C(/C2=N/C(/C=C2)=C(\C2=CC=C1[N-]2)C1=[N+](CC)C=CN1CC)C1=[N+](CC)C=CN1CC)\C1=[N+](CC)C=CN1CC,XMYHQLIAYLLEKT-UHFFFAOYSA-I,Cc1cnc(CN)n1-c1nc(Cl)nc2ncccc21,ZINC15 : ZINC001158163384,espsim_electrostatic,0.14285714285714285,zinc15
[Cl-].[Cl-].[Cl-].[Cl-].[Cl-].[Mn+3].CCN1C=C[N+](CC)=C1\C1=C2/C=CC(=N2)\C(=C2/[N-]\C(\C=C2)=C(/C2=N/C(/C=C2)=C(\C2=CC=C1[N-]2)C1=[N+](CC)C=CN1CC)C1=[N+](CC)C=CN1CC)\C1=[N+](CC)C=CN1CC,XMYHQLIAYLLEKT-UHFFFAOYSA-I,CCN1N=CC=C1CN(CCO)CC1=CC2=C(N=C1Cl)N(C)N=C2,ENAMINE-REAL : Z4040792166,espsim_electrostatic,0.14285714285714285,enamine-real
[Cl-].[Cl-].[Cl-].[Cl-].[Cl-].[Mn+3].CCN1C=C[N+](CC)=C1\C1=C2/C=CC(=N2)\C(=C2/[N-]\C(\C=C2)=C(/C2=N/C(/C=C2)=C(\C2=CC=C1[N-]2)C1=[N+](CC)C=CN1CC)C1=[N+](CC)C=CN1CC)\C1=[N+](CC)C=CN1CC,XMYHQLIAYLLEKT-UHFFFAOYSA-I,CCN1C=NC2=C(N3CCCC3C3=CC=C(F)C(F)=C3)N=CN=C21,ENAMINE-REAL : Z1189026158,espsim_electrostatic,0.14285714285714285,enamine-real
[Cl-].[Cl-].[Cl-].[Cl-].[Cl-].[Mn+3].CCN1C=C[N+](CC)=C1\C1=C2/C=CC(=N2)\C(=C2/[N-]\C(\C=C2)=C(/C2=N/C(/C=C2)=C(\C2=CC=C1[N-]2)C1=[N+](CC)C=CN1CC)C1=[N+](CC)C=CN1CC)\C1=[N+](CC)C=CN1CC,XMYHQLIAYLLEKT-UHFFFAOYSA-I,CC1=CC=C(C(=O)N2CCOCC2CC2=CN(C3=NC=CC=C3C)N=N2)C(C)=C1,ENAMINE-REAL : PV-005764358881,espsim_electrostatic,0.1411764705882353,enamine-real
[Cl-].[Cl-].[Cl-].[Cl-].[Cl-].[Mn+3].CCN1C=C[N+](CC)=C1\C1=C2/C=CC(=N2)\C(=C2/[N-]\C(\C=C2)=C(/C2=N/C(/C=C2)=C(\C2=CC=C1[N-]2)C1=[N+](CC)C=CN1CC)C1=[N+](CC)C=CN1CC)\C1=[N+](CC)C=CN1CC,XMYHQLIAYLLEKT-UHFFFAOYSA-I,CCN1C=CN=C1C1=CN(C2CCCN(C(=O)C3=C(F)C=C(F)C(F)=C3)C2)N=N1,ENAMINE-REAL : PV-008353691102,espsim_electrostatic,0.1411764705882353,enamine-real
[Cl-].[Cl-].[Cl-].[Cl-].[Cl-].[Mn+3].CCN1C=C[N+](CC)=C1\C1=C2/C=CC(=N2)\C(=C2/[N-]\C(\C=C2)=C(/C2=N/C(/C=C2)=C(\C2=CC=C1[N-]2)C1=[N+](CC)C=CN1CC)C1=[N+](CC)C=CN1CC)\C1=[N+](CC)C=CN1CC,XMYHQLIAYLLEKT-UHFFFAOYSA-I,COc1cc2nc(C)nc(-n3ccnc3[C@@H]3CCC[NH2+]C3)c2cc1OC,ZINC15 : ZINC001167055174,espsim_electrostatic,0.14102564102564102,zinc15
[Cl-].[Cl-].[Cl-].[Cl-].[Cl-].[Mn+3].CCN1C=C[N+](CC)=C1\C1=C2/C=CC(=N2)\C(=C2/[N-]\C(\C=C2)=C(/C2=N/C(/C=C2)=C(\C2=CC=C1[N-]2)C1=[N+](CC)C=CN1CC)C1=[N+](CC)C=CN1CC)\C1=[N+](CC)C=CN1CC,XMYHQLIAYLLEKT-UHFFFAOYSA-I,COc1cc2nc(C)nc(-n3ccnc3[C@H]3CCC[NH2+]C3)c2cc1OC,ZINC15 : ZINC001167055176,espsim_electrostatic,0.14102564102564102,zinc15
[Cl-].[Cl-].[Cl-].[Cl-].[Cl-].[Mn+3].CCN1C=C[N+](CC)=C1\C1=C2/C=CC(=N2)\C(=C2/[N-]\C(\C=C2)=C(/C2=N/C(/C=C2)=C(\C2=CC=C1[N-]2)C1=[N+](CC)C=CN1CC)C1=[N+](CC)C=CN1CC)\C1=[N+](CC)C=CN1CC,XMYHQLIAYLLEKT-UHFFFAOYSA-I,CCOc1cc(F)cc(-n2c3ncnc-3c(N)nc2C)c1,ZINC15 : ZINC001175002089,espsim_electrostatic,0.14084507042253522,zinc15
[Cl-].[Cl-].[Cl-].[Cl-].[Cl-].[Mn+3].CCN1C=C[N+](CC)=C1\C1=C2/C=CC(=N2)\C(=C2/[N-]\C(\C=C2)=C(/C2=N/C(/C=C2)=C(\C2=CC=C1[N-]2)C1=[N+](CC)C=CN1CC)C1=[N+](CC)C=CN1CC)\C1=[N+](CC)C=CN1CC,XMYHQLIAYLLEKT-UHFFFAOYSA-I,CCCCn1c(-c2c(C)noc2C)nc2ccc(F)c(F)c21,ZINC15 : ZINC001250532088,espsim_electrostatic,0.14084507042253522,zinc15
[Cl-].[Cl-].[Cl-].[Cl-].[Cl-].[Mn+3].CCN1C=C[N+](CC)=C1\C1=C2/C=CC(=N2)\C(=C2/[N-]\C(\C=C2)=C(/C2=N/C(/C=C2)=C(\C2=CC=C1[N-]2)C1=[N+](CC)C=CN1CC)C1=[N+](CC)C=CN1CC)\C1=[N+](CC)C=CN1CC,XMYHQLIAYLLEKT-UHFFFAOYSA-I,CC1=NC=CN1CC1=CN(C2CCCN(C(=O)C3=CC4=CC=C(F)C=C4N3)C2)N=N1,ENAMINE-REAL : PV-008872986852,espsim_electrostatic,0.13978494623655913,enamine-real
[Cl-].[Cl-].[Cl-].[Cl-].[Cl-].[Mn+3].CCN1C=C[N+](CC)=C1\C1=C2/C=CC(=N2)\C(=C2/[N-]\C(\C=C2)=C(/C2=N/C(/C=C2)=C(\C2=CC=C1[N-]2)C1=[N+](CC)C=CN1CC)C1=[N+](CC)C=CN1CC)\C1=[N+](CC)C=CN1CC,XMYHQLIAYLLEKT-UHFFFAOYSA-I,CC1=C(C(=O)NCC(C)(C)N2CCOCC2)C(CN2C=CC=N2)=NC2=CC=CC=C12,ENAMINE-REAL : PV-007375384775,espsim_electrostatic,0.13953488372093023,enamine-real
[Cl-].[Cl-].[Cl-].[Cl-].[Cl-].[Mn+3].CCN1C=C[N+](CC)=C1\C1=C2/C=CC(=N2)\C(=C2/[N-]\C(\C=C2)=C(/C2=N/C(/C=C2)=C(\C2=CC=C1[N-]2)C1=[N+](CC)C=CN1CC)C1=[N+](CC)C=CN1CC)\C1=[N+](CC)C=CN1CC,XMYHQLIAYLLEKT-UHFFFAOYSA-I,COc1cc2nc(Cl)nc(-n3ccnc3[C@@H]3CCC[NH2+]C3)c2cc1OC,ZINC15 : ZINC001167056838,espsim_electrostatic,0.13924050632911392,zinc15
[Cl-].[Cl-].[Cl-].[Cl-].[Cl-].[Mn+3].CCN1C=C[N+](CC)=C1\C1=C2/C=CC(=N2)\C(=C2/[N-]\C(\C=C2)=C(/C2=N/C(/C=C2)=C(\C2=CC=C1[N-]2)C1=[N+](CC)C=CN1CC)C1=[N+](CC)C=CN1CC)\C1=[N+](CC)C=CN1CC,XMYHQLIAYLLEKT-UHFFFAOYSA-I,COc1cc2nc(Cl)nc(-n3ccnc3[C@H]3CCC[NH2+]C3)c2cc1OC,ZINC15 : ZINC001167056840,espsim_electrostatic,0.13924050632911392,zinc15
[Cl-].[Cl-].[Cl-].[Cl-].[Cl-].[Mn+3].CCN1C=C[N+](CC)=C1\C1=C2/C=CC(=N2)\C(=C2/[N-]\C(\C=C2)=C(/C2=N/C(/C=C2)=C(\C2=CC=C1[N-]2)C1=[N+](CC)C=CN1CC)C1=[N+](CC)C=CN1CC)\C1=[N+](CC)C=CN1CC,XMYHQLIAYLLEKT-UHFFFAOYSA-I,COCCn1c2cccc(F)c2nc1-c1ccncc1F,ZINC15 : ZINC001250518864,espsim_electrostatic,0.1388888888888889,zinc15
[Cl-].[Cl-].[Cl-].[Cl-].[Cl-].[Mn+3].CCN1C=C[N+](CC)=C1\C1=C2/C=CC(=N2)\C(=C2/[N-]\C(\C=C2)=C(/C2=N/C(/C=C2)=C(\C2=CC=C1[N-]2)C1=[N+](CC)C=CN1CC)C1=[N+](CC)C=CN1CC)\C1=[N+](CC)C=CN1CC,XMYHQLIAYLLEKT-UHFFFAOYSA-I,CCc1nc2ccc(Cl)cn2c1-c1nc(-c2c(C)noc2C)no1,ZINC15 : ZINC000351149361,espsim_electrostatic,0.13513513513513514,zinc15
[Cl-].[Cl-].[Cl-].[Cl-].[Cl-].[Mn+3].CCN1C=C[N+](CC)=C1\C1=C2/C=CC(=N2)\C(=C2/[N-]\C(\C=C2)=C(/C2=N/C(/C=C2)=C(\C2=CC=C1[N-]2)C1=[N+](CC)C=CN1CC)C1=[N+](CC)C=CN1CC)\C1=[N+](CC)C=CN1CC,XMYHQLIAYLLEKT-UHFFFAOYSA-I,CC1=CC=C(C2=NN(C3=CC=C(F)C=C3)C=C2CNCC(C(C)C)N2CCN(C)CC2)C=C1,ENAMINE-REAL : Z401864136,espsim_electrostatic,0.13414634146341464,enamine-real
[Cl-].[Cl-].[Cl-].[Cl-].[Cl-].[Mn+3].CCN1C=C[N+](CC)=C1\C1=C2/C=CC(=N2)\C(=C2/[N-]\C(\C=C2)=C(/C2=N/C(/C=C2)=C(\C2=CC=C1[N-]2)C1=[N+](CC)C=CN1CC)C1=[N+](CC)C=CN1CC)\C1=[N+](CC)C=CN1CC,XMYHQLIAYLLEKT-UHFFFAOYSA-I,COCCCn1c2cccc(F)c2nc1-c1cnc(C)o1,ZINC15 : ZINC001251329971,espsim_electrostatic,0.13333333333333333,zinc15
[Cl-].[Cl-].[Cl-].[Cl-].[Cl-].[Mn+3].CCN1C=C[N+](CC)=C1\C1=C2/C=CC(=N2)\C(=C2/[N-]\C(\C=C2)=C(/C2=N/C(/C=C2)=C(\C2=CC=C1[N-]2)C1=[N+](CC)C=CN1CC)C1=[N+](CC)C=CN1CC)\C1=[N+](CC)C=CN1CC,XMYHQLIAYLLEKT-UHFFFAOYSA-I,CCc1c(C)nc2ncnn2c1N(C)C[C@@H]1CN(CC)c2ccccc2O1,ZINC15 : ZINC001184672734,espsim_electrostatic,0.13253012048192772,zinc15
[Cl-].[Cl-].[Cl-].[Cl-].[Cl-].[Mn+3].CCN1C=C[N+](CC)=C1\C1=C2/C=CC(=N2)\C(=C2/[N-]\C(\C=C2)=C(/C2=N/C(/C=C2)=C(\C2=CC=C1[N-]2)C1=[N+](CC)C=CN1CC)C1=[N+](CC)C=CN1CC)\C1=[N+](CC)C=CN1CC,XMYHQLIAYLLEKT-UHFFFAOYSA-I,Cc1cnc2c(N(CC[NH3+])c3c(C)ccc[n+]3[O-])nc3ccc(C)cc3n12,ZINC15 : ZINC001170148547,espsim_electrostatic,0.13253012048192772,zinc15
[Cl-].[Cl-].[Cl-].[Cl-].[Cl-].[Mn+3].CCN1C=C[N+](CC)=C1\C1=C2/C=CC(=N2)\C(=C2/[N-]\C(\C=C2)=C(/C2=N/C(/C=C2)=C(\C2=CC=C1[N-]2)C1=[N+](CC)C=CN1CC)C1=[N+](CC)C=CN1CC)\C1=[N+](CC)C=CN1CC,XMYHQLIAYLLEKT-UHFFFAOYSA-I,CCc1c(C)nc2ncnn2c1N(C)C[C@H]1CN(CC)c2ccccc2O1,ZINC15 : ZINC001184672731,espsim_electrostatic,0.13253012048192772,zinc15
[Cl-].[Cl-].[Cl-].[Cl-].[Cl-].[Mn+3].CCN1C=C[N+](CC)=C1\C1=C2/C=CC(=N2)\C(=C2/[N-]\C(\C=C2)=C(/C2=N/C(/C=C2)=C(\C2=CC=C1[N-]2)C1=[N+](CC)C=CN1CC)C1=[N+](CC)C=CN1CC)\C1=[N+](CC)C=CN1CC,XMYHQLIAYLLEKT-UHFFFAOYSA-I,CCc1cc2c(nc(Cl)nc2-n2c3ccc(F)cc3c3c2CC[NH2+]C3)[nH]1,ZINC15 : ZINC001167088299,espsim_electrostatic,0.13253012048192772,zinc15
[Cl-].[Cl-].[Cl-].[Cl-].[Cl-].[Mn+3].CCN1C=C[N+](CC)=C1\C1=C2/C=CC(=N2)\C(=C2/[N-]\C(\C=C2)=C(/C2=N/C(/C=C2)=C(\C2=CC=C1[N-]2)C1=[N+](CC)C=CN1CC)C1=[N+](CC)C=CN1CC)\C1=[N+](CC)C=CN1CC,XMYHQLIAYLLEKT-UHFFFAOYSA-I,CCC1=NC=CN1CC1=CN(C2CCCN(C(=O)C3=CC=CC(F)=C3C)C2)N=N1,ENAMINE-REAL : PV-002650943867,espsim_electrostatic,0.13186813186813187,enamine-real
[Cl-].[Cl-].[Cl-].[Cl-].[Cl-].[Mn+3].CCN1C=C[N+](CC)=C1\C1=C2/C=CC(=N2)\C(=C2/[N-]\C(\C=C2)=C(/C2=N/C(/C=C2)=C(\C2=CC=C1[N-]2)C1=[N+](CC)C=CN1CC)C1=[N+](CC)C=CN1CC)\C1=[N+](CC)C=CN1CC,XMYHQLIAYLLEKT-UHFFFAOYSA-I,CCC1=NC=CN1CC1=CN(C2CCCN(C(=O)C3=CC=C(C)C=C3F)C2)N=N1,ENAMINE-REAL : PV-002660657886,espsim_electrostatic,0.13186813186813187,enamine-real
[Cl-].[Cl-].[Cl-].[Cl-].[Cl-].[Mn+3].CCN1C=C[N+](CC)=C1\C1=C2/C=CC(=N2)\C(=C2/[N-]\C(\C=C2)=C(/C2=N/C(/C=C2)=C(\C2=CC=C1[N-]2)C1=[N+](CC)C=CN1CC)C1=[N+](CC)C=CN1CC)\C1=[N+](CC)C=CN1CC,XMYHQLIAYLLEKT-UHFFFAOYSA-I,CCCOc1cccc(F)c1-n1c2nccc-2c(N)nc1Cl,ZINC15 : ZINC001211786304,espsim_electrostatic,0.13157894736842105,zinc15
[Cl-].[Cl-].[Cl-].[Cl-].[Cl-].[Mn+3].CCN1C=C[N+](CC)=C1\C1=C2/C=CC(=N2)\C(=C2/[N-]\C(\C=C2)=C(/C2=N/C(/C=C2)=C(\C2=CC=C1[N-]2)C1=[N+](CC)C=CN1CC)C1=[N+](CC)C=CN1CC)\C1=[N+](CC)C=CN1CC,XMYHQLIAYLLEKT-UHFFFAOYSA-I,CCc1nc2ccc(Cl)cn2c1-c1nc(-c2ccc(-n3ccnc3)nc2)no1,ZINC15 : ZINC000812810141,espsim_electrostatic,0.13095238095238096,zinc15
[Cl-].[Cl-].[Cl-].[Cl-].[Cl-].[Mn+3].CCN1C=C[N+](CC)=C1\C1=C2/C=CC(=N2)\C(=C2/[N-]\C(\C=C2)=C(/C2=N/C(/C=C2)=C(\C2=CC=C1[N-]2)C1=[N+](CC)C=CN1CC)C1=[N+](CC)C=CN1CC)\C1=[N+](CC)C=CN1CC,XMYHQLIAYLLEKT-UHFFFAOYSA-I,CCC1=CC=C(C(=O)N2CCCC(N3C=C(C4=NC=CN4C)N=N3)C2)C=C1,ENAMINE-REAL : PV-002694121748,espsim_electrostatic,0.13095238095238096,enamine-real
[Cl-].[Cl-].[Cl-].[Cl-].[Cl-].[Mn+3].CCN1C=C[N+](CC)=C1\C1=C2/C=CC(=N2)\C(=C2/[N-]\C(\C=C2)=C(/C2=N/C(/C=C2)=C(\C2=CC=C1[N-]2)C1=[N+](CC)C=CN1CC)C1=[N+](CC)C=CN1CC)\C1=[N+](CC)C=CN1CC,XMYHQLIAYLLEKT-UHFFFAOYSA-I,CCN1C=C(C2N(CC3=CN(C4=CC=CC=C4Br)N=N3)CC23CCOCC3)C=N1,ENAMINE-REAL : Z2584170727,espsim_electrostatic,0.12941176470588237,enamine-real
[Cl-].[Cl-].[Cl-].[Cl-].[Cl-].[Mn+3].CCN1C=C[N+](CC)=C1\C1=C2/C=CC(=N2)\C(=C2/[N-]\C(\C=C2)=C(/C2=N/C(/C=C2)=C(\C2=CC=C1[N-]2)C1=[N+](CC)C=CN1CC)C1=[N+](CC)C=CN1CC)\C1=[N+](CC)C=CN1CC,XMYHQLIAYLLEKT-UHFFFAOYSA-I,Fc1cccc2c1nc([C@@H]1CNCCO1)n2CC1CC[NH2+]CC1,ZINC15 : ZINC001247032285,espsim_electrostatic,0.1282051282051282,zinc15
[Cl-].[Cl-].[Cl-].[Cl-].[Cl-].[Mn+3].CCN1C=C[N+](CC)=C1\C1=C2/C=CC(=N2)\C(=C2/[N-]\C(\C=C2)=C(/C2=N/C(/C=C2)=C(\C2=CC=C1[N-]2)C1=[N+](CC)C=CN1CC)C1=[N+](CC)C=CN1CC)\C1=[N+](CC)C=CN1CC,XMYHQLIAYLLEKT-UHFFFAOYSA-I,Fc1cccc2c1nc([C@H]1CNCCO1)n2CC1CC[NH2+]CC1,ZINC15 : ZINC001247032290,espsim_electrostatic,0.1282051282051282,zinc15
[Cl-].[Cl-].[Cl-].[Cl-].[Cl-].[Mn+3].CCN1C=C[N+](CC)=C1\C1=C2/C=CC(=N2)\C(=C2/[N-]\C(\C=C2)=C(/C2=N/C(/C=C2)=C(\C2=CC=C1[N-]2)C1=[N+](CC)C=CN1CC)C1=[N+](CC)C=CN1CC)\C1=[N+](CC)C=CN1CC,XMYHQLIAYLLEKT-UHFFFAOYSA-I,CCc1ccc(-c2c3c(C)nn(-c4nc(C)cc(C)n4)c3nc(-c3ccccc3)c2-c2nc3ccccc3s2)cc1,ZINC15 : ZINC000003241460,espsim_electrostatic,0.12790697674418605,zinc15
[Cl-].[Cl-].[Cl-].[Cl-].[Cl-].[Mn+3].CCN1C=C[N+](CC)=C1\C1=C2/C=CC(=N2)\C(=C2/[N-]\C(\C=C2)=C(/C2=N/C(/C=C2)=C(\C2=CC=C1[N-]2)C1=[N+](CC)C=CN1CC)C1=[N+](CC)C=CN1CC)\C1=[N+](CC)C=CN1CC,XMYHQLIAYLLEKT-UHFFFAOYSA-I,CC1=NC=CN1CC1=CN(C2CCCN(C(=O)C3=CC4=CC(F)=CC=C4N3)C2)N=N1,ENAMINE-REAL : PV-007236521925,espsim_electrostatic,0.1276595744680851,enamine-real
[Cl-].[Cl-].[Cl-].[Cl-].[Cl-].[Mn+3].CCN1C=C[N+](CC)=C1\C1=C2/C=CC(=N2)\C(=C2/[N-]\C(\C=C2)=C(/C2=N/C(/C=C2)=C(\C2=CC=C1[N-]2)C1=[N+](CC)C=CN1CC)C1=[N+](CC)C=CN1CC)\C1=[N+](CC)C=CN1CC,XMYHQLIAYLLEKT-UHFFFAOYSA-I,Cc1cnc(CN)n1-c1nc(Cl)nc2cnccc21,ZINC15 : ZINC001158163571,espsim_electrostatic,0.1267605633802817,zinc15
[Cl-].[Cl-].[Cl-].[Cl-].[Cl-].[Mn+3].CCN1C=C[N+](CC)=C1\C1=C2/C=CC(=N2)\C(=C2/[N-]\C(\C=C2)=C(/C2=N/C(/C=C2)=C(\C2=CC=C1[N-]2)C1=[N+](CC)C=CN1CC)C1=[N+](CC)C=CN1CC)\C1=[N+](CC)C=CN1CC,XMYHQLIAYLLEKT-UHFFFAOYSA-I,COCCn1c2cccc(F)c2nc1-c1c(CO)cnc(C)c1O,ZINC15 : ZINC001250913647,espsim_electrostatic,0.12658227848101267,zinc15
[Cl-].[Cl-].[Cl-].[Cl-].[Cl-].[Mn+3].CCN1C=C[N+](CC)=C1\C1=C2/C=CC(=N2)\C(=C2/[N-]\C(\C=C2)=C(/C2=N/C(/C=C2)=C(\C2=CC=C1[N-]2)C1=[N+](CC)C=CN1CC)C1=[N+](CC)C=CN1CC)\C1=[N+](CC)C=CN1CC,XMYHQLIAYLLEKT-UHFFFAOYSA-I,CCC1=CC=C(C2=CCN(CC3=C(N4CCOCC4)N(C)N=C3C)CC2)C=C1,ENAMINE-REAL : Z1631684100,espsim_electrostatic,0.12658227848101267,enamine-real
[Cl-].[Cl-].[Cl-].[Cl-].[Cl-].[Mn+3].CCN1C=C[N+](CC)=C1\C1=C2/C=CC(=N2)\C(=C2/[N-]\C(\C=C2)=C(/C2=N/C(/C=C2)=C(\C2=CC=C1[N-]2)C1=[N+](CC)C=CN1CC)C1=[N+](CC)C=CN1CC)\C1=[N+](CC)C=CN1CC,XMYHQLIAYLLEKT-UHFFFAOYSA-I,Cc1nc2ccc(Cl)nn2c1-c1nc(-c2ccc(-n3cccn3)cc2)no1,ZINC15 : ZINC001217358504,espsim_electrostatic,0.12658227848101267,zinc15
[Cl-].[Cl-].[Cl-].[Cl-].[Cl-].[Mn+3].CCN1C=C[N+](CC)=C1\C1=C2/C=CC(=N2)\C(=C2/[N-]\C(\C=C2)=C(/C2=N/C(/C=C2)=C(\C2=CC=C1[N-]2)C1=[N+](CC)C=CN1CC)C1=[N+](CC)C=CN1CC)\C1=[N+](CC)C=CN1CC,XMYHQLIAYLLEKT-UHFFFAOYSA-I,CCC1=CC=C(C(=O)N2CCOCC2CC2=CN(C3=CC=C(F)N=C3)N=N2)C=C1,ENAMINE-REAL : PV-004617147328,espsim_electrostatic,0.12643678160919541,enamine-real
[Cl-].[Cl-].[Cl-].[Cl-].[Cl-].[Mn+3].CCN1C=C[N+](CC)=C1\C1=C2/C=CC(=N2)\C(=C2/[N-]\C(\C=C2)=C(/C2=N/C(/C=C2)=C(\C2=CC=C1[N-]2)C1=[N+](CC)C=CN1CC)C1=[N+](CC)C=CN1CC)\C1=[N+](CC)C=CN1CC,XMYHQLIAYLLEKT-UHFFFAOYSA-I,CCC1=NC=CN1CC1=CN(C2CCCN(C(=O)C3=CC=C(F)C=C3)C2)N=N1,ENAMINE-REAL : PV-002677171195,espsim_electrostatic,0.12643678160919541,enamine-real
[Cl-].[Cl-].[Cl-].[Cl-].[Cl-].[Mn+3].CCN1C=C[N+](CC)=C1\C1=C2/C=CC(=N2)\C(=C2/[N-]\C(\C=C2)=C(/C2=N/C(/C=C2)=C(\C2=CC=C1[N-]2)C1=[N+](CC)C=CN1CC)C1=[N+](CC)C=CN1CC)\C1=[N+](CC)C=CN1CC,XMYHQLIAYLLEKT-UHFFFAOYSA-I,CC(C)(C)N1C=NC=C1C1CCCN(C(=O)C2=CC3=NC(CN)=CN3C=C2)C1,ENAMINE-REAL : Z5798294948,espsim_electrostatic,0.125,enamine-real
[Cl-].[Cl-].[Cl-].[Cl-].[Cl-].[Mn+3].CCN1C=C[N+](CC)=C1\C1=C2/C=CC(=N2)\C(=C2/[N-]\C(\C=C2)=C(/C2=N/C(/C=C2)=C(\C2=CC=C1[N-]2)C1=[N+](CC)C=CN1CC)C1=[N+](CC)C=CN1CC)\C1=[N+](CC)C=CN1CC,XMYHQLIAYLLEKT-UHFFFAOYSA-I,Cc1cn2c(nc(C)c2-c2noc(Cc3ccnc(O)c3Br)n2)s1,ZINC15 : ZINC000426583522,espsim_electrostatic,0.125,zinc15
[Cl-].[Cl-].[Cl-].[Cl-].[Cl-].[Mn+3].CCN1C=C[N+](CC)=C1\C1=C2/C=CC(=N2)\C(=C2/[N-]\C(\C=C2)=C(/C2=N/C(/C=C2)=C(\C2=CC=C1[N-]2)C1=[N+](CC)C=CN1CC)C1=[N+](CC)C=CN1CC)\C1=[N+](CC)C=CN1CC,XMYHQLIAYLLEKT-UHFFFAOYSA-I,Cc1[nH]c2cc(C)ccc2c1-c1c(-c2ccccc2)ncn1C[C@H](O)CO,ZINC15 : ZINC000067723624,espsim_electrostatic,0.125,zinc15
[Cl-].[Cl-].[Cl-].[Cl-].[Cl-].[Mn+3].CCN1C=C[N+](CC)=C1\C1=C2/C=CC(=N2)\C(=C2/[N-]\C(\C=C2)=C(/C2=N/C(/C=C2)=C(\C2=CC=C1[N-]2)C1=[N+](CC)C=CN1CC)C1=[N+](CC)C=CN1CC)\C1=[N+](CC)C=CN1CC,XMYHQLIAYLLEKT-UHFFFAOYSA-I,CCC1=CC=C(C(=O)N2CCCC(N3C=C(C4=NC=CC=C4OC)N=N3)C2)C=C1,ENAMINE-REAL : PV-002663960941,espsim_electrostatic,0.125,enamine-real
[Cl-].[Cl-].[Cl-].[Cl-].[Cl-].[Mn+3].CCN1C=C[N+](CC)=C1\C1=C2/C=CC(=N2)\C(=C2/[N-]\C(\C=C2)=C(/C2=N/C(/C=C2)=C(\C2=CC=C1[N-]2)C1=[N+](CC)C=CN1CC)C1=[N+](CC)C=CN1CC)\C1=[N+](CC)C=CN1CC,XMYHQLIAYLLEKT-UHFFFAOYSA-I,Cc1[nH]c2cc(C)ccc2c1-c1c(-c2ccccc2)ncn1C[C@@H](O)CO,ZINC15 : ZINC000067723628,espsim_electrostatic,0.125,zinc15
[Cl-].[Cl-].[Cl-].[Cl-].[Cl-].[Mn+3].CCN1C=C[N+](CC)=C1\C1=C2/C=CC(=N2)\C(=C2/[N-]\C(\C=C2)=C(/C2=N/C(/C=C2)=C(\C2=CC=C1[N-]2)C1=[N+](CC)C=CN1CC)C1=[N+](CC)C=CN1CC)\C1=[N+](CC)C=CN1CC,XMYHQLIAYLLEKT-UHFFFAOYSA-I,Cc1nc2nc(-n3c(C)nc4c3CC[NH2+]CC4)ncc2[nH]1,ZINC15 : ZINC001165355740,espsim_electrostatic,0.125,zinc15
[Cl-].[Cl-].[Cl-].[Cl-].[Cl-].[Mn+3].CCN1C=C[N+](CC)=C1\C1=C2/C=CC(=N2)\C(=C2/[N-]\C(\C=C2)=C(/C2=N/C(/C=C2)=C(\C2=CC=C1[N-]2)C1=[N+](CC)C=CN1CC)C1=[N+](CC)C=CN1CC)\C1=[N+](CC)C=CN1CC,XMYHQLIAYLLEKT-UHFFFAOYSA-I,CCC1=CC=C(C(=O)N2CCOCC2CC2=CN(C3=CC=C(C)C(F)=C3)N=N2)C=C1,ENAMINE-REAL : PV-008786254007,espsim_electrostatic,0.125,enamine-real
[Cl-].[Cl-].[Cl-].[Cl-].[Cl-].[Mn+3].CCN1C=C[N+](CC)=C1\C1=C2/C=CC(=N2)\C(=C2/[N-]\C(\C=C2)=C(/C2=N/C(/C=C2)=C(\C2=CC=C1[N-]2)C1=[N+](CC)C=CN1CC)C1=[N+](CC)C=CN1CC)\C1=[N+](CC)C=CN1CC,XMYHQLIAYLLEKT-UHFFFAOYSA-I,CCCCn1c(-c2oc(C)nc2C)nc2ccc(F)c(F)c21,ZINC15 : ZINC001251457268,espsim_electrostatic,0.125,zinc15
[Cl-].[Cl-].[Cl-].[Cl-].[Cl-].[Mn+3].CCN1C=C[N+](CC)=C1\C1=C2/C=CC(=N2)\C(=C2/[N-]\C(\C=C2)=C(/C2=N/C(/C=C2)=C(\C2=CC=C1[N-]2)C1=[N+](CC)C=CN1CC)C1=[N+](CC)C=CN1CC)\C1=[N+](CC)C=CN1CC,XMYHQLIAYLLEKT-UHFFFAOYSA-I,CCCC[N@@H+](CC(N)=O)Cc1c(-c2ccc(Cl)cc2)nc2sccn21,ZINC15 : ZINC000434583863,espsim_electrostatic,0.125,zinc15
[Cl-].[Cl-].[Cl-].[Cl-].[Cl-].[Mn+3].CCN1C=C[N+](CC)=C1\C1=C2/C=CC(=N2)\C(=C2/[N-]\C(\C=C2)=C(/C2=N/C(/C=C2)=C(\C2=CC=C1[N-]2)C1=[N+](CC)C=CN1CC)C1=[N+](CC)C=CN1CC)\C1=[N+](CC)C=CN1CC,XMYHQLIAYLLEKT-UHFFFAOYSA-I,CCCC[N@H+](CC(N)=O)Cc1c(-c2ccc(Cl)cc2)nc2sccn21,ZINC15 : ZINC000434583863,espsim_electrostatic,0.125,zinc15
[Cl-].[Cl-].[Cl-].[Cl-].[Cl-].[Mn+3].CCN1C=C[N+](CC)=C1\C1=C2/C=CC(=N2)\C(=C2/[N-]\C(\C=C2)=C(/C2=N/C(/C=C2)=C(\C2=CC=C1[N-]2)C1=[N+](CC)C=CN1CC)C1=[N+](CC)C=CN1CC)\C1=[N+](CC)C=CN1CC,XMYHQLIAYLLEKT-UHFFFAOYSA-I,CCC1=CC=C(N2C=C([C@]3(C)CCCN3C(=O)C3=CC=C(C(=O)O)O3)N=N2)C=C1,ENAMINE-REAL : PV-007713363969,espsim_electrostatic,0.125,enamine-real
[Cl-].[Cl-].[Cl-].[Cl-].[Cl-].[Mn+3].CCN1C=C[N+](CC)=C1\C1=C2/C=CC(=N2)\C(=C2/[N-]\C(\C=C2)=C(/C2=N/C(/C=C2)=C(\C2=CC=C1[N-]2)C1=[N+](CC)C=CN1CC)C1=[N+](CC)C=CN1CC)\C1=[N+](CC)C=CN1CC,XMYHQLIAYLLEKT-UHFFFAOYSA-I,Cc1cc(SCCCO)n2c3ccccc3nc2c1-c1nn[nH]n1,ZINC15 : ZINC000826272518,espsim_electrostatic,0.125,zinc15
[Cl-].[Cl-].[Cl-].[Cl-].[Cl-].[Mn+3].CCN1C=C[N+](CC)=C1\C1=C2/C=CC(=N2)\C(=C2/[N-]\C(\C=C2)=C(/C2=N/C(/C=C2)=C(\C2=CC=C1[N-]2)C1=[N+](CC)C=CN1CC)C1=[N+](CC)C=CN1CC)\C1=[N+](CC)C=CN1CC,XMYHQLIAYLLEKT-UHFFFAOYSA-I,CCC1=CC=C(N2C=C([C@@]3(C)CCCN3C(=O)C3=CC=C(C(=O)O)O3)N=N2)C=C1,ENAMINE-REAL : PV-007713363970,espsim_electrostatic,0.125,enamine-real
[Cl-].[Cl-].[Cl-].[Cl-].[Cl-].[Mn+3].CCN1C=C[N+](CC)=C1\C1=C2/C=CC(=N2)\C(=C2/[N-]\C(\C=C2)=C(/C2=N/C(/C=C2)=C(\C2=CC=C1[N-]2)C1=[N+](CC)C=CN1CC)C1=[N+](CC)C=CN1CC)\C1=[N+](CC)C=CN1CC,XMYHQLIAYLLEKT-UHFFFAOYSA-I,CCC(C)C1=CC=C(C(=O)N2CCOCC2CC2=CN(C3=CC=CC=N3)N=N2)C=C1,ENAMINE-REAL : PV-008707953112,espsim_electrostatic,0.12359550561797752,enamine-real
[Cl-].[Cl-].[Cl-].[Cl-].[Cl-].[Mn+3].CCN1C=C[N+](CC)=C1\C1=C2/C=CC(=N2)\C(=C2/[N-]\C(\C=C2)=C(/C2=N/C(/C=C2)=C(\C2=CC=C1[N-]2)C1=[N+](CC)C=CN1CC)C1=[N+](CC)C=CN1CC)\C1=[N+](CC)C=CN1CC,XMYHQLIAYLLEKT-UHFFFAOYSA-I,CC[C@H](Sc1nc2nnc(C)c-2c(N)n1-c1cc(Cl)ccc1C)C(=O)N1CCOCC1,ZINC15 : ZINC000004057160,espsim_electrostatic,0.12359550561797752,zinc15
[Cl-].[Cl-].[Cl-].[Cl-].[Cl-].[Mn+3].CCN1C=C[N+](CC)=C1\C1=C2/C=CC(=N2)\C(=C2/[N-]\C(\C=C2)=C(/C2=N/C(/C=C2)=C(\C2=CC=C1[N-]2)C1=[N+](CC)C=CN1CC)C1=[N+](CC)C=CN1CC)\C1=[N+](CC)C=CN1CC,XMYHQLIAYLLEKT-UHFFFAOYSA-I,CC[C@@H](Sc1nc2nnc(C)c-2c(N)n1-c1cc(Cl)ccc1C)C(=O)N1CCOCC1,ZINC15 : ZINC000004057161,espsim_electrostatic,0.12359550561797752,zinc15
[Cl-].[Cl-].[Cl-].[Cl-].[Cl-].[Mn+3].CCN1C=C[N+](CC)=C1\C1=C2/C=CC(=N2)\C(=C2/[N-]\C(\C=C2)=C(/C2=N/C(/C=C2)=C(\C2=CC=C1[N-]2)C1=[N+](CC)C=CN1CC)C1=[N+](CC)C=CN1CC)\C1=[N+](CC)C=CN1CC,XMYHQLIAYLLEKT-UHFFFAOYSA-I,CC1=NC=CN1CC1=CN(C2CCCN(C(=O)C3=CC=C(CCF)C=C3)C2)N=N1,ENAMINE-REAL : PV-008226291675,espsim_electrostatic,0.12359550561797752,enamine-real
[Cl-].[Cl-].[Cl-].[Cl-].[Cl-].[Mn+3].CCN1C=C[N+](CC)=C1\C1=C2/C=CC(=N2)\C(=C2/[N-]\C(\C=C2)=C(/C2=N/C(/C=C2)=C(\C2=CC=C1[N-]2)C1=[N+](CC)C=CN1CC)C1=[N+](CC)C=CN1CC)\C1=[N+](CC)C=CN1CC,XMYHQLIAYLLEKT-UHFFFAOYSA-I,CCCc1cc(NCCOCCO)n2nc(C)c(-c3ccccc3)c2n1,ZINC15 : ZINC000002237632,espsim_electrostatic,0.12345679012345678,zinc15
[Cl-].[Cl-].[Cl-].[Cl-].[Cl-].[Mn+3].CCN1C=C[N+](CC)=C1\C1=C2/C=CC(=N2)\C(=C2/[N-]\C(\C=C2)=C(/C2=N/C(/C=C2)=C(\C2=CC=C1[N-]2)C1=[N+](CC)C=CN1CC)C1=[N+](CC)C=CN1CC)\C1=[N+](CC)C=CN1CC,XMYHQLIAYLLEKT-UHFFFAOYSA-I,Cc1nc2nc(=S)n(CN3CCC[C@H](c4ccn(C)n4)C3)n2c(C)c1C,ZINC15 : ZINC000905717605,espsim_electrostatic,0.12345679012345678,zinc15
[Cl-].[Cl-].[Cl-].[Cl-].[Cl-].[Mn+3].CCN1C=C[N+](CC)=C1\C1=C2/C=CC(=N2)\C(=C2/[N-]\C(\C=C2)=C(/C2=N/C(/C=C2)=C(\C2=CC=C1[N-]2)C1=[N+](CC)C=CN1CC)C1=[N+](CC)C=CN1CC)\C1=[N+](CC)C=CN1CC,XMYHQLIAYLLEKT-UHFFFAOYSA-I,CCCCN(CC(N)=O)Cc1c(-c2ccc(Cl)cc2)nc2sccn21,ZINC15 : ZINC000434583863,espsim_electrostatic,0.12345679012345678,zinc15
[Cl-].[Cl-].[Cl-].[Cl-].[Cl-].[Mn+3].CCN1C=C[N+](CC)=C1\C1=C2/C=CC(=N2)\C(=C2/[N-]\C(\C=C2)=C(/C2=N/C(/C=C2)=C(\C2=CC=C1[N-]2)C1=[N+](CC)C=CN1CC)C1=[N+](CC)C=CN1CC)\C1=[N+](CC)C=CN1CC,XMYHQLIAYLLEKT-UHFFFAOYSA-I,Cc1nc2nc(=S)n(CN3CCC[C@@H](c4ccn(C)n4)C3)n2c(C)c1C,ZINC15 : ZINC000905717611,espsim_electrostatic,0.12345679012345678,zinc15
[Cl-].[Cl-].[Cl-].[Cl-].[Cl-].[Mn+3].CCN1C=C[N+](CC)=C1\C1=C2/C=CC(=N2)\C(=C2/[N-]\C(\C=C2)=C(/C2=N/C(/C=C2)=C(\C2=CC=C1[N-]2)C1=[N+](CC)C=CN1CC)C1=[N+](CC)C=CN1CC)\C1=[N+](CC)C=CN1CC,XMYHQLIAYLLEKT-UHFFFAOYSA-I,CCc1nc2ccc(Cl)cn2c1-c1nc(CCC2CCOCC2)no1,ZINC15 : ZINC000560053258,espsim_electrostatic,0.12345679012345678,zinc15
[Cl-].[Cl-].[Cl-].[Cl-].[Cl-].[Mn+3].CCN1C=C[N+](CC)=C1\C1=C2/C=CC(=N2)\C(=C2/[N-]\C(\C=C2)=C(/C2=N/C(/C=C2)=C(\C2=CC=C1[N-]2)C1=[N+](CC)C=CN1CC)C1=[N+](CC)C=CN1CC)\C1=[N+](CC)C=CN1CC,XMYHQLIAYLLEKT-UHFFFAOYSA-I,COCCCn1c2cccc(F)c2nc1-c1c(CO)cnc(C)c1O,ZINC15 : ZINC001250913449,espsim_electrostatic,0.12345679012345678,zinc15
[Cl-].[Cl-].[Cl-].[Cl-].[Cl-].[Mn+3].CCN1C=C[N+](CC)=C1\C1=C2/C=CC(=N2)\C(=C2/[N-]\C(\C=C2)=C(/C2=N/C(/C=C2)=C(\C2=CC=C1[N-]2)C1=[N+](CC)C=CN1CC)C1=[N+](CC)C=CN1CC)\C1=[N+](CC)C=CN1CC,XMYHQLIAYLLEKT-UHFFFAOYSA-I,CCC(C)(CNC(=O)C1=CC(C2=CC(OC)=C(OC)C(OC)=C2)=NC2=CC=CC=C12)N1CCOCC1,ENAMINE-REAL : Z384461942,espsim_electrostatic,0.12222222222222222,enamine-real
[Cl-].[Cl-].[Cl-].[Cl-].[Cl-].[Mn+3].CCN1C=C[N+](CC)=C1\C1=C2/C=CC(=N2)\C(=C2/[N-]\C(\C=C2)=C(/C2=N/C(/C=C2)=C(\C2=CC=C1[N-]2)C1=[N+](CC)C=CN1CC)C1=[N+](CC)C=CN1CC)\C1=[N+](CC)C=CN1CC,XMYHQLIAYLLEKT-UHFFFAOYSA-I,COC1=CC(C(=O)N2CCCC(C3=CN(CC(C)C)N=N3)C2)=C2N=CC=CC2=C1,ENAMINE-REAL : PV-004747437397,espsim_electrostatic,0.12222222222222222,enamine-real
[Cl-].[Cl-].[Cl-].[Cl-].[Cl-].[Mn+3].CCN1C=C[N+](CC)=C1\C1=C2/C=CC(=N2)\C(=C2/[N-]\C(\C=C2)=C(/C2=N/C(/C=C2)=C(\C2=CC=C1[N-]2)C1=[N+](CC)C=CN1CC)C1=[N+](CC)C=CN1CC)\C1=[N+](CC)C=CN1CC,XMYHQLIAYLLEKT-UHFFFAOYSA-I,CC[C@@H](Sc1nc2nnc(C)c-2c(N)n1-c1cccc(Cl)c1C)C(=O)N1CCOCC1,ZINC15 : ZINC000020759134,espsim_electrostatic,0.12222222222222222,zinc15
[Cl-].[Cl-].[Cl-].[Cl-].[Cl-].[Mn+3].CCN1C=C[N+](CC)=C1\C1=C2/C=CC(=N2)\C(=C2/[N-]\C(\C=C2)=C(/C2=N/C(/C=C2)=C(\C2=CC=C1[N-]2)C1=[N+](CC)C=CN1CC)C1=[N+](CC)C=CN1CC)\C1=[N+](CC)C=CN1CC,XMYHQLIAYLLEKT-UHFFFAOYSA-I,CC[C@H](Sc1nc2nnc(C)c-2c(N)n1-c1cccc(Cl)c1C)C(=O)N1CCOCC1,ZINC15 : ZINC000020759139,espsim_electrostatic,0.12222222222222222,zinc15
[Cl-].[Cl-].[Cl-].[Cl-].[Cl-].[Mn+3].CCN1C=C[N+](CC)=C1\C1=C2/C=CC(=N2)\C(=C2/[N-]\C(\C=C2)=C(/C2=N/C(/C=C2)=C(\C2=CC=C1[N-]2)C1=[N+](CC)C=CN1CC)C1=[N+](CC)C=CN1CC)\C1=[N+](CC)C=CN1CC,XMYHQLIAYLLEKT-UHFFFAOYSA-I,CCC1=CC=C(N2C=C([C@]3(C)CCCN3C(=O)C3=CC=C(C(=O)O)N3)N=N2)C=C1,ENAMINE-REAL : PV-008091500312,espsim_electrostatic,0.12195121951219512,enamine-real
[Cl-].[Cl-].[Cl-].[Cl-].[Cl-].[Mn+3].CCN1C=C[N+](CC)=C1\C1=C2/C=CC(=N2)\C(=C2/[N-]\C(\C=C2)=C(/C2=N/C(/C=C2)=C(\C2=CC=C1[N-]2)C1=[N+](CC)C=CN1CC)C1=[N+](CC)C=CN1CC)\C1=[N+](CC)C=CN1CC,XMYHQLIAYLLEKT-UHFFFAOYSA-I,c1nc2cnccn2c1-c1noc(-c2cccc(OCc3cccnc3)c2)n1,ZINC15 : ZINC000350936981,espsim_electrostatic,0.12195121951219512,zinc15
[Cl-].[Cl-].[Cl-].[Cl-].[Cl-].[Mn+3].CCN1C=C[N+](CC)=C1\C1=C2/C=CC(=N2)\C(=C2/[N-]\C(\C=C2)=C(/C2=N/C(/C=C2)=C(\C2=CC=C1[N-]2)C1=[N+](CC)C=CN1CC)C1=[N+](CC)C=CN1CC)\C1=[N+](CC)C=CN1CC,XMYHQLIAYLLEKT-UHFFFAOYSA-I,CCC1=CC=C(N2C=C([C@@]3(C)CCCN3C(=O)C3=CC=C(C(=O)O)N3)N=N2)C=C1,ENAMINE-REAL : PV-008091500313,espsim_electrostatic,0.12195121951219512,enamine-real
[Cl-].[Cl-].[Cl-].[Cl-].[Cl-].[Mn+3].CCN1C=C[N+](CC)=C1\C1=C2/C=CC(=N2)\C(=C2/[N-]\C(\C=C2)=C(/C2=N/C(/C=C2)=C(\C2=CC=C1[N-]2)C1=[N+](CC)C=CN1CC)C1=[N+](CC)C=CN1CC)\C1=[N+](CC)C=CN1CC,XMYHQLIAYLLEKT-UHFFFAOYSA-I,CCN1N=CC=C1CN(CCO)CC1=C(C2=CC=CC=C2)N(C2CCCC2)N=C1,ENAMINE-REAL : Z2371936714,espsim_electrostatic,0.12195121951219512,enamine-real
[Cl-].[Cl-].[Cl-].[Cl-].[Cl-].[Mn+3].CCN1C=C[N+](CC)=C1\C1=C2/C=CC(=N2)\C(=C2/[N-]\C(\C=C2)=C(/C2=N/C(/C=C2)=C(\C2=CC=C1[N-]2)C1=[N+](CC)C=CN1CC)C1=[N+](CC)C=CN1CC)\C1=[N+](CC)C=CN1CC,XMYHQLIAYLLEKT-UHFFFAOYSA-I,Cc1nc2ccc(Cl)nn2c1-c1nc(-c2cccc(-n3cccn3)c2)no1,ZINC15 : ZINC001217356958,espsim_electrostatic,0.12195121951219512,zinc15
[Cl-].[Cl-].[Cl-].[Cl-].[Cl-].[Mn+3].CCN1C=C[N+](CC)=C1\C1=C2/C=CC(=N2)\C(=C2/[N-]\C(\C=C2)=C(/C2=N/C(/C=C2)=C(\C2=CC=C1[N-]2)C1=[N+](CC)C=CN1CC)C1=[N+](CC)C=CN1CC)\C1=[N+](CC)C=CN1CC,XMYHQLIAYLLEKT-UHFFFAOYSA-I,C[C@@H]([NH3+])c1nc2ccccc2n1-c1nc(Cl)nc2ncccc21,ZINC15 : ZINC001155247844,espsim_electrostatic,0.12162162162162163,zinc15
[Cl-].[Cl-].[Cl-].[Cl-].[Cl-].[Mn+3].CCN1C=C[N+](CC)=C1\C1=C2/C=CC(=N2)\C(=C2/[N-]\C(\C=C2)=C(/C2=N/C(/C=C2)=C(\C2=CC=C1[N-]2)C1=[N+](CC)C=CN1CC)C1=[N+](CC)C=CN1CC)\C1=[N+](CC)C=CN1CC,XMYHQLIAYLLEKT-UHFFFAOYSA-I,C[C@H]([NH3+])c1nc2ccccc2n1-c1nc(Cl)nc2ncccc21,ZINC15 : ZINC001155247846,espsim_electrostatic,0.12162162162162163,zinc15
[Cl-].[Cl-].[Cl-].[Cl-].[Cl-].[Mn+3].CCN1C=C[N+](CC)=C1\C1=C2/C=CC(=N2)\C(=C2/[N-]\C(\C=C2)=C(/C2=N/C(/C=C2)=C(\C2=CC=C1[N-]2)C1=[N+](CC)C=CN1CC)C1=[N+](CC)C=CN1CC)\C1=[N+](CC)C=CN1CC,XMYHQLIAYLLEKT-UHFFFAOYSA-I,CCOc1ccc(-n2c3ncnc-3c(N)nc2C)c(OC)c1,ZINC15 : ZINC001213116932,espsim_electrostatic,0.12162162162162163,zinc15
[Cl-].[Cl-].[Cl-].[Cl-].[Cl-].[Mn+3].CCN1C=C[N+](CC)=C1\C1=C2/C=CC(=N2)\C(=C2/[N-]\C(\C=C2)=C(/C2=N/C(/C=C2)=C(\C2=CC=C1[N-]2)C1=[N+](CC)C=CN1CC)C1=[N+](CC)C=CN1CC)\C1=[N+](CC)C=CN1CC,XMYHQLIAYLLEKT-UHFFFAOYSA-I,Cc1nc2c(n1-c1cc(Cl)nc3c(F)ccc(F)c13)CC[NH2+]CC2,ZINC15 : ZINC001165357240,espsim_electrostatic,0.12162162162162163,zinc15
[Cl-].[Cl-].[Cl-].[Cl-].[Cl-].[Mn+3].CCN1C=C[N+](CC)=C1\C1=C2/C=CC(=N2)\C(=C2/[N-]\C(\C=C2)=C(/C2=N/C(/C=C2)=C(\C2=CC=C1[N-]2)C1=[N+](CC)C=CN1CC)C1=[N+](CC)C=CN1CC)\C1=[N+](CC)C=CN1CC,XMYHQLIAYLLEKT-UHFFFAOYSA-I,Cc1nc2ccc(N)cc2n1-c1c(C)c(F)ccc1F,ZINC15 : ZINC001216343725,espsim_electrostatic,0.12121212121212122,zinc15
[Cl-].[Cl-].[Cl-].[Cl-].[Cl-].[Mn+3].CCN1C=C[N+](CC)=C1\C1=C2/C=CC(=N2)\C(=C2/[N-]\C(\C=C2)=C(/C2=N/C(/C=C2)=C(\C2=CC=C1[N-]2)C1=[N+](CC)C=CN1CC)C1=[N+](CC)C=CN1CC)\C1=[N+](CC)C=CN1CC,XMYHQLIAYLLEKT-UHFFFAOYSA-I,CCC1=NC=CN1CC1=CN(C2CCCN(C(=O)C3=CC(F)=CC=C3)C2)N=N1,ENAMINE-REAL : PV-002656126982,espsim_electrostatic,0.12087912087912088,enamine-real
[Cl-].[Cl-].[Cl-].[Cl-].[Cl-].[Mn+3].CCN1C=C[N+](CC)=C1\C1=C2/C=CC(=N2)\C(=C2/[N-]\C(\C=C2)=C(/C2=N/C(/C=C2)=C(\C2=CC=C1[N-]2)C1=[N+](CC)C=CN1CC)C1=[N+](CC)C=CN1CC)\C1=[N+](CC)C=CN1CC,XMYHQLIAYLLEKT-UHFFFAOYSA-I,CCC1=CC=C(C2=NN(C3=CC=CC=C3)C=C2CN2CCC(N(C)CCO)CC2)C=C1,ENAMINE-REAL : Z1568645760,espsim_electrostatic,0.12048192771084337,enamine-real
[Cl-].[Cl-].[Cl-].[Cl-].[Cl-].[Mn+3].CCN1C=C[N+](CC)=C1\C1=C2/C=CC(=N2)\C(=C2/[N-]\C(\C=C2)=C(/C2=N/C(/C=C2)=C(\C2=CC=C1[N-]2)C1=[N+](CC)C=CN1CC)C1=[N+](CC)C=CN1CC)\C1=[N+](CC)C=CN1CC,XMYHQLIAYLLEKT-UHFFFAOYSA-I,COc1c(C)ccc(F)c1Nc1nonc1-c1cn2ccncc2n1,ZINC15 : ZINC001214529806,espsim_electrostatic,0.12048192771084337,zinc15
[Cl-].[Cl-].[Cl-].[Cl-].[Cl-].[Mn+3].CCN1C=C[N+](CC)=C1\C1=C2/C=CC(=N2)\C(=C2/[N-]\C(\C=C2)=C(/C2=N/C(/C=C2)=C(\C2=CC=C1[N-]2)C1=[N+](CC)C=CN1CC)C1=[N+](CC)C=CN1CC)\C1=[N+](CC)C=CN1CC,XMYHQLIAYLLEKT-UHFFFAOYSA-I,COCCCn1c2cccc(F)c2nc1-c1oc(C)nc1C,ZINC15 : ZINC001251457145,espsim_electrostatic,0.12,zinc15
[Cl-].[Cl-].[Cl-].[Cl-].[Cl-].[Mn+3].CCN1C=C[N+](CC)=C1\C1=C2/C=CC(=N2)\C(=C2/[N-]\C(\C=C2)=C(/C2=N/C(/C=C2)=C(\C2=CC=C1[N-]2)C1=[N+](CC)C=CN1CC)C1=[N+](CC)C=CN1CC)\C1=[N+](CC)C=CN1CC,XMYHQLIAYLLEKT-UHFFFAOYSA-I,CCC(C1=CC=C(F)C=C1)N1CCN(CC2=CC=C(N(C)C)C=N2)CC1,ENAMINE-REAL : PV-002873229838,espsim_electrostatic,0.12,enamine-real
[Cl-].[Cl-].[Cl-].[Cl-].[Cl-].[Mn+3].CCN1C=C[N+](CC)=C1\C1=C2/C=CC(=N2)\C(=C2/[N-]\C(\C=C2)=C(/C2=N/C(/C=C2)=C(\C2=CC=C1[N-]2)C1=[N+](CC)C=CN1CC)C1=[N+](CC)C=CN1CC)\C1=[N+](CC)C=CN1CC,XMYHQLIAYLLEKT-UHFFFAOYSA-I,CSc1nc2nc(Cl)nc(-n3ccnc3CC[NH3+])c2s1,ZINC15 : ZINC001166276123,espsim_electrostatic,0.12,zinc15
[Cl-].[Cl-].[Cl-].[Cl-].[Cl-].[Mn+3].CCN1C=C[N+](CC)=C1\C1=C2/C=CC(=N2)\C(=C2/[N-]\C(\C=C2)=C(/C2=N/C(/C=C2)=C(\C2=CC=C1[N-]2)C1=[N+](CC)C=CN1CC)C1=[N+](CC)C=CN1CC)\C1=[N+](CC)C=CN1CC,XMYHQLIAYLLEKT-UHFFFAOYSA-I,Cc1cn2c(nc(C)c2-c2noc([C@@H](C)CC#N)n2)s1,ZINC15 : ZINC000596599817,espsim_electrostatic,0.12,zinc15
[Cl-].[Cl-].[Cl-].[Cl-].[Cl-].[Mn+3].CCN1C=C[N+](CC)=C1\C1=C2/C=CC(=N2)\C(=C2/[N-]\C(\C=C2)=C(/C2=N/C(/C=C2)=C(\C2=CC=C1[N-]2)C1=[N+](CC)C=CN1CC)C1=[N+](CC)C=CN1CC)\C1=[N+](CC)C=CN1CC,XMYHQLIAYLLEKT-UHFFFAOYSA-I,CCC(C#N)(CC)c1nc(-c2c(C)nc3sc(C)cn32)no1,ZINC15 : ZINC000528201430,espsim_electrostatic,0.12,zinc15
[Cl-].[Cl-].[Cl-].[Cl-].[Cl-].[Mn+3].CCN1C=C[N+](CC)=C1\C1=C2/C=CC(=N2)\C(=C2/[N-]\C(\C=C2)=C(/C2=N/C(/C=C2)=C(\C2=CC=C1[N-]2)C1=[N+](CC)C=CN1CC)C1=[N+](CC)C=CN1CC)\C1=[N+](CC)C=CN1CC,XMYHQLIAYLLEKT-UHFFFAOYSA-I,CCCCOc1cccc(-n2c3ncnc-3c(N)nc2Cl)c1,ZINC15 : ZINC001208621182,espsim_electrostatic,0.12,zinc15
[Cl-].[Cl-].[Cl-].[Cl-].[Cl-].[Mn+3].CCN1C=C[N+](CC)=C1\C1=C2/C=CC(=N2)\C(=C2/[N-]\C(\C=C2)=C(/C2=N/C(/C=C2)=C(\C2=CC=C1[N-]2)C1=[N+](CC)C=CN1CC)C1=[N+](CC)C=CN1CC)\C1=[N+](CC)C=CN1CC,XMYHQLIAYLLEKT-UHFFFAOYSA-I,Cc1cn2c(nc(C)c2-c2noc([C@H](C)CC#N)n2)s1,ZINC15 : ZINC000596599816,espsim_electrostatic,0.12,zinc15
[Cl-].[Cl-].[Cl-].[Cl-].[Cl-].[Mn+3].CCN1C=C[N+](CC)=C1\C1=C2/C=CC(=N2)\C(=C2/[N-]\C(\C=C2)=C(/C2=N/C(/C=C2)=C(\C2=CC=C1[N-]2)C1=[N+](CC)C=CN1CC)C1=[N+](CC)C=CN1CC)\C1=[N+](CC)C=CN1CC,XMYHQLIAYLLEKT-UHFFFAOYSA-I,CC1=CC=C(N2CCN(CC3=C(Cl)N=C4C(=C3)C(C)=NN4C)CC2)C=C1,ENAMINE-REAL : Z1653003170,espsim_electrostatic,0.12,enamine-real
[Cl-].[Cl-].[Cl-].[Cl-].[Cl-].[Mn+3].CCN1C=C[N+](CC)=C1\C1=C2/C=CC(=N2)\C(=C2/[N-]\C(\C=C2)=C(/C2=N/C(/C=C2)=C(\C2=CC=C1[N-]2)C1=[N+](CC)C=CN1CC)C1=[N+](CC)C=CN1CC)\C1=[N+](CC)C=CN1CC,XMYHQLIAYLLEKT-UHFFFAOYSA-I,Cn1c2ccc(F)cc2nc1-c1ccncc1F,ZINC15 : ZINC001250517678,espsim_electrostatic,0.11940298507462686,zinc15
[Cl-].[Cl-].[Cl-].[Cl-].[Cl-].[Mn+3].CCN1C=C[N+](CC)=C1\C1=C2/C=CC(=N2)\C(=C2/[N-]\C(\C=C2)=C(/C2=N/C(/C=C2)=C(\C2=CC=C1[N-]2)C1=[N+](CC)C=CN1CC)C1=[N+](CC)C=CN1CC)\C1=[N+](CC)C=CN1CC,XMYHQLIAYLLEKT-UHFFFAOYSA-I,CCc1c(C)nc2ncnn2c1NC[C@]1(CO)C[C@@H]1c1ccc(F)cc1,ZINC15 : ZINC001186096445,espsim_electrostatic,0.11904761904761904,zinc15
[Cl-].[Cl-].[Cl-].[Cl-].[Cl-].[Mn+3].CCN1C=C[N+](CC)=C1\C1=C2/C=CC(=N2)\C(=C2/[N-]\C(\C=C2)=C(/C2=N/C(/C=C2)=C(\C2=CC=C1[N-]2)C1=[N+](CC)C=CN1CC)C1=[N+](CC)C=CN1CC)\C1=[N+](CC)C=CN1CC,XMYHQLIAYLLEKT-UHFFFAOYSA-I,CCc1c(C)nc2ncnn2c1NC[C@@]1(CO)C[C@H]1c1ccc(F)cc1,ZINC15 : ZINC001186096447,espsim_electrostatic,0.11904761904761904,zinc15
[Cl-].[Cl-].[Cl-].[Cl-].[Cl-].[Mn+3].CCN1C=C[N+](CC)=C1\C1=C2/C=CC(=N2)\C(=C2/[N-]\C(\C=C2)=C(/C2=N/C(/C=C2)=C(\C2=CC=C1[N-]2)C1=[N+](CC)C=CN1CC)C1=[N+](CC)C=CN1CC)\C1=[N+](CC)C=CN1CC,XMYHQLIAYLLEKT-UHFFFAOYSA-I,CCc1c(C)nc2ncnn2c1NC[C@]1(CO)C[C@H]1c1ccc(F)cc1,ZINC15 : ZINC001186096446,espsim_electrostatic,0.11904761904761904,zinc15
[Cl-].[Cl-].[Cl-].[Cl-].[Cl-].[Mn+3].CCN1C=C[N+](CC)=C1\C1=C2/C=CC(=N2)\C(=C2/[N-]\C(\C=C2)=C(/C2=N/C(/C=C2)=C(\C2=CC=C1[N-]2)C1=[N+](CC)C=CN1CC)C1=[N+](CC)C=CN1CC)\C1=[N+](CC)C=CN1CC,XMYHQLIAYLLEKT-UHFFFAOYSA-I,CCc1c(C)nc2ncnn2c1NC[C@@]1(CO)C[C@@H]1c1ccc(F)cc1,ZINC15 : ZINC001186096448,espsim_electrostatic,0.11904761904761904,zinc15
[Cl-].[Cl-].[Cl-].[Cl-].[Cl-].[Mn+3].CCN1C=C[N+](CC)=C1\C1=C2/C=CC(=N2)\C(=C2/[N-]\C(\C=C2)=C(/C2=N/C(/C=C2)=C(\C2=CC=C1[N-]2)C1=[N+](CC)C=CN1CC)C1=[N+](CC)C=CN1CC)\C1=[N+](CC)C=CN1CC,XMYHQLIAYLLEKT-UHFFFAOYSA-I,C[n+]1ccc(-c2c3ccc(n3)c(-c3cc[n+](C)cc3)c3ccc([nH]3)c(-c3cc[n+](C)cc3)c3ccc(n3)c(-c3cc[n+](C)cc3)c3ccc2[nH]3)cc1,ZINC15 : ZINC000004208821,espsim_shape,0.28846153846153844,zinc15
[Cl-].[Cl-].[Cl-].[Cl-].[Cl-].[Mn+3].CCN1C=C[N+](CC)=C1\C1=C2/C=CC(=N2)\C(=C2/[N-]\C(\C=C2)=C(/C2=N/C(/C=C2)=C(\C2=CC=C1[N-]2)C1=[N+](CC)C=CN1CC)C1=[N+](CC)C=CN1CC)\C1=[N+](CC)C=CN1CC,XMYHQLIAYLLEKT-UHFFFAOYSA-I,C[n+]1ccc(-c2c3ccc(n3)c(-c3ccc(C(=O)[O-])cc3)c3ccc([nH]3)c(-c3cc[n+](C)cc3)c3ccc([nH]3)c(-c3cc[n+](C)cc3)c3ccc2n3)cc1,ZINC15 : ZINC000027519523,espsim_shape,0.25396825396825395,zinc15
[Cl-].[Cl-].[Cl-].[Cl-].[Cl-].[Mn+3].CCN1C=C[N+](CC)=C1\C1=C2/C=CC(=N2)\C(=C2/[N-]\C(\C=C2)=C(/C2=N/C(/C=C2)=C(\C2=CC=C1[N-]2)C1=[N+](CC)C=CN1CC)C1=[N+](CC)C=CN1CC)\C1=[N+](CC)C=CN1CC,XMYHQLIAYLLEKT-UHFFFAOYSA-I,C[n+]1ccccc1-c1c2ccc(n2)c(-c2cccc[n+]2C)c2ccc([nH]2)c(-c2cccc[n+]2C)c2ccc(n2)c(-c2cccc[n+]2C)c2ccc1[nH]2,ZINC15 : ZINC000027519009,espsim_shape,0.25,zinc15
[Cl-].[Cl-].[Cl-].[Cl-].[Cl-].[Mn+3].CCN1C=C[N+](CC)=C1\C1=C2/C=CC(=N2)\C(=C2/[N-]\C(\C=C2)=C(/C2=N/C(/C=C2)=C(\C2=CC=C1[N-]2)C1=[N+](CC)C=CN1CC)C1=[N+](CC)C=CN1CC)\C1=[N+](CC)C=CN1CC,XMYHQLIAYLLEKT-UHFFFAOYSA-I,C[n+]1ccccc1-c1c2ccc(n2)c(-c2cccc[n+]2C)c2ccc([nH]2)c(-c2cccc[n+]2C)c2ccc([nH]2)c(-c2cccc[n+]2C)c2ccc1n2,ZINC15 : ZINC000027519009,espsim_shape,0.2413793103448276,zinc15
[Cl-].[Cl-].[Cl-].[Cl-].[Cl-].[Mn+3].CCN1C=C[N+](CC)=C1\C1=C2/C=CC(=N2)\C(=C2/[N-]\C(\C=C2)=C(/C2=N/C(/C=C2)=C(\C2=CC=C1[N-]2)C1=[N+](CC)C=CN1CC)C1=[N+](CC)C=CN1CC)\C1=[N+](CC)C=CN1CC,XMYHQLIAYLLEKT-UHFFFAOYSA-I,c1cc2nc1c(-c1cccnc1)c1ccc([nH]1)c(-c1cccnc1)c1ccc(n1)c(-c1cccnc1)c1ccc([nH]1)c2-c1cccnc1,ZINC15 : ZINC000006445286,espsim_shape,0.23636363636363636,zinc15
[Cl-].[Cl-].[Cl-].[Cl-].[Cl-].[Mn+3].CCN1C=C[N+](CC)=C1\C1=C2/C=CC(=N2)\C(=C2/[N-]\C(\C=C2)=C(/C2=N/C(/C=C2)=C(\C2=CC=C1[N-]2)C1=[N+](CC)C=CN1CC)C1=[N+](CC)C=CN1CC)\C1=[N+](CC)C=CN1CC,XMYHQLIAYLLEKT-UHFFFAOYSA-I,c1cc2nc1c(-c1cccnc1)c1ccc(n1)c(-c1cccnc1)c1ccc([nH]1)c(-c1cccnc1)c1ccc([nH]1)c2-c1cccnc1,ZINC15 : ZINC000006445286,espsim_shape,0.23214285714285715,zinc15
[Cl-].[Cl-].[Cl-].[Cl-].[Cl-].[Mn+3].CCN1C=C[N+](CC)=C1\C1=C2/C=CC(=N2)\C(=C2/[N-]\C(\C=C2)=C(/C2=N/C(/C=C2)=C(\C2=CC=C1[N-]2)C1=[N+](CC)C=CN1CC)C1=[N+](CC)C=CN1CC)\C1=[N+](CC)C=CN1CC,XMYHQLIAYLLEKT-UHFFFAOYSA-I,c1cc2nc1c(-c1ccncc1)c1ccc([nH]1)c(-c1ccncc1)c1ccc(n1)c(-c1ccncc1)c1ccc([nH]1)c2-c1ccncc1,ZINC15 : ZINC000100010339,espsim_shape,0.23076923076923078,zinc15
[Cl-].[Cl-].[Cl-].[Cl-].[Cl-].[Mn+3].CCN1C=C[N+](CC)=C1\C1=C2/C=CC(=N2)\C(=C2/[N-]\C(\C=C2)=C(/C2=N/C(/C=C2)=C(\C2=CC=C1[N-]2)C1=[N+](CC)C=CN1CC)C1=[N+](CC)C=CN1CC)\C1=[N+](CC)C=CN1CC,XMYHQLIAYLLEKT-UHFFFAOYSA-I,c1cc2nc1c(-c1ccccn1)c1ccc([nH]1)c(-c1ccccn1)c1ccc(n1)c(-c1ccccn1)c1ccc([nH]1)c2-c1ccccn1,ZINC15 : ZINC000077319432,espsim_shape,0.2222222222222222,zinc15
[Cl-].[Cl-].[Cl-].[Cl-].[Cl-].[Mn+3].CCN1C=C[N+](CC)=C1\C1=C2/C=CC(=N2)\C(=C2/[N-]\C(\C=C2)=C(/C2=N/C(/C=C2)=C(\C2=CC=C1[N-]2)C1=[N+](CC)C=CN1CC)C1=[N+](CC)C=CN1CC)\C1=[N+](CC)C=CN1CC,XMYHQLIAYLLEKT-UHFFFAOYSA-I,c1cc2nc1c(-c1ccccn1)c1ccc(n1)c(-c1ccccn1)c1ccc([nH]1)c(-c1ccccn1)c1ccc([nH]1)c2-c1ccccn1,ZINC15 : ZINC000077319432,espsim_shape,0.21428571428571427,zinc15
[Cl-].[Cl-].[Cl-].[Cl-].[Cl-].[Mn+3].CCN1C=C[N+](CC)=C1\C1=C2/C=CC(=N2)\C(=C2/[N-]\C(\C=C2)=C(/C2=N/C(/C=C2)=C(\C2=CC=C1[N-]2)C1=[N+](CC)C=CN1CC)C1=[N+](CC)C=CN1CC)\C1=[N+](CC)C=CN1CC,XMYHQLIAYLLEKT-UHFFFAOYSA-I,c1cc2nc1c(-c1ccccc1)c1ccc([nH]1)c(-c1ccncc1)c1ccc(n1)c(-c1ccccc1)c1ccc([nH]1)c2-c1ccncc1,ZINC15 : ZINC000100041495,espsim_shape,0.21428571428571427,zinc15
[Cl-].[Cl-].[Cl-].[Cl-].[Cl-].[Mn+3].CCN1C=C[N+](CC)=C1\C1=C2/C=CC(=N2)\C(=C2/[N-]\C(\C=C2)=C(/C2=N/C(/C=C2)=C(\C2=CC=C1[N-]2)C1=[N+](CC)C=CN1CC)C1=[N+](CC)C=CN1CC)\C1=[N+](CC)C=CN1CC,XMYHQLIAYLLEKT-UHFFFAOYSA-I,c1cc2nc1c(-c1ccccc1)c1ccc([nH]1)c(-c1ccccc1)c1ccc(n1)c(-c1ccncc1)c1ccc([nH]1)c2-c1ccncc1,ZINC15 : ZINC000100425814,espsim_shape,0.21428571428571427,zinc15
[Cl-].[Cl-].[Cl-].[Cl-].[Cl-].[Mn+3].CCN1C=C[N+](CC)=C1\C1=C2/C=CC(=N2)\C(=C2/[N-]\C(\C=C2)=C(/C2=N/C(/C=C2)=C(\C2=CC=C1[N-]2)C1=[N+](CC)C=CN1CC)C1=[N+](CC)C=CN1CC)\C1=[N+](CC)C=CN1CC,XMYHQLIAYLLEKT-UHFFFAOYSA-I,c1cc2nc1c(-c1ccccc1)c1ccc([nH]1)c(-c1ccccc1)c1ccc(n1)c(-c1ccccc1)c1ccc([nH]1)c2-c1ccccc1,ZINC15 : ZINC000027521195,espsim_shape,0.21153846153846154,zinc15
[Cl-].[Cl-].[Cl-].[Cl-].[Cl-].[Mn+3].CCN1C=C[N+](CC)=C1\C1=C2/C=CC(=N2)\C(=C2/[N-]\C(\C=C2)=C(/C2=N/C(/C=C2)=C(\C2=CC=C1[N-]2)C1=[N+](CC)C=CN1CC)C1=[N+](CC)C=CN1CC)\C1=[N+](CC)C=CN1CC,XMYHQLIAYLLEKT-UHFFFAOYSA-I,c1cc2nc1c(-c1ccncc1)c1ccc(n1)c(-c1ccncc1)c1ccc([nH]1)c(-c1ccccc1)c1ccc([nH]1)c2-c1ccccc1,ZINC15 : ZINC000100425814,espsim_shape,0.21052631578947367,zinc15
[Cl-].[Cl-].[Cl-].[Cl-].[Cl-].[Mn+3].CCN1C=C[N+](CC)=C1\C1=C2/C=CC(=N2)\C(=C2/[N-]\C(\C=C2)=C(/C2=N/C(/C=C2)=C(\C2=CC=C1[N-]2)C1=[N+](CC)C=CN1CC)C1=[N+](CC)C=CN1CC)\C1=[N+](CC)C=CN1CC,XMYHQLIAYLLEKT-UHFFFAOYSA-I,CC(C)(C)c1ccc(-c2c3ccc(n3)c(-c3ccc(C(C)(C)C)cc3)c3ccc([nH]3)c(-c3ccc(C(C)(C)C)cc3)c3ccc([nH]3)c3ccc2[nH]3)cc1,ZINC15 : ZINC000150339444,espsim_shape,0.21052631578947367,zinc15
[Cl-].[Cl-].[Cl-].[Cl-].[Cl-].[Mn+3].CCN1C=C[N+](CC)=C1\C1=C2/C=CC(=N2)\C(=C2/[N-]\C(\C=C2)=C(/C2=N/C(/C=C2)=C(\C2=CC=C1[N-]2)C1=[N+](CC)C=CN1CC)C1=[N+](CC)C=CN1CC)\C1=[N+](CC)C=CN1CC,XMYHQLIAYLLEKT-UHFFFAOYSA-I,c1cc2nc1c(-c1ccccc1)c1ccc(n1)c(-c1ccccc1)c1ccc([nH]1)c(-c1ccccc1)c1ccc([nH]1)c2-c1ccccc1,ZINC15 : ZINC000027521195,espsim_shape,0.20754716981132076,zinc15
[Cl-].[Cl-].[Cl-].[Cl-].[Cl-].[Mn+3].CCN1C=C[N+](CC)=C1\C1=C2/C=CC(=N2)\C(=C2/[N-]\C(\C=C2)=C(/C2=N/C(/C=C2)=C(\C2=CC=C1[N-]2)C1=[N+](CC)C=CN1CC)C1=[N+](CC)C=CN1CC)\C1=[N+](CC)C=CN1CC,XMYHQLIAYLLEKT-UHFFFAOYSA-I,c1cc2[nH]c1c1ccc([nH]1)c(-c1ccccc1)c1ccc([nH]1)c(-c1ccccc1)c1ccc(n1)c2-c1ccccc1,ZINC15 : ZINC000100426525,espsim_shape,0.20754716981132076,zinc15
[Cl-].[Cl-].[Cl-].[Cl-].[Cl-].[Mn+3].CCN1C=C[N+](CC)=C1\C1=C2/C=CC(=N2)\C(=C2/[N-]\C(\C=C2)=C(/C2=N/C(/C=C2)=C(\C2=CC=C1[N-]2)C1=[N+](CC)C=CN1CC)C1=[N+](CC)C=CN1CC)\C1=[N+](CC)C=CN1CC,XMYHQLIAYLLEKT-UHFFFAOYSA-I,Clc1cccc(Cl)c1-c1c2ccc(n2)c(-c2c(Cl)cccc2Cl)c2ccc([nH]2)c(-c2c(Cl)cccc2Cl)c2ccc(n2)c(-c2c(Cl)cccc2Cl)c2ccc1[nH]2,ZINC15 : ZINC000150338955,espsim_shape,0.2037037037037037,zinc15
[Cl-].[Cl-].[Cl-].[Cl-].[Cl-].[Mn+3].CCN1C=C[N+](CC)=C1\C1=C2/C=CC(=N2)\C(=C2/[N-]\C(\C=C2)=C(/C2=N/C(/C=C2)=C(\C2=CC=C1[N-]2)C1=[N+](CC)C=CN1CC)C1=[N+](CC)C=CN1CC)\C1=[N+](CC)C=CN1CC,XMYHQLIAYLLEKT-UHFFFAOYSA-I,c1cc2nc1c1ccc([nH]1)c(-c1ccccc1)c1ccc([nH]1)c(-c1ccccc1)c1ccc([nH]1)c2-c1ccccc1,ZINC15 : ZINC000100426525,espsim_shape,0.2037037037037037,zinc15
[Cl-].[Cl-].[Cl-].[Cl-].[Cl-].[Mn+3].CCN1C=C[N+](CC)=C1\C1=C2/C=CC(=N2)\C(=C2/[N-]\C(\C=C2)=C(/C2=N/C(/C=C2)=C(\C2=CC=C1[N-]2)C1=[N+](CC)C=CN1CC)C1=[N+](CC)C=CN1CC)\C1=[N+](CC)C=CN1CC,XMYHQLIAYLLEKT-UHFFFAOYSA-I,Fc1c(F)c(F)c(-c2c3ccc(n3)c(-c3c(F)c(F)c(F)c(F)c3F)c3ccc([nH]3)c(-c3c(F)c(F)c(F)c(F)c3F)c3ccc([nH]3)c3ccc2[nH]3)c(F)c1F,ZINC15 : ZINC000150339360,espsim_shape,0.2037037037037037,zinc15
[Cl-].[Cl-].[Cl-].[Cl-].[Cl-].[Mn+3].CCN1C=C[N+](CC)=C1\C1=C2/C=CC(=N2)\C(=C2/[N-]\C(\C=C2)=C(/C2=N/C(/C=C2)=C(\C2=CC=C1[N-]2)C1=[N+](CC)C=CN1CC)C1=[N+](CC)C=CN1CC)\C1=[N+](CC)C=CN1CC,XMYHQLIAYLLEKT-UHFFFAOYSA-I,Fc1ccc(-c2c3ccc(n3)c(-c3ccc(F)cc3)c3ccc([nH]3)c(-c3ccc(F)cc3)c3ccc(n3)c(-c3ccc(F)cc3)c3ccc2[nH]3)cc1,ZINC15 : ZINC000150350112,espsim_shape,0.2037037037037037,zinc15
[Cl-].[Cl-].[Cl-].[Cl-].[Cl-].[Mn+3].CCN1C=C[N+](CC)=C1\C1=C2/C=CC(=N2)\C(=C2/[N-]\C(\C=C2)=C(/C2=N/C(/C=C2)=C(\C2=CC=C1[N-]2)C1=[N+](CC)C=CN1CC)C1=[N+](CC)C=CN1CC)\C1=[N+](CC)C=CN1CC,XMYHQLIAYLLEKT-UHFFFAOYSA-I,c1csc(-c2c3ccc(n3)c(-c3cccs3)c3ccc([nH]3)c(-c3cccs3)c3ccc(n3)c(-c3cccs3)c3ccc2[nH]3)c1,ZINC15 : ZINC000150350105,espsim_shape,0.19642857142857142,zinc15
[Cl-].[Cl-].[Cl-].[Cl-].[Cl-].[Mn+3].CCN1C=C[N+](CC)=C1\C1=C2/C=CC(=N2)\C(=C2/[N-]\C(\C=C2)=C(/C2=N/C(/C=C2)=C(\C2=CC=C1[N-]2)C1=[N+](CC)C=CN1CC)C1=[N+](CC)C=CN1CC)\C1=[N+](CC)C=CN1CC,XMYHQLIAYLLEKT-UHFFFAOYSA-I,Clc1cccc(Cl)c1-c1c2ccc(n2)c(-c2c(Cl)cccc2Cl)c2ccc([nH]2)c(-c2c(Cl)cccc2Cl)c2ccc([nH]2)c(-c2c(Cl)cccc2Cl)c2ccc1n2,ZINC15 : ZINC000150338955,espsim_shape,0.19642857142857142,zinc15
[Cl-].[Cl-].[Cl-].[Cl-].[Cl-].[Mn+3].CCN1C=C[N+](CC)=C1\C1=C2/C=CC(=N2)\C(=C2/[N-]\C(\C=C2)=C(/C2=N/C(/C=C2)=C(\C2=CC=C1[N-]2)C1=[N+](CC)C=CN1CC)C1=[N+](CC)C=CN1CC)\C1=[N+](CC)C=CN1CC,XMYHQLIAYLLEKT-UHFFFAOYSA-I,O=C([O-])c1ccc(-c2c3ccc(n3)c(-c3ccccc3)c3ccc([nH]3)c(-c3ccccc3)c3ccc(n3)c(-c3ccccc3)c3ccc2[nH]3)cc1,ZINC15 : ZINC000095582016,espsim_shape,0.1935483870967742,zinc15
[Cl-].[Cl-].[Cl-].[Cl-].[Cl-].[Mn+3].CCN1C=C[N+](CC)=C1\C1=C2/C=CC(=N2)\C(=C2/[N-]\C(\C=C2)=C(/C2=N/C(/C=C2)=C(\C2=CC=C1[N-]2)C1=[N+](CC)C=CN1CC)C1=[N+](CC)C=CN1CC)\C1=[N+](CC)C=CN1CC,XMYHQLIAYLLEKT-UHFFFAOYSA-I,Brc1c2ccc(n2)c(-c2ccccc2)c2ccc([nH]2)c(-c2ccccc2)c2ccc([nH]2)c(-c2ccccc2)c2ccc1n2,ZINC15 : ZINC000100041487,espsim_shape,0.19298245614035087,zinc15
[Cl-].[Cl-].[Cl-].[Cl-].[Cl-].[Mn+3].CCN1C=C[N+](CC)=C1\C1=C2/C=CC(=N2)\C(=C2/[N-]\C(\C=C2)=C(/C2=N/C(/C=C2)=C(\C2=CC=C1[N-]2)C1=[N+](CC)C=CN1CC)C1=[N+](CC)C=CN1CC)\C1=[N+](CC)C=CN1CC,XMYHQLIAYLLEKT-UHFFFAOYSA-I,O=C([O-])c1ccc(-c2c3ccc([nH]3)c(-c3ccccc3)c3ccc(n3)c(-c3ccccc3)c3ccc(n3)c(-c3ccccc3)c3ccc2[nH]3)cc1,ZINC15 : ZINC000095582016,espsim_shape,0.19047619047619047,zinc15
[Cl-].[Cl-].[Cl-].[Cl-].[Cl-].[Mn+3].CCN1C=C[N+](CC)=C1\C1=C2/C=CC(=N2)\C(=C2/[N-]\C(\C=C2)=C(/C2=N/C(/C=C2)=C(\C2=CC=C1[N-]2)C1=[N+](CC)C=CN1CC)C1=[N+](CC)C=CN1CC)\C1=[N+](CC)C=CN1CC,XMYHQLIAYLLEKT-UHFFFAOYSA-I,Oc1ccc(-c2c3ccc(n3)c(-c3ccccc3)c3ccc([nH]3)c(-c3ccccc3)c3ccc(n3)c(-c3ccccc3)c3ccc2[nH]3)cc1,ZINC15 : ZINC000049776381,espsim_shape,0.1896551724137931,zinc15
[Cl-].[Cl-].[Cl-].[Cl-].[Cl-].[Mn+3].CCN1C=C[N+](CC)=C1\C1=C2/C=CC(=N2)\C(=C2/[N-]\C(\C=C2)=C(/C2=N/C(/C=C2)=C(\C2=CC=C1[N-]2)C1=[N+](CC)C=CN1CC)C1=[N+](CC)C=CN1CC)\C1=[N+](CC)C=CN1CC,XMYHQLIAYLLEKT-UHFFFAOYSA-I,Brc1c2ccc(n2)c(-c2ccccc2)c2ccc([nH]2)c(-c2ccccc2)c2ccc(n2)c(-c2ccccc2)c2ccc1[nH]2,ZINC15 : ZINC000100041487,espsim_shape,0.1896551724137931,zinc15
[Cl-].[Cl-].[Cl-].[Cl-].[Cl-].[Mn+3].CCN1C=C[N+](CC)=C1\C1=C2/C=CC(=N2)\C(=C2/[N-]\C(\C=C2)=C(/C2=N/C(/C=C2)=C(\C2=CC=C1[N-]2)C1=[N+](CC)C=CN1CC)C1=[N+](CC)C=CN1CC)\C1=[N+](CC)C=CN1CC,XMYHQLIAYLLEKT-UHFFFAOYSA-I,Nc1ccc(-c2c3ccc(n3)c(-c3ccccc3)c3ccc([nH]3)c(-c3ccccc3)c3ccc(n3)c(-c3ccccc3)c3ccc2[nH]3)cc1,ZINC15 : ZINC000100425759,espsim_shape,0.1896551724137931,zinc15
[Cl-].[Cl-].[Cl-].[Cl-].[Cl-].[Mn+3].CCN1C=C[N+](CC)=C1\C1=C2/C=CC(=N2)\C(=C2/[N-]\C(\C=C2)=C(/C2=N/C(/C=C2)=C(\C2=CC=C1[N-]2)C1=[N+](CC)C=CN1CC)C1=[N+](CC)C=CN1CC)\C1=[N+](CC)C=CN1CC,XMYHQLIAYLLEKT-UHFFFAOYSA-I,c1csc(-c2c3ccc(n3)c(-c3cccs3)c3ccc([nH]3)c(-c3cccs3)c3ccc([nH]3)c(-c3cccs3)c3ccc2n3)c1,ZINC15 : ZINC000150350105,espsim_shape,0.1896551724137931,zinc15
[Cl-].[Cl-].[Cl-].[Cl-].[Cl-].[Mn+3].CCN1C=C[N+](CC)=C1\C1=C2/C=CC(=N2)\C(=C2/[N-]\C(\C=C2)=C(/C2=N/C(/C=C2)=C(\C2=CC=C1[N-]2)C1=[N+](CC)C=CN1CC)C1=[N+](CC)C=CN1CC)\C1=[N+](CC)C=CN1CC,XMYHQLIAYLLEKT-UHFFFAOYSA-I,Brc1c2ccc(n2)c(-c2ccccc2)c2ccc(n2)c(Br)c2ccc([nH]2)c(-c2ccccc2)c2ccc1[nH]2,ZINC15 : ZINC000096914191,espsim_shape,0.1896551724137931,zinc15
[Cl-].[Cl-].[Cl-].[Cl-].[Cl-].[Mn+3].CCN1C=C[N+](CC)=C1\C1=C2/C=CC(=N2)\C(=C2/[N-]\C(\C=C2)=C(/C2=N/C(/C=C2)=C(\C2=CC=C1[N-]2)C1=[N+](CC)C=CN1CC)C1=[N+](CC)C=CN1CC)\C1=[N+](CC)C=CN1CC,XMYHQLIAYLLEKT-UHFFFAOYSA-I,Brc1c2ccc(n2)c(-c2ccccc2)c2ccc([nH]2)c(Br)c2ccc(n2)c(-c2ccccc2)c2ccc1[nH]2,ZINC15 : ZINC000096914191,espsim_shape,0.1896551724137931,zinc15
[Cl-].[Cl-].[Cl-].[Cl-].[Cl-].[Mn+3].CCN1C=C[N+](CC)=C1\C1=C2/C=CC(=N2)\C(=C2/[N-]\C(\C=C2)=C(/C2=N/C(/C=C2)=C(\C2=CC=C1[N-]2)C1=[N+](CC)C=CN1CC)C1=[N+](CC)C=CN1CC)\C1=[N+](CC)C=CN1CC,XMYHQLIAYLLEKT-UHFFFAOYSA-I,Oc1ccc(-c2c3ccc([nH]3)c(-c3ccccc3)c3ccc(n3)c(-c3ccccc3)c3ccc(n3)c(-c3ccccc3)c3ccc2[nH]3)cc1,ZINC15 : ZINC000049776381,espsim_shape,0.1864406779661017,zinc15
[Cl-].[Cl-].[Cl-].[Cl-].[Cl-].[Mn+3].CCN1C=C[N+](CC)=C1\C1=C2/C=CC(=N2)\C(=C2/[N-]\C(\C=C2)=C(/C2=N/C(/C=C2)=C(\C2=CC=C1[N-]2)C1=[N+](CC)C=CN1CC)C1=[N+](CC)C=CN1CC)\C1=[N+](CC)C=CN1CC,XMYHQLIAYLLEKT-UHFFFAOYSA-I,Nc1ccc(-c2c3ccc([nH]3)c(-c3ccccc3)c3ccc(n3)c(-c3ccccc3)c3ccc(n3)c(-c3ccccc3)c3ccc2[nH]3)cc1,ZINC15 : ZINC000100425759,espsim_shape,0.1864406779661017,zinc15
[Cl-].[Cl-].[Cl-].[Cl-].[Cl-].[Mn+3].CCN1C=C[N+](CC)=C1\C1=C2/C=CC(=N2)\C(=C2/[N-]\C(\C=C2)=C(/C2=N/C(/C=C2)=C(\C2=CC=C1[N-]2)C1=[N+](CC)C=CN1CC)C1=[N+](CC)C=CN1CC)\C1=[N+](CC)C=CN1CC,XMYHQLIAYLLEKT-UHFFFAOYSA-I,CC(=O)Sc1ccc(-c2c3ccc(n3)c(-c3ccccc3)c3ccc([nH]3)c(-c3ccccc3)c3ccc(n3)c(-c3ccccc3)c3ccc2[nH]3)cc1,ZINC15 : ZINC000150339596,espsim_shape,0.18461538461538463,zinc15
[Cl-].[Cl-].[Cl-].[Cl-].[Cl-].[Mn+3].CCN1C=C[N+](CC)=C1\C1=C2/C=CC(=N2)\C(=C2/[N-]\C(\C=C2)=C(/C2=N/C(/C=C2)=C(\C2=CC=C1[N-]2)C1=[N+](CC)C=CN1CC)C1=[N+](CC)C=CN1CC)\C1=[N+](CC)C=CN1CC,XMYHQLIAYLLEKT-UHFFFAOYSA-I,CC(=O)Sc1ccc(-c2c3ccc([nH]3)c(-c3ccccc3)c3ccc(n3)c(-c3ccccc3)c3ccc(n3)c(-c3ccccc3)c3ccc2[nH]3)cc1,ZINC15 : ZINC000150339596,espsim_shape,0.18181818181818182,zinc15
[Cl-].[Cl-].[Cl-].[Cl-].[Cl-].[Mn+3].CCN1C=C[N+](CC)=C1\C1=C2/C=CC(=N2)\C(=C2/[N-]\C(\C=C2)=C(/C2=N/C(/C=C2)=C(\C2=CC=C1[N-]2)C1=[N+](CC)C=CN1CC)C1=[N+](CC)C=CN1CC)\C1=[N+](CC)C=CN1CC,XMYHQLIAYLLEKT-UHFFFAOYSA-I,O=Cc1ccc(-c2c3ccc(n3)c(-c3ccccc3)c3ccc([nH]3)c(-c3ccccc3)c3ccc(n3)c(-c3ccccc3)c3ccc2[nH]3)cc1,ZINC15 : ZINC000150342497,espsim_shape,0.18032786885245902,zinc15
[Cl-].[Cl-].[Cl-].[Cl-].[Cl-].[Mn+3].CCN1C=C[N+](CC)=C1\C1=C2/C=CC(=N2)\C(=C2/[N-]\C(\C=C2)=C(/C2=N/C(/C=C2)=C(\C2=CC=C1[N-]2)C1=[N+](CC)C=CN1CC)C1=[N+](CC)C=CN1CC)\C1=[N+](CC)C=CN1CC,XMYHQLIAYLLEKT-UHFFFAOYSA-I,O=S(=O)([O-])c1ccc(-c2c3ccc(n3)c(-c3ccccc3)c3ccc([nH]3)c(-c3ccccc3)c3ccc(n3)c(-c3ccc(S(=O)(=O)[O-])cc3)c3ccc2[nH]3)cc1,ZINC15 : ZINC000150339058,espsim_shape,0.1774193548387097,zinc15
[Cl-].[Cl-].[Cl-].[Cl-].[Cl-].[Mn+3].CCN1C=C[N+](CC)=C1\C1=C2/C=CC(=N2)\C(=C2/[N-]\C(\C=C2)=C(/C2=N/C(/C=C2)=C(\C2=CC=C1[N-]2)C1=[N+](CC)C=CN1CC)C1=[N+](CC)C=CN1CC)\C1=[N+](CC)C=CN1CC,XMYHQLIAYLLEKT-UHFFFAOYSA-I,O=Cc1ccc(-c2c3ccc([nH]3)c(-c3ccccc3)c3ccc(n3)c(-c3ccccc3)c3ccc(n3)c(-c3ccccc3)c3ccc2[nH]3)cc1,ZINC15 : ZINC000150342497,espsim_shape,0.1774193548387097,zinc15
[Cl-].[Cl-].[Cl-].[Cl-].[Cl-].[Mn+3].CCN1C=C[N+](CC)=C1\C1=C2/C=CC(=N2)\C(=C2/[N-]\C(\C=C2)=C(/C2=N/C(/C=C2)=C(\C2=CC=C1[N-]2)C1=[N+](CC)C=CN1CC)C1=[N+](CC)C=CN1CC)\C1=[N+](CC)C=CN1CC,XMYHQLIAYLLEKT-UHFFFAOYSA-I,O=S(=O)([O-])c1ccc(-c2c3ccc(n3)c(-c3ccccc3)c3ccc(n3)c(-c3ccccc3)c3ccc([nH]3)c(-c3ccc(S(=O)(=O)[O-])cc3)c3ccc2[nH]3)cc1,ZINC15 : ZINC000150339058,espsim_shape,0.1746031746031746,zinc15
[Cl-].[Cl-].[Cl-].[Cl-].[Cl-].[Mn+3].CCN1C=C[N+](CC)=C1\C1=C2/C=CC(=N2)\C(=C2/[N-]\C(\C=C2)=C(/C2=N/C(/C=C2)=C(\C2=CC=C1[N-]2)C1=[N+](CC)C=CN1CC)C1=[N+](CC)C=CN1CC)\C1=[N+](CC)C=CN1CC,XMYHQLIAYLLEKT-UHFFFAOYSA-I,O=Cc1ccccc1-c1c2ccc(n2)c(-c2ccccc2)c2ccc([nH]2)c(-c2ccccc2)c2ccc(n2)c(-c2ccccc2)c2ccc1[nH]2,ZINC15 : ZINC000150342516,espsim_shape,0.171875,zinc15
[Cl-].[Cl-].[Cl-].[Cl-].[Cl-].[Mn+3].CCN1C=C[N+](CC)=C1\C1=C2/C=CC(=N2)\C(=C2/[N-]\C(\C=C2)=C(/C2=N/C(/C=C2)=C(\C2=CC=C1[N-]2)C1=[N+](CC)C=CN1CC)C1=[N+](CC)C=CN1CC)\C1=[N+](CC)C=CN1CC,XMYHQLIAYLLEKT-UHFFFAOYSA-I,O=Cc1cccc(-c2c3ccc(n3)c(-c3ccccc3)c3ccc([nH]3)c(-c3ccccc3)c3ccc(n3)c(-c3ccccc3)c3ccc2[nH]3)c1,ZINC15 : ZINC000150342507,espsim_shape,0.171875,zinc15
[Cl-].[Cl-].[Cl-].[Cl-].[Cl-].[Mn+3].CCN1C=C[N+](CC)=C1\C1=C2/C=CC(=N2)\C(=C2/[N-]\C(\C=C2)=C(/C2=N/C(/C=C2)=C(\C2=CC=C1[N-]2)C1=[N+](CC)C=CN1CC)C1=[N+](CC)C=CN1CC)\C1=[N+](CC)C=CN1CC,XMYHQLIAYLLEKT-UHFFFAOYSA-I,Cc1ccc(-[n+]2c(Cc3nn(-c4ccccc4)c(-c4ccccc4)[n+]3-c3ccc(C)cc3)nn(-c3ccccc3)c2-c2ccccc2)cc1,ZINC15 : ZINC000004551913,espsim_shape,0.171875,zinc15
[Cl-].[Cl-].[Cl-].[Cl-].[Cl-].[Mn+3].CCN1C=C[N+](CC)=C1\C1=C2/C=CC(=N2)\C(=C2/[N-]\C(\C=C2)=C(/C2=N/C(/C=C2)=C(\C2=CC=C1[N-]2)C1=[N+](CC)C=CN1CC)C1=[N+](CC)C=CN1CC)\C1=[N+](CC)C=CN1CC,XMYHQLIAYLLEKT-UHFFFAOYSA-I,O=Cc1ccccc1-c1c2ccc([nH]2)c(-c2ccccc2)c2ccc(n2)c(-c2ccccc2)c2ccc(n2)c(-c2ccccc2)c2ccc1[nH]2,ZINC15 : ZINC000150342516,espsim_shape,0.16923076923076924,zinc15
[Cl-].[Cl-].[Cl-].[Cl-].[Cl-].[Mn+3].CCN1C=C[N+](CC)=C1\C1=C2/C=CC(=N2)\C(=C2/[N-]\C(\C=C2)=C(/C2=N/C(/C=C2)=C(\C2=CC=C1[N-]2)C1=[N+](CC)C=CN1CC)C1=[N+](CC)C=CN1CC)\C1=[N+](CC)C=CN1CC,XMYHQLIAYLLEKT-UHFFFAOYSA-I,O=Cc1cccc(-c2c3ccc([nH]3)c(-c3ccccc3)c3ccc(n3)c(-c3ccccc3)c3ccc(n3)c(-c3ccccc3)c3ccc2[nH]3)c1,ZINC15 : ZINC000150342507,espsim_shape,0.16923076923076924,zinc15
[Cl-].[Cl-].[Cl-].[Cl-].[Cl-].[Mn+3].CCN1C=C[N+](CC)=C1\C1=C2/C=CC(=N2)\C(=C2/[N-]\C(\C=C2)=C(/C2=N/C(/C=C2)=C(\C2=CC=C1[N-]2)C1=[N+](CC)C=CN1CC)C1=[N+](CC)C=CN1CC)\C1=[N+](CC)C=CN1CC,XMYHQLIAYLLEKT-UHFFFAOYSA-I,CCN1C=C(NC(=O)CC2=C(C)N=C3C=CC=CC3=C2C2=CC=CC=C2)C=CC1=O,ENAMINE-REAL : Z758248588,espsim_shape,0.16883116883116883,enamine-real
[Cl-].[Cl-].[Cl-].[Cl-].[Cl-].[Mn+3].CCN1C=C[N+](CC)=C1\C1=C2/C=CC(=N2)\C(=C2/[N-]\C(\C=C2)=C(/C2=N/C(/C=C2)=C(\C2=CC=C1[N-]2)C1=[N+](CC)C=CN1CC)C1=[N+](CC)C=CN1CC)\C1=[N+](CC)C=CN1CC,XMYHQLIAYLLEKT-UHFFFAOYSA-I,O=Cc1cc2nc1c(-c1ccccc1)c1ccc(n1)c(-c1ccccc1)c1ccc([nH]1)c(-c1ccccc1)c1ccc([nH]1)c2-c1ccccc1,ZINC15 : ZINC000097997023,espsim_shape,0.16666666666666666,zinc15
[Cl-].[Cl-].[Cl-].[Cl-].[Cl-].[Mn+3].CCN1C=C[N+](CC)=C1\C1=C2/C=CC(=N2)\C(=C2/[N-]\C(\C=C2)=C(/C2=N/C(/C=C2)=C(\C2=CC=C1[N-]2)C1=[N+](CC)C=CN1CC)C1=[N+](CC)C=CN1CC)\C1=[N+](CC)C=CN1CC,XMYHQLIAYLLEKT-UHFFFAOYSA-I,O=C([O-])C=Cc1cc2nc1c(-c1ccccc1)c1ccc(n1)c(-c1ccccc1)c1ccc([nH]1)c(-c1ccccc1)c1ccc([nH]1)c2-c1ccccc1,ZINC15 : ZINC000150482539,espsim_shape,0.16666666666666666,zinc15
[Cl-].[Cl-].[Cl-].[Cl-].[Cl-].[Mn+3].CCN1C=C[N+](CC)=C1\C1=C2/C=CC(=N2)\C(=C2/[N-]\C(\C=C2)=C(/C2=N/C(/C=C2)=C(\C2=CC=C1[N-]2)C1=[N+](CC)C=CN1CC)C1=[N+](CC)C=CN1CC)\C1=[N+](CC)C=CN1CC,XMYHQLIAYLLEKT-UHFFFAOYSA-I,O=Cc1cc2nc1c(-c1ccccc1)c1ccc([nH]1)c(-c1ccccc1)c1ccc(n1)c(-c1ccccc1)c1ccc([nH]1)c2-c1ccccc1,ZINC15 : ZINC000097997023,espsim_shape,0.16666666666666666,zinc15
[Cl-].[Cl-].[Cl-].[Cl-].[Cl-].[Mn+3].CCN1C=C[N+](CC)=C1\C1=C2/C=CC(=N2)\C(=C2/[N-]\C(\C=C2)=C(/C2=N/C(/C=C2)=C(\C2=CC=C1[N-]2)C1=[N+](CC)C=CN1CC)C1=[N+](CC)C=CN1CC)\C1=[N+](CC)C=CN1CC,XMYHQLIAYLLEKT-UHFFFAOYSA-I,O=Cc1cc2nc1c(-c1ccccc1)c1ccc([nH]1)c(-c1ccccc1)c1ccc([nH]1)c(-c1ccccc1)c1ccc(n1)c2-c1ccccc1,ZINC15 : ZINC000097997023,espsim_shape,0.16417910447761194,zinc15
[Cl-].[Cl-].[Cl-].[Cl-].[Cl-].[Mn+3].CCN1C=C[N+](CC)=C1\C1=C2/C=CC(=N2)\C(=C2/[N-]\C(\C=C2)=C(/C2=N/C(/C=C2)=C(\C2=CC=C1[N-]2)C1=[N+](CC)C=CN1CC)C1=[N+](CC)C=CN1CC)\C1=[N+](CC)C=CN1CC,XMYHQLIAYLLEKT-UHFFFAOYSA-I,CCn1cc(C(c2c(=O)[nH][n-]c2-c2ccc(C)cc2)c2c(=O)[nH][n-]c2-c2ccc(C)cc2)c2ccccc21,ZINC15 : ZINC000409371454,espsim_shape,0.16216216216216217,zinc15
[Cl-].[Cl-].[Cl-].[Cl-].[Cl-].[Mn+3].CCN1C=C[N+](CC)=C1\C1=C2/C=CC(=N2)\C(=C2/[N-]\C(\C=C2)=C(/C2=N/C(/C=C2)=C(\C2=CC=C1[N-]2)C1=[N+](CC)C=CN1CC)C1=[N+](CC)C=CN1CC)\C1=[N+](CC)C=CN1CC,XMYHQLIAYLLEKT-UHFFFAOYSA-I,CCN(C(=O)C1=CN(CCOC)C(=O)C=C1)C(C1=CC=C(C)C=C1)C1=CC=CN=C1,ENAMINE-REAL : Z1188806032,espsim_shape,0.14285714285714285,enamine-real
[Cl-].[Cl-].[Cl-].[Cl-].[Cl-].[Mn+3].CCN1C=C[N+](CC)=C1\C1=C2/C=CC(=N2)\C(=C2/[N-]\C(\C=C2)=C(/C2=N/C(/C=C2)=C(\C2=CC=C1[N-]2)C1=[N+](CC)C=CN1CC)C1=[N+](CC)C=CN1CC)\C1=[N+](CC)C=CN1CC,XMYHQLIAYLLEKT-UHFFFAOYSA-I,Cc1nccn1C[C@@H](O)Cn1c2c(cc(C)cc2C)c(-c2ccccc2)c1-c1ccccc1,ZINC15 : ZINC000028296653,espsim_shape,0.14102564102564102,zinc15
[Cl-].[Cl-].[Cl-].[Cl-].[Cl-].[Mn+3].CCN1C=C[N+](CC)=C1\C1=C2/C=CC(=N2)\C(=C2/[N-]\C(\C=C2)=C(/C2=N/C(/C=C2)=C(\C2=CC=C1[N-]2)C1=[N+](CC)C=CN1CC)C1=[N+](CC)C=CN1CC)\C1=[N+](CC)C=CN1CC,XMYHQLIAYLLEKT-UHFFFAOYSA-I,CCc1cccc(CC)c1-n1ccnc1S(=O)(=O)Cc1ccn(C(C)C)n1,ZINC15 : ZINC000604923055,espsim_shape,0.136986301369863,zinc15
[Cl-].[Cl-].[Cl-].[Cl-].[Cl-].[Mn+3].CCN1C=C[N+](CC)=C1\C1=C2/C=CC(=N2)\C(=C2/[N-]\C(\C=C2)=C(/C2=N/C(/C=C2)=C(\C2=CC=C1[N-]2)C1=[N+](CC)C=CN1CC)C1=[N+](CC)C=CN1CC)\C1=[N+](CC)C=CN1CC,XMYHQLIAYLLEKT-UHFFFAOYSA-I,CCc1c(C(=O)OC)c(C(=O)OC)c(-c2ccc(C)cc2)n1CCn1c(CC)c(C(=O)OC)c(C(=O)OC)c1-c1ccc(C)cc1,ZINC15 : ZINC000005760433,espsim_shape,0.13636363636363635,zinc15
[Cl-].[Cl-].[Cl-].[Cl-].[Cl-].[Mn+3].CCN1C=C[N+](CC)=C1\C1=C2/C=CC(=N2)\C(=C2/[N-]\C(\C=C2)=C(/C2=N/C(/C=C2)=C(\C2=CC=C1[N-]2)C1=[N+](CC)C=CN1CC)C1=[N+](CC)C=CN1CC)\C1=[N+](CC)C=CN1CC,XMYHQLIAYLLEKT-UHFFFAOYSA-I,CCc1cccc(CC)c1-n1ccnc1S[C@@H](C)c1nc(-c2nc[nH]n2)no1,ZINC15 : ZINC000122540864,espsim_shape,0.13580246913580246,zinc15
[Cl-].[Cl-].[Cl-].[Cl-].[Cl-].[Mn+3].CCN1C=C[N+](CC)=C1\C1=C2/C=CC(=N2)\C(=C2/[N-]\C(\C=C2)=C(/C2=N/C(/C=C2)=C(\C2=CC=C1[N-]2)C1=[N+](CC)C=CN1CC)C1=[N+](CC)C=CN1CC)\C1=[N+](CC)C=CN1CC,XMYHQLIAYLLEKT-UHFFFAOYSA-I,CCc1cccc(CC)c1-n1c(SCCN2CCOCC2)nnc1-c1cccnc1,ZINC15 : ZINC000060759897,espsim_shape,0.13580246913580246,zinc15
[Cl-].[Cl-].[Cl-].[Cl-].[Cl-].[Mn+3].CCN1C=C[N+](CC)=C1\C1=C2/C=CC(=N2)\C(=C2/[N-]\C(\C=C2)=C(/C2=N/C(/C=C2)=C(\C2=CC=C1[N-]2)C1=[N+](CC)C=CN1CC)C1=[N+](CC)C=CN1CC)\C1=[N+](CC)C=CN1CC,XMYHQLIAYLLEKT-UHFFFAOYSA-I,CCc1cccc(CC)c1-n1ccnc1S[C@H](C)c1nc(-c2nc[nH]n2)no1,ZINC15 : ZINC000122541114,espsim_shape,0.13580246913580246,zinc15
[Cl-].[Cl-].[Cl-].[Cl-].[Cl-].[Mn+3].CCN1C=C[N+](CC)=C1\C1=C2/C=CC(=N2)\C(=C2/[N-]\C(\C=C2)=C(/C2=N/C(/C=C2)=C(\C2=CC=C1[N-]2)C1=[N+](CC)C=CN1CC)C1=[N+](CC)C=CN1CC)\C1=[N+](CC)C=CN1CC,XMYHQLIAYLLEKT-UHFFFAOYSA-I,Cc1nn(-c2ccccc2)c2nc3c(c(C)nn3-c3ccccc3)c(-c3ccc(N(C)C)cc3)c12,ZINC15 : ZINC000016266063,espsim_shape,0.13432835820895522,zinc15
[Cl-].[Cl-].[Cl-].[Cl-].[Cl-].[Mn+3].CCN1C=C[N+](CC)=C1\C1=C2/C=CC(=N2)\C(=C2/[N-]\C(\C=C2)=C(/C2=N/C(/C=C2)=C(\C2=CC=C1[N-]2)C1=[N+](CC)C=CN1CC)C1=[N+](CC)C=CN1CC)\C1=[N+](CC)C=CN1CC,XMYHQLIAYLLEKT-UHFFFAOYSA-I,CCc1cccc(CC)c1-n1c(SCC(=O)c2ccc(C#N)cc2)nnc1-c1cccnc1,ZINC15 : ZINC000003222409,espsim_shape,0.13253012048192772,zinc15
[Cl-].[Cl-].[Cl-].[Cl-].[Cl-].[Mn+3].CCN1C=C[N+](CC)=C1\C1=C2/C=CC(=N2)\C(=C2/[N-]\C(\C=C2)=C(/C2=N/C(/C=C2)=C(\C2=CC=C1[N-]2)C1=[N+](CC)C=CN1CC)C1=[N+](CC)C=CN1CC)\C1=[N+](CC)C=CN1CC,XMYHQLIAYLLEKT-UHFFFAOYSA-I,CCN(CC)c1ccc(C(c2c(=O)n(-c3nc4ccccc4s3)[n-]c2C(F)(F)F)c2c(=O)n(-c3nc4ccccc4s3)[n-]c2C(F)(F)F)cc1,ZINC15 : ZINC000150390349,espsim_shape,0.13253012048192772,zinc15
[Cl-].[Cl-].[Cl-].[Cl-].[Cl-].[Mn+3].CCN1C=C[N+](CC)=C1\C1=C2/C=CC(=N2)\C(=C2/[N-]\C(\C=C2)=C(/C2=N/C(/C=C2)=C(\C2=CC=C1[N-]2)C1=[N+](CC)C=CN1CC)C1=[N+](CC)C=CN1CC)\C1=[N+](CC)C=CN1CC,XMYHQLIAYLLEKT-UHFFFAOYSA-I,CCC(=O)N1c2ccccc2-c2c(=O)[n-]c(SC)n[n+]2[C@@H]1c1c(Cl)cccc1Cl,ZINC15 : ZINC000261363983,espsim_shape,0.13253012048192772,zinc15
[Cl-].[Cl-].[Cl-].[Cl-].[Cl-].[Mn+3].CCN1C=C[N+](CC)=C1\C1=C2/C=CC(=N2)\C(=C2/[N-]\C(\C=C2)=C(/C2=N/C(/C=C2)=C(\C2=CC=C1[N-]2)C1=[N+](CC)C=CN1CC)C1=[N+](CC)C=CN1CC)\C1=[N+](CC)C=CN1CC,XMYHQLIAYLLEKT-UHFFFAOYSA-I,CCC(=O)N1c2ccccc2-c2c(=O)[n-]c(SC)n[n+]2[C@H]1c1c(Cl)cccc1Cl,ZINC15 : ZINC000261363982,espsim_shape,0.13253012048192772,zinc15
[Cl-].[Cl-].[Cl-].[Cl-].[Cl-].[Mn+3].CCN1C=C[N+](CC)=C1\C1=C2/C=CC(=N2)\C(=C2/[N-]\C(\C=C2)=C(/C2=N/C(/C=C2)=C(\C2=CC=C1[N-]2)C1=[N+](CC)C=CN1CC)C1=[N+](CC)C=CN1CC)\C1=[N+](CC)C=CN1CC,XMYHQLIAYLLEKT-UHFFFAOYSA-I,CCN(CC)S(=O)(=O)C1=CC=C(C=CC(=O)NC2=CC=C(N3C=CC(C(N)=O)=N3)C=C2)C=C1,ENAMINE-REAL : Z1020880642,espsim_shape,0.13253012048192772,enamine-real
[Cl-].[Cl-].[Cl-].[Cl-].[Cl-].[Mn+3].CCN1C=C[N+](CC)=C1\C1=C2/C=CC(=N2)\C(=C2/[N-]\C(\C=C2)=C(/C2=N/C(/C=C2)=C(\C2=CC=C1[N-]2)C1=[N+](CC)C=CN1CC)C1=[N+](CC)C=CN1CC)\C1=[N+](CC)C=CN1CC,XMYHQLIAYLLEKT-UHFFFAOYSA-I,CCN1c2ccc3ccccc3c2SC1=CC=Cc1sc(-c2ccccc2)c(-c2ccccc2)[n+]1CC,ZINC15 : ZINC000001950521,espsim_shape,0.13253012048192772,zinc15
[Cl-].[Cl-].[Cl-].[Cl-].[Cl-].[Mn+3].CCN1C=C[N+](CC)=C1\C1=C2/C=CC(=N2)\C(=C2/[N-]\C(\C=C2)=C(/C2=N/C(/C=C2)=C(\C2=CC=C1[N-]2)C1=[N+](CC)C=CN1CC)C1=[N+](CC)C=CN1CC)\C1=[N+](CC)C=CN1CC,XMYHQLIAYLLEKT-UHFFFAOYSA-I,CCN1N=CC=C1CN(CCO)C(=O)C=CC1=C(C)N(C2=CC=C(C)C=C2)C(C)=C1,ENAMINE-REAL : Z1953736814,espsim_shape,0.13095238095238096,enamine-real
[Cl-].[Cl-].[Cl-].[Cl-].[Cl-].[Mn+3].CCN1C=C[N+](CC)=C1\C1=C2/C=CC(=N2)\C(=C2/[N-]\C(\C=C2)=C(/C2=N/C(/C=C2)=C(\C2=CC=C1[N-]2)C1=[N+](CC)C=CN1CC)C1=[N+](CC)C=CN1CC)\C1=[N+](CC)C=CN1CC,XMYHQLIAYLLEKT-UHFFFAOYSA-I,CCOC(=O)c1c(-c2ccccc2)nc2c(c(=O)n(C)c(=O)n2C)c1-c1ccccc1[N+](=O)[O-],ZINC15 : ZINC000026503499,espsim_shape,0.12941176470588237,zinc15
[Cl-].[Cl-].[Cl-].[Cl-].[Cl-].[Mn+3].CCN1C=C[N+](CC)=C1\C1=C2/C=CC(=N2)\C(=C2/[N-]\C(\C=C2)=C(/C2=N/C(/C=C2)=C(\C2=CC=C1[N-]2)C1=[N+](CC)C=CN1CC)C1=[N+](CC)C=CN1CC)\C1=[N+](CC)C=CN1CC,XMYHQLIAYLLEKT-UHFFFAOYSA-I,CCN1C=C(C2CCCN2C(=O)NC(C)C2=NN(C3=CC=CC=C3)C=C2)C=N1,ENAMINE-REAL : Z5611340808,espsim_shape,0.12941176470588237,enamine-real
[Cl-].[Cl-].[Cl-].[Cl-].[Cl-].[Mn+3].CCN1C=C[N+](CC)=C1\C1=C2/C=CC(=N2)\C(=C2/[N-]\C(\C=C2)=C(/C2=N/C(/C=C2)=C(\C2=CC=C1[N-]2)C1=[N+](CC)C=CN1CC)C1=[N+](CC)C=CN1CC)\C1=[N+](CC)C=CN1CC,XMYHQLIAYLLEKT-UHFFFAOYSA-I,CSc1nnc(-c2ccccc2N=Cc2c(C)[n-]n(-c3ccc4ccccc4c3)c2=O)c(=O)[n-]1,ZINC15 : ZINC000101013432,espsim_shape,0.12941176470588237,zinc15
[Cl-].[Cl-].[Cl-].[Cl-].[Cl-].[Mn+3].CCN1C=C[N+](CC)=C1\C1=C2/C=CC(=N2)\C(=C2/[N-]\C(\C=C2)=C(/C2=N/C(/C=C2)=C(\C2=CC=C1[N-]2)C1=[N+](CC)C=CN1CC)C1=[N+](CC)C=CN1CC)\C1=[N+](CC)C=CN1CC,XMYHQLIAYLLEKT-UHFFFAOYSA-I,Cc1cccc(C)c1-n1c2nc(SCc3ccncc3)n(-c3c(C)cccc3C)c(=O)c2sc1=S,ZINC15 : ZINC000009775509,espsim_shape,0.1282051282051282,zinc15
[Cl-].[Cl-].[Cl-].[Cl-].[Cl-].[Mn+3].CCN1C=C[N+](CC)=C1\C1=C2/C=CC(=N2)\C(=C2/[N-]\C(\C=C2)=C(/C2=N/C(/C=C2)=C(\C2=CC=C1[N-]2)C1=[N+](CC)C=CN1CC)C1=[N+](CC)C=CN1CC)\C1=[N+](CC)C=CN1CC,XMYHQLIAYLLEKT-UHFFFAOYSA-I,CCc1cccc(CC)c1-n1c(SCCC(N)=O)nnc1-c1cccnc1,ZINC15 : ZINC000007033393,espsim_shape,0.1282051282051282,zinc15
[Cl-].[Cl-].[Cl-].[Cl-].[Cl-].[Mn+3].CCN1C=C[N+](CC)=C1\C1=C2/C=CC(=N2)\C(=C2/[N-]\C(\C=C2)=C(/C2=N/C(/C=C2)=C(\C2=CC=C1[N-]2)C1=[N+](CC)C=CN1CC)C1=[N+](CC)C=CN1CC)\C1=[N+](CC)C=CN1CC,XMYHQLIAYLLEKT-UHFFFAOYSA-I,CCN(C(=O)C1=CN(CCOC)C(=O)C=C1)C(C1=CC=C(Cl)C=C1)C1=CC=CN=C1,ENAMINE-REAL : Z1188811623,espsim_shape,0.12790697674418605,enamine-real
[Cl-].[Cl-].[Cl-].[Cl-].[Cl-].[Mn+3].CCN1C=C[N+](CC)=C1\C1=C2/C=CC(=N2)\C(=C2/[N-]\C(\C=C2)=C(/C2=N/C(/C=C2)=C(\C2=CC=C1[N-]2)C1=[N+](CC)C=CN1CC)C1=[N+](CC)C=CN1CC)\C1=[N+](CC)C=CN1CC,XMYHQLIAYLLEKT-UHFFFAOYSA-I,CCc1cccc(CC)c1-n1c(SCC(=O)N(CC)CC)nnc1-c1cccnc1,ZINC15 : ZINC000003428277,espsim_shape,0.12658227848101267,zinc15
[Cl-].[Cl-].[Cl-].[Cl-].[Cl-].[Mn+3].CCN1C=C[N+](CC)=C1\C1=C2/C=CC(=N2)\C(=C2/[N-]\C(\C=C2)=C(/C2=N/C(/C=C2)=C(\C2=CC=C1[N-]2)C1=[N+](CC)C=CN1CC)C1=[N+](CC)C=CN1CC)\C1=[N+](CC)C=CN1CC,XMYHQLIAYLLEKT-UHFFFAOYSA-I,C=C(C)CN(C)c1nnc(-c2c(OC)cccc2OC)n1CCCOCC,ZINC15 : ZINC000417489336,espsim_shape,0.12658227848101267,zinc15
[Cl-].[Cl-].[Cl-].[Cl-].[Cl-].[Mn+3].CCN1C=C[N+](CC)=C1\C1=C2/C=CC(=N2)\C(=C2/[N-]\C(\C=C2)=C(/C2=N/C(/C=C2)=C(\C2=CC=C1[N-]2)C1=[N+](CC)C=CN1CC)C1=[N+](CC)C=CN1CC)\C1=[N+](CC)C=CN1CC,XMYHQLIAYLLEKT-UHFFFAOYSA-I,CCc1cccc(CC)c1-n1c(SCC(=O)COC)nnc1-c1cccnc1,ZINC15 : ZINC000475954837,espsim_shape,0.12658227848101267,zinc15
[Cl-].[Cl-].[Cl-].[Cl-].[Cl-].[Mn+3].CCN1C=C[N+](CC)=C1\C1=C2/C=CC(=N2)\C(=C2/[N-]\C(\C=C2)=C(/C2=N/C(/C=C2)=C(\C2=CC=C1[N-]2)C1=[N+](CC)C=CN1CC)C1=[N+](CC)C=CN1CC)\C1=[N+](CC)C=CN1CC,XMYHQLIAYLLEKT-UHFFFAOYSA-I,CCC1(CO)CN(C(=O)C=CC2=CN(C3=CC=CC=C3)N=C2C2=CC=CC=C2)C1,ENAMINE-REAL : Z2350551271,espsim_shape,0.12658227848101267,enamine-real
[Cl-].[Cl-].[Cl-].[Cl-].[Cl-].[Mn+3].CCN1C=C[N+](CC)=C1\C1=C2/C=CC(=N2)\C(=C2/[N-]\C(\C=C2)=C(/C2=N/C(/C=C2)=C(\C2=CC=C1[N-]2)C1=[N+](CC)C=CN1CC)C1=[N+](CC)C=CN1CC)\C1=[N+](CC)C=CN1CC,XMYHQLIAYLLEKT-UHFFFAOYSA-I,CCc1cccc(CC)c1-n1c(S[C@@H](CC)C(N)=O)nnc1-c1cccnc1,ZINC15 : ZINC000072086576,espsim_shape,0.12658227848101267,zinc15
[Cl-].[Cl-].[Cl-].[Cl-].[Cl-].[Mn+3].CCN1C=C[N+](CC)=C1\C1=C2/C=CC(=N2)\C(=C2/[N-]\C(\C=C2)=C(/C2=N/C(/C=C2)=C(\C2=CC=C1[N-]2)C1=[N+](CC)C=CN1CC)C1=[N+](CC)C=CN1CC)\C1=[N+](CC)C=CN1CC,XMYHQLIAYLLEKT-UHFFFAOYSA-I,CCc1cccc(CC)c1-n1c(S[C@H](CC)C(N)=O)nnc1-c1cccnc1,ZINC15 : ZINC000072086577,espsim_shape,0.12658227848101267,zinc15
[Cl-].[Cl-].[Cl-].[Cl-].[Cl-].[Mn+3].CCN1C=C[N+](CC)=C1\C1=C2/C=CC(=N2)\C(=C2/[N-]\C(\C=C2)=C(/C2=N/C(/C=C2)=C(\C2=CC=C1[N-]2)C1=[N+](CC)C=CN1CC)C1=[N+](CC)C=CN1CC)\C1=[N+](CC)C=CN1CC,XMYHQLIAYLLEKT-UHFFFAOYSA-I,CCc1cccc(CC)c1-n1c(SCC(=O)N(C)CC)nnc1-c1cccnc1,ZINC15 : ZINC000510236839,espsim_shape,0.125,zinc15
[Cl-].[Cl-].[Cl-].[Cl-].[Cl-].[Mn+3].CCN1C=C[N+](CC)=C1\C1=C2/C=CC(=N2)\C(=C2/[N-]\C(\C=C2)=C(/C2=N/C(/C=C2)=C(\C2=CC=C1[N-]2)C1=[N+](CC)C=CN1CC)C1=[N+](CC)C=CN1CC)\C1=[N+](CC)C=CN1CC,XMYHQLIAYLLEKT-UHFFFAOYSA-I,CCN(C(=O)C=C(C)C1=CC=C([N+](=O)[O-])C=C1)C(C1=CC=CN=C1)C(C)C,ENAMINE-REAL : Z1651466914,espsim_shape,0.12345679012345678,enamine-real
[Cl-].[Cl-].[Cl-].[Cl-].[Cl-].[Mn+3].CCN1C=C[N+](CC)=C1\C1=C2/C=CC(=N2)\C(=C2/[N-]\C(\C=C2)=C(/C2=N/C(/C=C2)=C(\C2=CC=C1[N-]2)C1=[N+](CC)C=CN1CC)C1=[N+](CC)C=CN1CC)\C1=[N+](CC)C=CN1CC,XMYHQLIAYLLEKT-UHFFFAOYSA-I,CCc1cccc(CC)c1S(=O)(=O)[N-]c1cc(C(C)C)nn1-c1ncccn1,ZINC15 : ZINC000606145083,espsim_shape,0.1232876712328767,zinc15
[Cl-].[Cl-].[Cl-].[Cl-].[Cl-].[Mn+3].CCN1C=C[N+](CC)=C1\C1=C2/C=CC(=N2)\C(=C2/[N-]\C(\C=C2)=C(/C2=N/C(/C=C2)=C(\C2=CC=C1[N-]2)C1=[N+](CC)C=CN1CC)C1=[N+](CC)C=CN1CC)\C1=[N+](CC)C=CN1CC,XMYHQLIAYLLEKT-UHFFFAOYSA-I,Cc1ccc(-n2[n-]c(-c3ccccc3)c(Cc3c(=O)n(-c4ccc(C)cc4)[n-]c3-c3ccccc3)c2=O)cc1,ZINC15 : ZINC000002779929,espsim_shape,0.12307692307692308,zinc15
[Cl-].[Cl-].[Cl-].[Cl-].[Cl-].[Mn+3].CCN1C=C[N+](CC)=C1\C1=C2/C=CC(=N2)\C(=C2/[N-]\C(\C=C2)=C(/C2=N/C(/C=C2)=C(\C2=CC=C1[N-]2)C1=[N+](CC)C=CN1CC)C1=[N+](CC)C=CN1CC)\C1=[N+](CC)C=CN1CC,XMYHQLIAYLLEKT-UHFFFAOYSA-I,CCc1cccc(CC)c1-n1c(SCCCC(=O)N(C)C)nnc1-c1cccnc1,ZINC15 : ZINC000478514731,espsim_shape,0.12195121951219512,zinc15
[Cl-].[Cl-].[Cl-].[Cl-].[Cl-].[Mn+3].CCN1C=C[N+](CC)=C1\C1=C2/C=CC(=N2)\C(=C2/[N-]\C(\C=C2)=C(/C2=N/C(/C=C2)=C(\C2=CC=C1[N-]2)C1=[N+](CC)C=CN1CC)C1=[N+](CC)C=CN1CC)\C1=[N+](CC)C=CN1CC,XMYHQLIAYLLEKT-UHFFFAOYSA-I,CCCc1ccc(-c2c3c(c(-c4ccccc4)n2-c2cccc4ccccc42)C(=O)c2ccccc2C3=O)cc1,ZINC15 : ZINC000027522744,espsim_shape,0.12162162162162163,zinc15
[Cl-].[Cl-].[Cl-].[Cl-].[Cl-].[Mn+3].CCN1C=C[N+](CC)=C1\C1=C2/C=CC(=N2)\C(=C2/[N-]\C(\C=C2)=C(/C2=N/C(/C=C2)=C(\C2=CC=C1[N-]2)C1=[N+](CC)C=CN1CC)C1=[N+](CC)C=CN1CC)\C1=[N+](CC)C=CN1CC,XMYHQLIAYLLEKT-UHFFFAOYSA-I,CCOC(=O)c1c(NC(=O)CSc2nnc(-c3ccc(Cl)cc3Cl)n2-c2c(CC)cccc2CC)sc(C)c1-c1ccc(C)cc1,ZINC15 : ZINC000150390778,espsim_shape,0.12121212121212122,zinc15
[Cl-].[Cl-].[Cl-].[Cl-].[Cl-].[Mn+3].CCN1C=C[N+](CC)=C1\C1=C2/C=CC(=N2)\C(=C2/[N-]\C(\C=C2)=C(/C2=N/C(/C=C2)=C(\C2=CC=C1[N-]2)C1=[N+](CC)C=CN1CC)C1=[N+](CC)C=CN1CC)\C1=[N+](CC)C=CN1CC,XMYHQLIAYLLEKT-UHFFFAOYSA-I,CCc1cccc(CC)c1-n1c(SCCN2CCCC2=O)nnc1-c1cccnc1,ZINC15 : ZINC000509632974,espsim_shape,0.12048192771084337,zinc15
[Cl-].[Cl-].[Cl-].[Cl-].[Cl-].[Mn+3].CCN1C=C[N+](CC)=C1\C1=C2/C=CC(=N2)\C(=C2/[N-]\C(\C=C2)=C(/C2=N/C(/C=C2)=C(\C2=CC=C1[N-]2)C1=[N+](CC)C=CN1CC)C1=[N+](CC)C=CN1CC)\C1=[N+](CC)C=CN1CC,XMYHQLIAYLLEKT-UHFFFAOYSA-I,CCc1cccc(CC)c1-n1c(SCCOCCC#N)nnc1-c1cccnc1,ZINC15 : ZINC000558808312,espsim_shape,0.12048192771084337,zinc15
[Cl-].[Cl-].[Cl-].[Cl-].[Cl-].[Mn+3].CCN1C=C[N+](CC)=C1\C1=C2/C=CC(=N2)\C(=C2/[N-]\C(\C=C2)=C(/C2=N/C(/C=C2)=C(\C2=CC=C1[N-]2)C1=[N+](CC)C=CN1CC)C1=[N+](CC)C=CN1CC)\C1=[N+](CC)C=CN1CC,XMYHQLIAYLLEKT-UHFFFAOYSA-I,Cc1cccc(C)c1-n1c(C)nc2nc(N3c4ccccc4C[C@H]3C)[n-]c(=O)c2c1=S,ZINC15 : ZINC000040386930,espsim_shape,0.12048192771084337,zinc15
[Cl-].[Cl-].[Cl-].[Cl-].[Cl-].[Mn+3].CCN1C=C[N+](CC)=C1\C1=C2/C=CC(=N2)\C(=C2/[N-]\C(\C=C2)=C(/C2=N/C(/C=C2)=C(\C2=CC=C1[N-]2)C1=[N+](CC)C=CN1CC)C1=[N+](CC)C=CN1CC)\C1=[N+](CC)C=CN1CC,XMYHQLIAYLLEKT-UHFFFAOYSA-I,Cc1cccc(C)c1-n1c(C)nc2nc(N3c4ccccc4C[C@@H]3C)[n-]c(=O)c2c1=S,ZINC15 : ZINC000040386928,espsim_shape,0.12048192771084337,zinc15
[Cl-].[Cl-].[Cl-].[Cl-].[Cl-].[Mn+3].CCN1C=C[N+](CC)=C1\C1=C2/C=CC(=N2)\C(=C2/[N-]\C(\C=C2)=C(/C2=N/C(/C=C2)=C(\C2=CC=C1[N-]2)C1=[N+](CC)C=CN1CC)C1=[N+](CC)C=CN1CC)\C1=[N+](CC)C=CN1CC,XMYHQLIAYLLEKT-UHFFFAOYSA-I,C=C(C)CN(CC)c1nnc(-c2nn(CC)c(=O)c3ccccc32)n1C[C@H](C)N1CCOCC1,ZINC15 : ZINC001286572906,espsim_shape,0.11956521739130435,zinc15
[Cl-].[Cl-].[Cl-].[Cl-].[Cl-].[Mn+3].CCN1C=C[N+](CC)=C1\C1=C2/C=CC(=N2)\C(=C2/[N-]\C(\C=C2)=C(/C2=N/C(/C=C2)=C(\C2=CC=C1[N-]2)C1=[N+](CC)C=CN1CC)C1=[N+](CC)C=CN1CC)\C1=[N+](CC)C=CN1CC,XMYHQLIAYLLEKT-UHFFFAOYSA-I,C=C(C)CN(CC)c1nnc(-c2nn(CC)c(=O)c3ccccc32)n1C[C@@H](C)N1CCOCC1,ZINC15 : ZINC001286572909,espsim_shape,0.11956521739130435,zinc15
[Cl-].[Cl-].[Cl-].[Cl-].[Cl-].[Mn+3].CCN1C=C[N+](CC)=C1\C1=C2/C=CC(=N2)\C(=C2/[N-]\C(\C=C2)=C(/C2=N/C(/C=C2)=C(\C2=CC=C1[N-]2)C1=[N+](CC)C=CN1CC)C1=[N+](CC)C=CN1CC)\C1=[N+](CC)C=CN1CC,XMYHQLIAYLLEKT-UHFFFAOYSA-I,CCOC(=O)C1=CC=C(N2CCCN(C3=NC(C4=CC=CN=C4)=NC4=C3C(C)=C(C)S4)CC2)N=C1,ENAMINE-REAL : Z972765280,espsim_shape,0.11956521739130435,enamine-real
[Cl-].[Cl-].[Cl-].[Cl-].[Cl-].[Mn+3].CCN1C=C[N+](CC)=C1\C1=C2/C=CC(=N2)\C(=C2/[N-]\C(\C=C2)=C(/C2=N/C(/C=C2)=C(\C2=CC=C1[N-]2)C1=[N+](CC)C=CN1CC)C1=[N+](CC)C=CN1CC)\C1=[N+](CC)C=CN1CC,XMYHQLIAYLLEKT-UHFFFAOYSA-I,CCc1cccc(CC)c1-n1c(SCC(=O)[C@@H](C#N)c2nc(C)cs2)nnc1-c1cccnc1,ZINC15 : ZINC000009634045,espsim_shape,0.11956521739130435,zinc15
[Cl-].[Cl-].[Cl-].[Cl-].[Cl-].[Mn+3].CCN1C=C[N+](CC)=C1\C1=C2/C=CC(=N2)\C(=C2/[N-]\C(\C=C2)=C(/C2=N/C(/C=C2)=C(\C2=CC=C1[N-]2)C1=[N+](CC)C=CN1CC)C1=[N+](CC)C=CN1CC)\C1=[N+](CC)C=CN1CC,XMYHQLIAYLLEKT-UHFFFAOYSA-I,CCc1cccc(CC)c1-n1c(SCC(=O)[C@H](C#N)c2nc(C)cs2)nnc1-c1cccnc1,ZINC15 : ZINC000009634046,espsim_shape,0.11956521739130435,zinc15
[Cl-].[Cl-].[Cl-].[Cl-].[Cl-].[Mn+3].CCN1C=C[N+](CC)=C1\C1=C2/C=CC(=N2)\C(=C2/[N-]\C(\C=C2)=C(/C2=N/C(/C=C2)=C(\C2=CC=C1[N-]2)C1=[N+](CC)C=CN1CC)C1=[N+](CC)C=CN1CC)\C1=[N+](CC)C=CN1CC,XMYHQLIAYLLEKT-UHFFFAOYSA-I,C#CCN(CC)c1nnc(-c2sc(-c3ccccc3)nc2C)n1Cc1c(CC)nn(C)c1OC,ZINC15 : ZINC001359001751,espsim_shape,0.11956521739130435,zinc15
[Cl-].[Cl-].[Cl-].[Cl-].[Cl-].[Mn+3].CCN1C=C[N+](CC)=C1\C1=C2/C=CC(=N2)\C(=C2/[N-]\C(\C=C2)=C(/C2=N/C(/C=C2)=C(\C2=CC=C1[N-]2)C1=[N+](CC)C=CN1CC)C1=[N+](CC)C=CN1CC)\C1=[N+](CC)C=CN1CC,XMYHQLIAYLLEKT-UHFFFAOYSA-I,CCC(=O)N1c2ccccc2-c2c(=O)[n-]c(SC)n[n+]2[C@H]1c1c(C)nn(-c2ccccc2)c1Cl,ZINC15 : ZINC000261363335,espsim_shape,0.11956521739130435,zinc15
[Cl-].[Cl-].[Cl-].[Cl-].[Cl-].[Mn+3].CCN1C=C[N+](CC)=C1\C1=C2/C=CC(=N2)\C(=C2/[N-]\C(\C=C2)=C(/C2=N/C(/C=C2)=C(\C2=CC=C1[N-]2)C1=[N+](CC)C=CN1CC)C1=[N+](CC)C=CN1CC)\C1=[N+](CC)C=CN1CC,XMYHQLIAYLLEKT-UHFFFAOYSA-I,CCC(=O)N1c2ccccc2-c2c(=O)[n-]c(SC)n[n+]2[C@@H]1c1c(C)nn(-c2ccccc2)c1Cl,ZINC15 : ZINC000261363334,espsim_shape,0.11956521739130435,zinc15
[Cl-].[Cl-].[Cl-].[Cl-].[Cl-].[Mn+3].CCN1C=C[N+](CC)=C1\C1=C2/C=CC(=N2)\C(=C2/[N-]\C(\C=C2)=C(/C2=N/C(/C=C2)=C(\C2=CC=C1[N-]2)C1=[N+](CC)C=CN1CC)C1=[N+](CC)C=CN1CC)\C1=[N+](CC)C=CN1CC,XMYHQLIAYLLEKT-UHFFFAOYSA-I,c1ccc(-c2c(-c3ccccc3)[n+](C[C@@H]3CO3)c(-c3ccccc3)n2C[C@H]2CO2)cc1,ZINC15 : ZINC000012585308,espsim_shape,0.11940298507462686,zinc15
[Cl-].[Cl-].[Cl-].[Cl-].[Cl-].[Mn+3].CCN1C=C[N+](CC)=C1\C1=C2/C=CC(=N2)\C(=C2/[N-]\C(\C=C2)=C(/C2=N/C(/C=C2)=C(\C2=CC=C1[N-]2)C1=[N+](CC)C=CN1CC)C1=[N+](CC)C=CN1CC)\C1=[N+](CC)C=CN1CC,XMYHQLIAYLLEKT-UHFFFAOYSA-I,c1ccc(-c2c(-c3ccccc3)[n+](C[C@H]3CO3)c(-c3ccccc3)n2C[C@H]2CO2)cc1,ZINC15 : ZINC000004950585,espsim_shape,0.11940298507462686,zinc15
[Cl-].[Cl-].[Cl-].[Cl-].[Cl-].[Mn+3].CCN1C=C[N+](CC)=C1\C1=C2/C=CC(=N2)\C(=C2/[N-]\C(\C=C2)=C(/C2=N/C(/C=C2)=C(\C2=CC=C1[N-]2)C1=[N+](CC)C=CN1CC)C1=[N+](CC)C=CN1CC)\C1=[N+](CC)C=CN1CC,XMYHQLIAYLLEKT-UHFFFAOYSA-I,c1ccc(-c2c(-c3ccccc3)[n+](C[C@@H]3CO3)c(-c3ccccc3)n2C[C@@H]2CO2)cc1,ZINC15 : ZINC000004950576,espsim_shape,0.11940298507462686,zinc15
[Cl-].[Cl-].[Cl-].[Cl-].[Cl-].[Mn+3].CCN1C=C[N+](CC)=C1\C1=C2/C=CC(=N2)\C(=C2/[N-]\C(\C=C2)=C(/C2=N/C(/C=C2)=C(\C2=CC=C1[N-]2)C1=[N+](CC)C=CN1CC)C1=[N+](CC)C=CN1CC)\C1=[N+](CC)C=CN1CC,XMYHQLIAYLLEKT-UHFFFAOYSA-I,Cc1ccc(-c2[n-][nH]c(=O)c2C(c2cn(-c3ccccc3)nc2-c2cccs2)c2c(=O)[nH][n-]c2-c2ccc(C)cc2)cc1,ZINC15 : ZINC000409371473,espsim_shape,0.11904761904761904,zinc15
